Region;Region COATE;rayon;rayon COATE;code of the health facility;name of the heath facility;Full name of the organization;age;male (population);female (population);total population;insured male (population);insured female (population);insured total population;male visits;female visits;total visits;insured male visits;insured female visits;status of insuarance in visits 
Баткенская обл.;4170500000000000;Баткенский р-н;41705214000000000;542101;БОЦСМ;Баткенский областной Центр семейной медицины;0;1006;960;1966;1006;960;1966;9255;8257;17512;9255;8257;17512
Баткенская обл.;4170500000000000;Баткенский р-н;41705214000000000;542101;БОЦСМ;Баткенский областной Центр семейной медицины;1;1223;1164;2387;1223;1164;2387;4117;3346;7463;4117;3346;7463
Баткенская обл.;4170500000000000;Баткенский р-н;41705214000000000;542101;БОЦСМ;Баткенский областной Центр семейной медицины;2;1280;1260;2540;1280;1260;2540;2526;2227;4753;2526;2227;4753
Баткенская обл.;4170500000000000;Баткенский р-н;41705214000000000;542101;БОЦСМ;Баткенский областной Центр семейной медицины;3;1284;1280;2564;1284;1280;2564;1446;1182;2628;1446;1182;2628
Баткенская обл.;4170500000000000;Баткенский р-н;41705214000000000;542101;БОЦСМ;Баткенский областной Центр семейной медицины;4;1191;1289;2480;1191;1289;2480;1326;1109;2435;1326;1109;2435
Баткенская обл.;4170500000000000;Баткенский р-н;41705214000000000;542101;БОЦСМ;Баткенский областной Центр семейной медицины;5;1248;1286;2534;1248;1286;2534;1495;1175;2670;1495;1175;2670
Баткенская обл.;4170500000000000;Баткенский р-н;41705214000000000;542101;БОЦСМ;Баткенский областной Центр семейной медицины;6;1295;1494;2789;1295;1494;2789;1497;1299;2796;1497;1299;2796
Баткенская обл.;4170500000000000;Баткенский р-н;41705214000000000;542101;БОЦСМ;Баткенский областной Центр семейной медицины;7;1186;1390;2576;1186;1390;2576;743;616;1359;743;616;1359
Баткенская обл.;4170500000000000;Баткенский р-н;41705214000000000;542101;БОЦСМ;Баткенский областной Центр семейной медицины;8;1261;1453;2714;1261;1453;2714;604;626;1230;604;626;1230
Баткенская обл.;4170500000000000;Баткенский р-н;41705214000000000;542101;БОЦСМ;Баткенский областной Центр семейной медицины;9;1200;1434;2634;1200;1434;2634;572;476;1048;572;476;1048
Баткенская обл.;4170500000000000;Баткенский р-н;41705214000000000;542101;БОЦСМ;Баткенский областной Центр семейной медицины;10;1144;1590;2734;1144;1590;2734;616;671;1287;616;671;1287
Баткенская обл.;4170500000000000;Баткенский р-н;41705214000000000;542101;БОЦСМ;Баткенский областной Центр семейной медицины;11;1127;1417;2544;1127;1417;2544;678;974;1652;678;974;1652
Баткенская обл.;4170500000000000;Баткенский р-н;41705214000000000;542101;БОЦСМ;Баткенский областной Центр семейной медицины;12;1002;1401;2403;1002;1401;2403;367;416;783;367;416;783
Баткенская обл.;4170500000000000;Баткенский р-н;41705214000000000;542101;БОЦСМ;Баткенский областной Центр семейной медицины;13;1015;1360;2375;1015;1360;2375;457;429;886;457;429;886
Баткенская обл.;4170500000000000;Баткенский р-н;41705214000000000;542101;БОЦСМ;Баткенский областной Центр семейной медицины;14;979;1308;2287;979;1308;2287;462;472;934;462;472;934
Баткенская обл.;4170500000000000;Баткенский р-н;41705214000000000;542101;БОЦСМ;Баткенский областной Центр семейной медицины;15;936;1103;2039;936;1103;2039;915;653;1568;915;653;1568
Баткенская обл.;4170500000000000;Баткенский р-н;41705214000000000;542101;БОЦСМ;Баткенский областной Центр семейной медицины;16;827;941;1768;827;941;1768;1038;896;1934;1001;852;1853
Баткенская обл.;4170500000000000;Баткенский р-н;41705214000000000;542101;БОЦСМ;Баткенский областной Центр семейной медицины;17;820;945;1765;781;896;1677;1284;1156;2440;1132;991;2123
Баткенская обл.;4170500000000000;Баткенский р-н;41705214000000000;542101;БОЦСМ;Баткенский областной Центр семейной медицины;18;673;808;1481;616;738;1354;967;1071;2038;704;813;1517
Баткенская обл.;4170500000000000;Баткенский р-н;41705214000000000;542101;БОЦСМ;Баткенский областной Центр семейной медицины;19;643;660;1303;259;338;597;767;882;1649;128;285;413
Баткенская обл.;4170500000000000;Баткенский р-н;41705214000000000;542101;БОЦСМ;Баткенский областной Центр семейной медицины;20;673;577;1250;21;78;99;712;923;1635;30;254;284
Баткенская обл.;4170500000000000;Баткенский р-н;41705214000000000;542101;БОЦСМ;Баткенский областной Центр семейной медицины;21;632;566;1198;26;78;104;632;962;1594;13;247;260
Баткенская обл.;4170500000000000;Баткенский р-н;41705214000000000;542101;БОЦСМ;Баткенский областной Центр семейной медицины;22;659;557;1216;62;128;190;684;1355;2039;93;454;547
Баткенская обл.;4170500000000000;Баткенский р-н;41705214000000000;542101;БОЦСМ;Баткенский областной Центр семейной медицины;23;653;666;1319;59;261;320;566;1244;1810;45;512;557
Баткенская обл.;4170500000000000;Баткенский р-н;41705214000000000;542101;БОЦСМ;Баткенский областной Центр семейной медицины;24;629;594;1223;65;223;288;601;1439;2040;58;613;671
Баткенская обл.;4170500000000000;Баткенский р-н;41705214000000000;542101;БОЦСМ;Баткенский областной Центр семейной медицины;25;793;668;1461;112;246;358;632;1628;2260;100;749;849
Баткенская обл.;4170500000000000;Баткенский р-н;41705214000000000;542101;БОЦСМ;Баткенский областной Центр семейной медицины;26;736;682;1418;98;254;352;637;1472;2109;118;717;835
Баткенская обл.;4170500000000000;Баткенский р-н;41705214000000000;542101;БОЦСМ;Баткенский областной Центр семейной медицины;27;751;624;1375;103;287;390;567;1363;1930;148;776;924
Баткенская обл.;4170500000000000;Баткенский р-н;41705214000000000;542101;БОЦСМ;Баткенский областной Центр семейной медицины;28;748;683;1431;146;325;471;665;1520;2185;171;883;1054
Баткенская обл.;4170500000000000;Баткенский р-н;41705214000000000;542101;БОЦСМ;Баткенский областной Центр семейной медицины;29;751;669;1420;200;369;569;677;1452;2129;244;965;1209
Баткенская обл.;4170500000000000;Баткенский р-н;41705214000000000;542101;БОЦСМ;Баткенский областной Центр семейной медицины;30;768;754;1522;327;444;771;510;1529;2039;291;1079;1370
Баткенская обл.;4170500000000000;Баткенский р-н;41705214000000000;542101;БОЦСМ;Баткенский областной Центр семейной медицины;31;735;730;1465;324;483;807;618;1467;2085;296;1072;1368
Баткенская обл.;4170500000000000;Баткенский р-н;41705214000000000;542101;БОЦСМ;Баткенский областной Центр семейной медицины;32;706;689;1395;329;445;774;467;1302;1769;222;942;1164
Баткенская обл.;4170500000000000;Баткенский р-н;41705214000000000;542101;БОЦСМ;Баткенский областной Центр семейной медицины;33;746;707;1453;332;440;772;551;1356;1907;293;1062;1355
Баткенская обл.;4170500000000000;Баткенский р-н;41705214000000000;542101;БОЦСМ;Баткенский областной Центр семейной медицины;34;776;720;1496;374;463;837;625;1290;1915;337;979;1316
Баткенская обл.;4170500000000000;Баткенский р-н;41705214000000000;542101;БОЦСМ;Баткенский областной Центр семейной медицины;35;707;685;1392;342;455;797;487;1269;1756;227;961;1188
Баткенская обл.;4170500000000000;Баткенский р-н;41705214000000000;542101;БОЦСМ;Баткенский областной Центр семейной медицины;36;619;662;1281;288;454;742;584;1336;1920;326;993;1319
Баткенская обл.;4170500000000000;Баткенский р-н;41705214000000000;542101;БОЦСМ;Баткенский областной Центр семейной медицины;37;641;708;1349;329;501;830;435;1261;1696;250;1044;1294
Баткенская обл.;4170500000000000;Баткенский р-н;41705214000000000;542101;БОЦСМ;Баткенский областной Центр семейной медицины;38;638;624;1262;320;416;736;497;1000;1497;267;747;1014
Баткенская обл.;4170500000000000;Баткенский р-н;41705214000000000;542101;БОЦСМ;Баткенский областной Центр семейной медицины;39;632;617;1249;293;417;710;444;868;1312;203;654;857
Баткенская обл.;4170500000000000;Баткенский р-н;41705214000000000;542101;БОЦСМ;Баткенский областной Центр семейной медицины;40;587;610;1197;282;423;705;428;903;1331;229;683;912
Баткенская обл.;4170500000000000;Баткенский р-н;41705214000000000;542101;БОЦСМ;Баткенский областной Центр семейной медицины;41;542;579;1121;267;378;645;342;720;1062;187;527;714
Баткенская обл.;4170500000000000;Баткенский р-н;41705214000000000;542101;БОЦСМ;Баткенский областной Центр семейной медицины;42;520;537;1057;247;375;622;379;658;1037;210;504;714
Баткенская обл.;4170500000000000;Баткенский р-н;41705214000000000;542101;БОЦСМ;Баткенский областной Центр семейной медицины;43;519;501;1020;246;310;556;433;528;961;239;379;618
Баткенская обл.;4170500000000000;Баткенский р-н;41705214000000000;542101;БОЦСМ;Баткенский областной Центр семейной медицины;44;437;477;914;192;295;487;399;557;956;200;399;599
Баткенская обл.;4170500000000000;Баткенский р-н;41705214000000000;542101;БОЦСМ;Баткенский областной Центр семейной медицины;45;447;473;920;187;282;469;358;547;905;167;399;566
Баткенская обл.;4170500000000000;Баткенский р-н;41705214000000000;542101;БОЦСМ;Баткенский областной Центр семейной медицины;46;406;430;836;174;228;402;325;537;862;154;358;512
Баткенская обл.;4170500000000000;Баткенский р-н;41705214000000000;542101;БОЦСМ;Баткенский областной Центр семейной медицины;47;398;385;783;170;208;378;291;388;679;144;260;404
Баткенская обл.;4170500000000000;Баткенский р-н;41705214000000000;542101;БОЦСМ;Баткенский областной Центр семейной медицины;48;427;426;853;167;232;399;274;425;699;119;270;389
Баткенская обл.;4170500000000000;Баткенский р-н;41705214000000000;542101;БОЦСМ;Баткенский областной Центр семейной медицины;49;378;386;764;170;187;357;329;442;771;153;279;432
Баткенская обл.;4170500000000000;Баткенский р-н;41705214000000000;542101;БОЦСМ;Баткенский областной Центр семейной медицины;50;346;372;718;137;198;335;329;510;839;159;325;484
Баткенская обл.;4170500000000000;Баткенский р-н;41705214000000000;542101;БОЦСМ;Баткенский областной Центр семейной медицины;51;389;421;810;159;211;370;264;491;755;152;313;465
Баткенская обл.;4170500000000000;Баткенский р-н;41705214000000000;542101;БОЦСМ;Баткенский областной Центр семейной медицины;52;326;345;671;135;199;334;355;398;753;224;242;466
Баткенская обл.;4170500000000000;Баткенский р-н;41705214000000000;542101;БОЦСМ;Баткенский областной Центр семейной медицины;53;381;399;780;163;190;353;347;507;854;188;300;488
Баткенская обл.;4170500000000000;Баткенский р-н;41705214000000000;542101;БОЦСМ;Баткенский областной Центр семейной медицины;54;323;342;665;153;207;360;285;515;800;158;374;532
Баткенская обл.;4170500000000000;Баткенский р-н;41705214000000000;542101;БОЦСМ;Баткенский областной Центр семейной медицины;55;361;394;755;178;217;395;395;574;969;262;390;652
Баткенская обл.;4170500000000000;Баткенский р-н;41705214000000000;542101;БОЦСМ;Баткенский областной Центр семейной медицины;56;334;340;674;176;204;380;335;481;816;247;305;552
Баткенская обл.;4170500000000000;Баткенский р-н;41705214000000000;542101;БОЦСМ;Баткенский областной Центр семейной медицины;57;307;321;628;174;180;354;343;421;764;250;285;535
Баткенская обл.;4170500000000000;Баткенский р-н;41705214000000000;542101;БОЦСМ;Баткенский областной Центр семейной медицины;58;290;359;649;172;232;404;341;532;873;247;396;643
Баткенская обл.;4170500000000000;Баткенский р-н;41705214000000000;542101;БОЦСМ;Баткенский областной Центр семейной медицины;59;294;345;639;181;246;427;333;505;838;256;374;630
Баткенская обл.;4170500000000000;Баткенский р-н;41705214000000000;542101;БОЦСМ;Баткенский областной Центр семейной медицины;60;307;336;643;190;270;460;437;519;956;318;424;742
Баткенская обл.;4170500000000000;Баткенский р-н;41705214000000000;542101;БОЦСМ;Баткенский областной Центр семейной медицины;61;266;316;582;179;271;450;312;523;835;264;467;731
Баткенская обл.;4170500000000000;Баткенский р-н;41705214000000000;542101;БОЦСМ;Баткенский областной Центр семейной медицины;62;244;346;590;178;285;463;382;539;921;299;452;751
Баткенская обл.;4170500000000000;Баткенский р-н;41705214000000000;542101;БОЦСМ;Баткенский областной Центр семейной медицины;63;281;317;598;199;275;474;393;497;890;292;399;691
Баткенская обл.;4170500000000000;Баткенский р-н;41705214000000000;542101;БОЦСМ;Баткенский областной Центр семейной медицины;64;254;286;540;178;257;435;272;530;802;196;499;695
Баткенская обл.;4170500000000000;Баткенский р-н;41705214000000000;542101;БОЦСМ;Баткенский областной Центр семейной медицины;65;215;279;494;166;262;428;307;480;787;252;433;685
Баткенская обл.;4170500000000000;Баткенский р-н;41705214000000000;542101;БОЦСМ;Баткенский областной Центр семейной медицины;66;204;278;482;165;259;424;275;458;733;225;415;640
Баткенская обл.;4170500000000000;Баткенский р-н;41705214000000000;542101;БОЦСМ;Баткенский областной Центр семейной медицины;67;168;239;407;158;226;384;281;364;645;264;352;616
Баткенская обл.;4170500000000000;Баткенский р-н;41705214000000000;542101;БОЦСМ;Баткенский областной Центр семейной медицины;68;166;187;353;159;176;335;309;367;676;299;346;645
Баткенская обл.;4170500000000000;Баткенский р-н;41705214000000000;542101;БОЦСМ;Баткенский областной Центр семейной медицины;69;132;206;338;122;192;314;200;349;549;185;327;512
Баткенская обл.;4170500000000000;Баткенский р-н;41705214000000000;542101;БОЦСМ;Баткенский областной Центр семейной медицины;70;119;182;301;115;171;286;182;352;534;180;336;516
Баткенская обл.;4170500000000000;Баткенский р-н;41705214000000000;542101;БОЦСМ;Баткенский областной Центр семейной медицины;71;99;144;243;94;138;232;154;251;405;145;240;385
Баткенская обл.;4170500000000000;Баткенский р-н;41705214000000000;542101;БОЦСМ;Баткенский областной Центр семейной медицины;72;112;167;279;104;163;267;159;275;434;156;270;426
Баткенская обл.;4170500000000000;Баткенский р-н;41705214000000000;542101;БОЦСМ;Баткенский областной Центр семейной медицины;73;89;112;201;87;107;194;175;191;366;162;172;334
Баткенская обл.;4170500000000000;Баткенский р-н;41705214000000000;542101;БОЦСМ;Баткенский областной Центр семейной медицины;74;92;131;223;85;121;206;139;169;308;124;162;286
Баткенская обл.;4170500000000000;Баткенский р-н;41705214000000000;542101;БОЦСМ;Баткенский областной Центр семейной медицины;75;74;113;187;71;109;180;131;168;299;126;146;272
Баткенская обл.;4170500000000000;Баткенский р-н;41705214000000000;542101;БОЦСМ;Баткенский областной Центр семейной медицины;76;73;82;155;71;74;145;113;189;302;113;160;273
Баткенская обл.;4170500000000000;Баткенский р-н;41705214000000000;542101;БОЦСМ;Баткенский областной Центр семейной медицины;77;38;62;100;37;59;96;52;107;159;50;102;152
Баткенская обл.;4170500000000000;Баткенский р-н;41705214000000000;542101;БОЦСМ;Баткенский областной Центр семейной медицины;78;23;46;69;20;45;65;31;73;104;30;69;99
Баткенская обл.;4170500000000000;Баткенский р-н;41705214000000000;542101;БОЦСМ;Баткенский областной Центр семейной медицины;79;20;35;55;20;34;54;11;45;56;11;41;52
Баткенская обл.;4170500000000000;Баткенский р-н;41705214000000000;542101;БОЦСМ;Баткенский областной Центр семейной медицины;80;13;35;48;12;33;45;14;33;47;9;33;42
Баткенская обл.;4170500000000000;Баткенский р-н;41705214000000000;542101;БОЦСМ;Баткенский областной Центр семейной медицины;81;14;31;45;12;31;43;25;35;60;23;31;54
Баткенская обл.;4170500000000000;Баткенский р-н;41705214000000000;542101;БОЦСМ;Баткенский областной Центр семейной медицины;82;23;26;49;22;24;46;47;33;80;37;29;66
Баткенская обл.;4170500000000000;Баткенский р-н;41705214000000000;542101;БОЦСМ;Баткенский областной Центр семейной медицины;83;20;26;46;17;24;41;27;47;74;26;45;71
Баткенская обл.;4170500000000000;Баткенский р-н;41705214000000000;542101;БОЦСМ;Баткенский областной Центр семейной медицины;84;30;46;76;29;45;74;49;33;82;47;27;74
Баткенская обл.;4170500000000000;Баткенский р-н;41705214000000000;542101;БОЦСМ;Баткенский областной Центр семейной медицины;85;21;31;52;18;27;45;38;25;63;32;20;52
Баткенская обл.;4170500000000000;Баткенский р-н;41705214000000000;542101;БОЦСМ;Баткенский областной Центр семейной медицины;86;19;30;49;17;29;46;26;20;46;21;14;35
Баткенская обл.;4170500000000000;Баткенский р-н;41705214000000000;542101;БОЦСМ;Баткенский областной Центр семейной медицины;87;15;29;44;13;27;40;9;20;29;6;19;25
Баткенская обл.;4170500000000000;Баткенский р-н;41705214000000000;542101;БОЦСМ;Баткенский областной Центр семейной медицины;88;13;23;36;12;23;35;2;30;32;2;30;32
Баткенская обл.;4170500000000000;Баткенский р-н;41705214000000000;542101;БОЦСМ;Баткенский областной Центр семейной медицины;89;16;19;35;15;18;33;16;12;28;14;12;26
Баткенская обл.;4170500000000000;Баткенский р-н;41705214000000000;542101;БОЦСМ;Баткенский областной Центр семейной медицины;90;12;11;23;12;10;22;10;2;12;10;2;12
Баткенская обл.;4170500000000000;Баткенский р-н;41705214000000000;542101;БОЦСМ;Баткенский областной Центр семейной медицины;91;8;12;20;7;12;19;9;12;21;7;10;17
Баткенская обл.;4170500000000000;Баткенский р-н;41705214000000000;542101;БОЦСМ;Баткенский областной Центр семейной медицины;92;10;14;24;9;11;20;13;2;15;8;1;9
Баткенская обл.;4170500000000000;Баткенский р-н;41705214000000000;542101;БОЦСМ;Баткенский областной Центр семейной медицины;93;5;7;12;5;6;11;10;6;16;10;4;14
Баткенская обл.;4170500000000000;Баткенский р-н;41705214000000000;542101;БОЦСМ;Баткенский областной Центр семейной медицины;94;13;14;27;10;13;23;6;0;6;6;0;6
Баткенская обл.;4170500000000000;Баткенский р-н;41705214000000000;542101;БОЦСМ;Баткенский областной Центр семейной медицины;96;2;6;8;2;6;8;3;1;4;3;1;4
Баткенская обл.;4170500000000000;Баткенский р-н;41705214000000000;542101;БОЦСМ;Баткенский областной Центр семейной медицины;97;2;3;5;2;3;5;2;0;2;2;0;2
Бишкек г.;4171100000000000;Первомайский р-н;41711203000000000;102163;ГЛППС;Городская лечебно-профилактическая поликлиника студентов;3;0;1;1;0;1;1;0;10;10;0;10;10
Бишкек г.;4171100000000000;Первомайский р-н;41711203000000000;102163;ГЛППС;Городская лечебно-профилактическая поликлиника студентов;12;0;1;1;0;1;1;0;1;1;0;1;1
Бишкек г.;4171100000000000;Первомайский р-н;41711203000000000;102163;ГЛППС;Городская лечебно-профилактическая поликлиника студентов;14;0;1;1;0;1;1;2;0;2;2;0;2
Бишкек г.;4171100000000000;Первомайский р-н;41711203000000000;102163;ГЛППС;Городская лечебно-профилактическая поликлиника студентов;15;2;1;3;2;1;3;61;83;144;61;83;144
Бишкек г.;4171100000000000;Первомайский р-н;41711203000000000;102163;ГЛППС;Городская лечебно-профилактическая поликлиника студентов;16;59;69;128;59;69;128;526;573;1099;446;521;967
Бишкек г.;4171100000000000;Первомайский р-н;41711203000000000;102163;ГЛППС;Городская лечебно-профилактическая поликлиника студентов;17;313;315;628;300;293;593;1228;1301;2529;1009;1023;2032
Бишкек г.;4171100000000000;Первомайский р-н;41711203000000000;102163;ГЛППС;Городская лечебно-профилактическая поликлиника студентов;18;528;670;1198;446;544;990;1575;3117;4692;937;1552;2489
Бишкек г.;4171100000000000;Первомайский р-н;41711203000000000;102163;ГЛППС;Городская лечебно-профилактическая поликлиника студентов;19;756;1367;2123;181;373;554;1520;3648;5168;238;625;863
Бишкек г.;4171100000000000;Первомайский р-н;41711203000000000;102163;ГЛППС;Городская лечебно-профилактическая поликлиника студентов;20;801;1615;2416;81;151;232;1034;3187;4221;116;347;463
Бишкек г.;4171100000000000;Первомайский р-н;41711203000000000;102163;ГЛППС;Городская лечебно-профилактическая поликлиника студентов;21;459;927;1386;47;88;135;643;1907;2550;116;225;341
Бишкек г.;4171100000000000;Первомайский р-н;41711203000000000;102163;ГЛППС;Городская лечебно-профилактическая поликлиника студентов;22;296;596;892;35;80;115;343;1185;1528;69;193;262
Бишкек г.;4171100000000000;Первомайский р-н;41711203000000000;102163;ГЛППС;Городская лечебно-профилактическая поликлиника студентов;23;219;383;602;37;57;94;253;587;840;48;69;117
Бишкек г.;4171100000000000;Первомайский р-н;41711203000000000;102163;ГЛППС;Городская лечебно-профилактическая поликлиника студентов;24;141;200;341;20;36;56;159;393;552;45;109;154
Бишкек г.;4171100000000000;Первомайский р-н;41711203000000000;102163;ГЛППС;Городская лечебно-профилактическая поликлиника студентов;25;74;129;203;8;32;40;52;184;236;7;48;55
Бишкек г.;4171100000000000;Первомайский р-н;41711203000000000;102163;ГЛППС;Городская лечебно-профилактическая поликлиника студентов;26;42;70;112;10;21;31;23;63;86;6;19;25
Бишкек г.;4171100000000000;Первомайский р-н;41711203000000000;102163;ГЛППС;Городская лечебно-профилактическая поликлиника студентов;27;25;38;63;9;17;26;35;90;125;26;45;71
Бишкек г.;4171100000000000;Первомайский р-н;41711203000000000;102163;ГЛППС;Городская лечебно-профилактическая поликлиника студентов;28;12;17;29;5;9;14;21;63;84;19;45;64
Бишкек г.;4171100000000000;Первомайский р-н;41711203000000000;102163;ГЛППС;Городская лечебно-профилактическая поликлиника студентов;29;11;17;28;7;7;14;5;57;62;5;21;26
Бишкек г.;4171100000000000;Первомайский р-н;41711203000000000;102163;ГЛППС;Городская лечебно-профилактическая поликлиника студентов;30;6;19;25;3;9;12;1;82;83;1;35;36
Бишкек г.;4171100000000000;Первомайский р-н;41711203000000000;102163;ГЛППС;Городская лечебно-профилактическая поликлиника студентов;31;6;15;21;4;6;10;14;33;47;11;20;31
Бишкек г.;4171100000000000;Первомайский р-н;41711203000000000;102163;ГЛППС;Городская лечебно-профилактическая поликлиника студентов;32;5;8;13;2;5;7;8;15;23;6;12;18
Бишкек г.;4171100000000000;Первомайский р-н;41711203000000000;102163;ГЛППС;Городская лечебно-профилактическая поликлиника студентов;33;6;11;17;5;8;13;5;29;34;5;23;28
Бишкек г.;4171100000000000;Первомайский р-н;41711203000000000;102163;ГЛППС;Городская лечебно-профилактическая поликлиника студентов;34;5;6;11;4;4;8;4;6;10;1;3;4
Бишкек г.;4171100000000000;Первомайский р-н;41711203000000000;102163;ГЛППС;Городская лечебно-профилактическая поликлиника студентов;35;3;7;10;2;3;5;5;19;24;1;14;15
Бишкек г.;4171100000000000;Первомайский р-н;41711203000000000;102163;ГЛППС;Городская лечебно-профилактическая поликлиника студентов;36;4;11;15;3;4;7;2;6;8;2;0;2
Бишкек г.;4171100000000000;Первомайский р-н;41711203000000000;102163;ГЛППС;Городская лечебно-профилактическая поликлиника студентов;37;5;6;11;2;2;4;4;11;15;0;2;2
Бишкек г.;4171100000000000;Первомайский р-н;41711203000000000;102163;ГЛППС;Городская лечебно-профилактическая поликлиника студентов;38;4;6;10;1;4;5;0;11;11;0;7;7
Бишкек г.;4171100000000000;Первомайский р-н;41711203000000000;102163;ГЛППС;Городская лечебно-профилактическая поликлиника студентов;39;4;6;10;1;3;4;0;4;4;0;0;0
Бишкек г.;4171100000000000;Первомайский р-н;41711203000000000;102163;ГЛППС;Городская лечебно-профилактическая поликлиника студентов;40;2;3;5;0;1;1;1;2;3;0;0;0
Бишкек г.;4171100000000000;Первомайский р-н;41711203000000000;102163;ГЛППС;Городская лечебно-профилактическая поликлиника студентов;41;3;7;10;0;4;4;3;4;7;2;4;6
Бишкек г.;4171100000000000;Первомайский р-н;41711203000000000;102163;ГЛППС;Городская лечебно-профилактическая поликлиника студентов;42;5;2;7;4;1;5;12;3;15;12;3;15
Бишкек г.;4171100000000000;Первомайский р-н;41711203000000000;102163;ГЛППС;Городская лечебно-профилактическая поликлиника студентов;43;1;1;2;1;1;2;0;11;11;0;8;8
Бишкек г.;4171100000000000;Первомайский р-н;41711203000000000;102163;ГЛППС;Городская лечебно-профилактическая поликлиника студентов;44;3;8;11;2;4;6;0;6;6;0;2;2
Бишкек г.;4171100000000000;Первомайский р-н;41711203000000000;102163;ГЛППС;Городская лечебно-профилактическая поликлиника студентов;45;1;2;3;1;2;3;0;1;1;0;1;1
Бишкек г.;4171100000000000;Первомайский р-н;41711203000000000;102163;ГЛППС;Городская лечебно-профилактическая поликлиника студентов;46;1;3;4;0;2;2;0;4;4;0;2;2
Бишкек г.;4171100000000000;Первомайский р-н;41711203000000000;102163;ГЛППС;Городская лечебно-профилактическая поликлиника студентов;47;2;1;3;2;1;3;0;2;2;0;2;2
Бишкек г.;4171100000000000;Первомайский р-н;41711203000000000;102163;ГЛППС;Городская лечебно-профилактическая поликлиника студентов;49;2;1;3;2;0;2;0;1;1;0;1;1
Бишкек г.;4171100000000000;Первомайский р-н;41711203000000000;102163;ГЛППС;Городская лечебно-профилактическая поликлиника студентов;50;2;3;5;2;3;5;0;4;4;0;4;4
Бишкек г.;4171100000000000;Первомайский р-н;41711203000000000;102163;ГЛППС;Городская лечебно-профилактическая поликлиника студентов;51;0;1;1;0;0;0;0;3;3;0;0;0
Бишкек г.;4171100000000000;Первомайский р-н;41711203000000000;102163;ГЛППС;Городская лечебно-профилактическая поликлиника студентов;52;1;4;5;0;2;2;0;1;1;0;0;0
Бишкек г.;4171100000000000;Первомайский р-н;41711203000000000;102163;ГЛППС;Городская лечебно-профилактическая поликлиника студентов;53;1;1;2;0;0;0;0;1;1;0;1;1
Бишкек г.;4171100000000000;Первомайский р-н;41711203000000000;102163;ГЛППС;Городская лечебно-профилактическая поликлиника студентов;54;2;2;4;1;2;3;2;2;4;2;2;4
Бишкек г.;4171100000000000;Первомайский р-н;41711203000000000;102163;ГЛППС;Городская лечебно-профилактическая поликлиника студентов;55;1;0;1;1;0;1;1;5;6;1;5;6
Бишкек г.;4171100000000000;Первомайский р-н;41711203000000000;102163;ГЛППС;Городская лечебно-профилактическая поликлиника студентов;57;0;2;2;0;2;2;0;3;3;0;3;3
Бишкек г.;4171100000000000;Первомайский р-н;41711203000000000;102163;ГЛППС;Городская лечебно-профилактическая поликлиника студентов;58;0;1;1;0;1;1;0;5;5;0;5;5
Бишкек г.;4171100000000000;Первомайский р-н;41711203000000000;102163;ГЛППС;Городская лечебно-профилактическая поликлиника студентов;59;0;1;1;0;1;1;0;2;2;0;2;2
Бишкек г.;4171100000000000;Первомайский р-н;41711203000000000;102163;ГЛППС;Городская лечебно-профилактическая поликлиника студентов;60;0;2;2;0;2;2;0;9;9;0;9;9
Бишкек г.;4171100000000000;Первомайский р-н;41711203000000000;102163;ГЛППС;Городская лечебно-профилактическая поликлиника студентов;61;0;2;2;0;1;1;0;6;6;0;6;6
Бишкек г.;4171100000000000;Первомайский р-н;41711203000000000;102163;ГЛППС;Городская лечебно-профилактическая поликлиника студентов;62;0;3;3;0;3;3;0;1;1;0;1;1
Бишкек г.;4171100000000000;Первомайский р-н;41711203000000000;102163;ГЛППС;Городская лечебно-профилактическая поликлиника студентов;75;0;0;0;0;0;0;0;6;6;0;6;6
Бишкек г.;4171100000000000;Первомайский р-н;41711203000000000;102163;ГЛППС;Городская лечебно-профилактическая поликлиника студентов;76;0;1;1;0;1;1;0;17;17;0;17;17
Бишкек г.;4171100000000000;Ленинский р-н;41711201000000000;102272;ЖД БОЛЬНИЦА;ЖЕЛЕЗНОДОРОЖНАЯ БОЛЬНИЦА;0;172;141;313;172;141;313;1275;1096;2371;1275;1096;2371
Бишкек г.;4171100000000000;Ленинский р-н;41711201000000000;102272;ЖД БОЛЬНИЦА;ЖЕЛЕЗНОДОРОЖНАЯ БОЛЬНИЦА;1;198;174;372;198;174;372;892;709;1601;892;709;1601
Бишкек г.;4171100000000000;Ленинский р-н;41711201000000000;102272;ЖД БОЛЬНИЦА;ЖЕЛЕЗНОДОРОЖНАЯ БОЛЬНИЦА;2;197;173;370;197;173;370;1083;897;1980;1083;897;1980
Бишкек г.;4171100000000000;Ленинский р-н;41711201000000000;102272;ЖД БОЛЬНИЦА;ЖЕЛЕЗНОДОРОЖНАЯ БОЛЬНИЦА;3;230;214;444;230;214;444;730;725;1455;730;725;1455
Бишкек г.;4171100000000000;Ленинский р-н;41711201000000000;102272;ЖД БОЛЬНИЦА;ЖЕЛЕЗНОДОРОЖНАЯ БОЛЬНИЦА;4;221;230;451;221;230;451;607;587;1194;607;587;1194
Бишкек г.;4171100000000000;Ленинский р-н;41711201000000000;102272;ЖД БОЛЬНИЦА;ЖЕЛЕЗНОДОРОЖНАЯ БОЛЬНИЦА;5;193;229;422;193;229;422;595;606;1201;595;606;1201
Бишкек г.;4171100000000000;Ленинский р-н;41711201000000000;102272;ЖД БОЛЬНИЦА;ЖЕЛЕЗНОДОРОЖНАЯ БОЛЬНИЦА;6;226;208;434;226;208;434;844;722;1566;844;722;1566
Бишкек г.;4171100000000000;Ленинский р-н;41711201000000000;102272;ЖД БОЛЬНИЦА;ЖЕЛЕЗНОДОРОЖНАЯ БОЛЬНИЦА;7;226;205;431;226;205;431;532;343;875;532;343;875
Бишкек г.;4171100000000000;Ленинский р-н;41711201000000000;102272;ЖД БОЛЬНИЦА;ЖЕЛЕЗНОДОРОЖНАЯ БОЛЬНИЦА;8;226;199;425;226;199;425;334;280;614;334;280;614
Бишкек г.;4171100000000000;Ленинский р-н;41711201000000000;102272;ЖД БОЛЬНИЦА;ЖЕЛЕЗНОДОРОЖНАЯ БОЛЬНИЦА;9;220;229;449;220;229;449;314;264;578;314;264;578
Бишкек г.;4171100000000000;Ленинский р-н;41711201000000000;102272;ЖД БОЛЬНИЦА;ЖЕЛЕЗНОДОРОЖНАЯ БОЛЬНИЦА;10;200;246;446;200;246;446;266;255;521;266;255;521
Бишкек г.;4171100000000000;Ленинский р-н;41711201000000000;102272;ЖД БОЛЬНИЦА;ЖЕЛЕЗНОДОРОЖНАЯ БОЛЬНИЦА;11;187;223;410;187;223;410;192;252;444;192;252;444
Бишкек г.;4171100000000000;Ленинский р-н;41711201000000000;102272;ЖД БОЛЬНИЦА;ЖЕЛЕЗНОДОРОЖНАЯ БОЛЬНИЦА;12;174;226;400;174;226;400;236;180;416;236;180;416
Бишкек г.;4171100000000000;Ленинский р-н;41711201000000000;102272;ЖД БОЛЬНИЦА;ЖЕЛЕЗНОДОРОЖНАЯ БОЛЬНИЦА;13;191;197;388;191;197;388;201;185;386;201;185;386
Бишкек г.;4171100000000000;Ленинский р-н;41711201000000000;102272;ЖД БОЛЬНИЦА;ЖЕЛЕЗНОДОРОЖНАЯ БОЛЬНИЦА;14;159;206;365;159;206;365;419;517;936;419;517;936
Бишкек г.;4171100000000000;Ленинский р-н;41711201000000000;102272;ЖД БОЛЬНИЦА;ЖЕЛЕЗНОДОРОЖНАЯ БОЛЬНИЦА;15;182;276;458;182;276;458;415;401;816;415;401;816
Бишкек г.;4171100000000000;Ленинский р-н;41711201000000000;102272;ЖД БОЛЬНИЦА;ЖЕЛЕЗНОДОРОЖНАЯ БОЛЬНИЦА;16;180;213;393;180;213;393;455;409;864;450;386;836
Бишкек г.;4171100000000000;Ленинский р-н;41711201000000000;102272;ЖД БОЛЬНИЦА;ЖЕЛЕЗНОДОРОЖНАЯ БОЛЬНИЦА;17;159;183;342;149;176;325;477;485;962;411;418;829
Бишкек г.;4171100000000000;Ленинский р-н;41711201000000000;102272;ЖД БОЛЬНИЦА;ЖЕЛЕЗНОДОРОЖНАЯ БОЛЬНИЦА;18;141;191;332;114;175;289;334;313;647;145;200;345
Бишкек г.;4171100000000000;Ленинский р-н;41711201000000000;102272;ЖД БОЛЬНИЦА;ЖЕЛЕЗНОДОРОЖНАЯ БОЛЬНИЦА;19;188;145;333;28;30;58;193;303;496;21;65;86
Бишкек г.;4171100000000000;Ленинский р-н;41711201000000000;102272;ЖД БОЛЬНИЦА;ЖЕЛЕЗНОДОРОЖНАЯ БОЛЬНИЦА;20;272;206;478;15;20;35;195;325;520;44;128;172
Бишкек г.;4171100000000000;Ленинский р-н;41711201000000000;102272;ЖД БОЛЬНИЦА;ЖЕЛЕЗНОДОРОЖНАЯ БОЛЬНИЦА;21;358;255;613;26;31;57;134;329;463;13;66;79
Бишкек г.;4171100000000000;Ленинский р-н;41711201000000000;102272;ЖД БОЛЬНИЦА;ЖЕЛЕЗНОДОРОЖНАЯ БОЛЬНИЦА;22;399;260;659;21;32;53;160;263;423;56;103;159
Бишкек г.;4171100000000000;Ленинский р-н;41711201000000000;102272;ЖД БОЛЬНИЦА;ЖЕЛЕЗНОДОРОЖНАЯ БОЛЬНИЦА;23;335;256;591;34;60;94;121;393;514;38;215;253
Бишкек г.;4171100000000000;Ленинский р-н;41711201000000000;102272;ЖД БОЛЬНИЦА;ЖЕЛЕЗНОДОРОЖНАЯ БОЛЬНИЦА;24;217;181;398;41;67;108;138;296;434;63;177;240
Бишкек г.;4171100000000000;Ленинский р-н;41711201000000000;102272;ЖД БОЛЬНИЦА;ЖЕЛЕЗНОДОРОЖНАЯ БОЛЬНИЦА;25;180;170;350;52;74;126;101;384;485;59;201;260
Бишкек г.;4171100000000000;Ленинский р-н;41711201000000000;102272;ЖД БОЛЬНИЦА;ЖЕЛЕЗНОДОРОЖНАЯ БОЛЬНИЦА;26;120;170;290;50;95;145;76;450;526;51;238;289
Бишкек г.;4171100000000000;Ленинский р-н;41711201000000000;102272;ЖД БОЛЬНИЦА;ЖЕЛЕЗНОДОРОЖНАЯ БОЛЬНИЦА;27;114;167;281;62;97;159;80;474;554;60;223;283
Бишкек г.;4171100000000000;Ленинский р-н;41711201000000000;102272;ЖД БОЛЬНИЦА;ЖЕЛЕЗНОДОРОЖНАЯ БОЛЬНИЦА;28;131;183;314;56;115;171;121;447;568;91;282;373
Бишкек г.;4171100000000000;Ленинский р-н;41711201000000000;102272;ЖД БОЛЬНИЦА;ЖЕЛЕЗНОДОРОЖНАЯ БОЛЬНИЦА;29;129;200;329;71;136;207;109;485;594;81;328;409
Бишкек г.;4171100000000000;Ленинский р-н;41711201000000000;102272;ЖД БОЛЬНИЦА;ЖЕЛЕЗНОДОРОЖНАЯ БОЛЬНИЦА;30;106;193;299;75;140;215;89;488;577;78;321;399
Бишкек г.;4171100000000000;Ленинский р-н;41711201000000000;102272;ЖД БОЛЬНИЦА;ЖЕЛЕЗНОДОРОЖНАЯ БОЛЬНИЦА;31;107;201;308;72;154;226;102;468;570;82;333;415
Бишкек г.;4171100000000000;Ленинский р-н;41711201000000000;102272;ЖД БОЛЬНИЦА;ЖЕЛЕЗНОДОРОЖНАЯ БОЛЬНИЦА;32;133;197;330;99;142;241;186;538;724;155;403;558
Бишкек г.;4171100000000000;Ленинский р-н;41711201000000000;102272;ЖД БОЛЬНИЦА;ЖЕЛЕЗНОДОРОЖНАЯ БОЛЬНИЦА;33;115;207;322;82;159;241;183;532;715;171;421;592
Бишкек г.;4171100000000000;Ленинский р-н;41711201000000000;102272;ЖД БОЛЬНИЦА;ЖЕЛЕЗНОДОРОЖНАЯ БОЛЬНИЦА;34;134;197;331;105;135;240;157;364;521;102;278;380
Бишкек г.;4171100000000000;Ленинский р-н;41711201000000000;102272;ЖД БОЛЬНИЦА;ЖЕЛЕЗНОДОРОЖНАЯ БОЛЬНИЦА;35;122;209;331;88;147;235;119;490;609;107;343;450
Бишкек г.;4171100000000000;Ленинский р-н;41711201000000000;102272;ЖД БОЛЬНИЦА;ЖЕЛЕЗНОДОРОЖНАЯ БОЛЬНИЦА;36;114;215;329;83;158;241;123;497;620;112;369;481
Бишкек г.;4171100000000000;Ленинский р-н;41711201000000000;102272;ЖД БОЛЬНИЦА;ЖЕЛЕЗНОДОРОЖНАЯ БОЛЬНИЦА;37;119;183;302;87;136;223;105;398;503;82;331;413
Бишкек г.;4171100000000000;Ленинский р-н;41711201000000000;102272;ЖД БОЛЬНИЦА;ЖЕЛЕЗНОДОРОЖНАЯ БОЛЬНИЦА;38;125;199;324;84;148;232;87;369;456;69;255;324
Бишкек г.;4171100000000000;Ленинский р-н;41711201000000000;102272;ЖД БОЛЬНИЦА;ЖЕЛЕЗНОДОРОЖНАЯ БОЛЬНИЦА;39;128;174;302;95;129;224;135;422;557;118;358;476
Бишкек г.;4171100000000000;Ленинский р-н;41711201000000000;102272;ЖД БОЛЬНИЦА;ЖЕЛЕЗНОДОРОЖНАЯ БОЛЬНИЦА;40;118;163;281;91;129;220;149;401;550;139;301;440
Бишкек г.;4171100000000000;Ленинский р-н;41711201000000000;102272;ЖД БОЛЬНИЦА;ЖЕЛЕЗНОДОРОЖНАЯ БОЛЬНИЦА;41;87;162;249;62;112;174;114;311;425;89;215;304
Бишкек г.;4171100000000000;Ленинский р-н;41711201000000000;102272;ЖД БОЛЬНИЦА;ЖЕЛЕЗНОДОРОЖНАЯ БОЛЬНИЦА;42;97;156;253;70;118;188;108;204;312;83;175;258
Бишкек г.;4171100000000000;Ленинский р-н;41711201000000000;102272;ЖД БОЛЬНИЦА;ЖЕЛЕЗНОДОРОЖНАЯ БОЛЬНИЦА;43;107;141;248;77;114;191;99;253;352;78;227;305
Бишкек г.;4171100000000000;Ленинский р-н;41711201000000000;102272;ЖД БОЛЬНИЦА;ЖЕЛЕЗНОДОРОЖНАЯ БОЛЬНИЦА;44;94;158;252;70;117;187;152;291;443;139;210;349
Бишкек г.;4171100000000000;Ленинский р-н;41711201000000000;102272;ЖД БОЛЬНИЦА;ЖЕЛЕЗНОДОРОЖНАЯ БОЛЬНИЦА;45;94;127;221;70;81;151;189;268;457;171;165;336
Бишкек г.;4171100000000000;Ленинский р-н;41711201000000000;102272;ЖД БОЛЬНИЦА;ЖЕЛЕЗНОДОРОЖНАЯ БОЛЬНИЦА;46;96;123;219;73;86;159;83;280;363;78;233;311
Бишкек г.;4171100000000000;Ленинский р-н;41711201000000000;102272;ЖД БОЛЬНИЦА;ЖЕЛЕЗНОДОРОЖНАЯ БОЛЬНИЦА;47;73;111;184;57;85;142;101;264;365;84;222;306
Бишкек г.;4171100000000000;Ленинский р-н;41711201000000000;102272;ЖД БОЛЬНИЦА;ЖЕЛЕЗНОДОРОЖНАЯ БОЛЬНИЦА;48;75;138;213;55;102;157;120;307;427;101;235;336
Бишкек г.;4171100000000000;Ленинский р-н;41711201000000000;102272;ЖД БОЛЬНИЦА;ЖЕЛЕЗНОДОРОЖНАЯ БОЛЬНИЦА;49;78;132;210;60;92;152;110;255;365;88;190;278
Бишкек г.;4171100000000000;Ленинский р-н;41711201000000000;102272;ЖД БОЛЬНИЦА;ЖЕЛЕЗНОДОРОЖНАЯ БОЛЬНИЦА;50;76;116;192;58;82;140;115;294;409;89;186;275
Бишкек г.;4171100000000000;Ленинский р-н;41711201000000000;102272;ЖД БОЛЬНИЦА;ЖЕЛЕЗНОДОРОЖНАЯ БОЛЬНИЦА;51;90;122;212;59;91;150;189;301;490;123;260;383
Бишкек г.;4171100000000000;Ленинский р-н;41711201000000000;102272;ЖД БОЛЬНИЦА;ЖЕЛЕЗНОДОРОЖНАЯ БОЛЬНИЦА;52;85;134;219;60;105;165;162;286;448;129;242;371
Бишкек г.;4171100000000000;Ленинский р-н;41711201000000000;102272;ЖД БОЛЬНИЦА;ЖЕЛЕЗНОДОРОЖНАЯ БОЛЬНИЦА;53;86;124;210;68;94;162;104;236;340;87;210;297
Бишкек г.;4171100000000000;Ленинский р-н;41711201000000000;102272;ЖД БОЛЬНИЦА;ЖЕЛЕЗНОДОРОЖНАЯ БОЛЬНИЦА;54;73;117;190;48;89;137;140;204;344;115;165;280
Бишкек г.;4171100000000000;Ленинский р-н;41711201000000000;102272;ЖД БОЛЬНИЦА;ЖЕЛЕЗНОДОРОЖНАЯ БОЛЬНИЦА;55;75;106;181;57;85;142;137;282;419;114;235;349
Бишкек г.;4171100000000000;Ленинский р-н;41711201000000000;102272;ЖД БОЛЬНИЦА;ЖЕЛЕЗНОДОРОЖНАЯ БОЛЬНИЦА;56;81;111;192;54;80;134;158;227;385;117;178;295
Бишкек г.;4171100000000000;Ленинский р-н;41711201000000000;102272;ЖД БОЛЬНИЦА;ЖЕЛЕЗНОДОРОЖНАЯ БОЛЬНИЦА;57;59;93;152;47;71;118;85;238;323;64;189;253
Бишкек г.;4171100000000000;Ленинский р-н;41711201000000000;102272;ЖД БОЛЬНИЦА;ЖЕЛЕЗНОДОРОЖНАЯ БОЛЬНИЦА;58;79;97;176;59;73;132;102;264;366;87;200;287
Бишкек г.;4171100000000000;Ленинский р-н;41711201000000000;102272;ЖД БОЛЬНИЦА;ЖЕЛЕЗНОДОРОЖНАЯ БОЛЬНИЦА;59;68;86;154;45;65;110;165;274;439;126;194;320
Бишкек г.;4171100000000000;Ленинский р-н;41711201000000000;102272;ЖД БОЛЬНИЦА;ЖЕЛЕЗНОДОРОЖНАЯ БОЛЬНИЦА;60;74;90;164;61;63;124;165;310;475;146;256;402
Бишкек г.;4171100000000000;Ленинский р-н;41711201000000000;102272;ЖД БОЛЬНИЦА;ЖЕЛЕЗНОДОРОЖНАЯ БОЛЬНИЦА;61;57;110;167;47;98;145;151;370;521;145;347;492
Бишкек г.;4171100000000000;Ленинский р-н;41711201000000000;102272;ЖД БОЛЬНИЦА;ЖЕЛЕЗНОДОРОЖНАЯ БОЛЬНИЦА;62;84;141;225;69;132;201;239;408;647;232;379;611
Бишкек г.;4171100000000000;Ленинский р-н;41711201000000000;102272;ЖД БОЛЬНИЦА;ЖЕЛЕЗНОДОРОЖНАЯ БОЛЬНИЦА;63;70;110;180;58;103;161;150;341;491;134;337;471
Бишкек г.;4171100000000000;Ленинский р-н;41711201000000000;102272;ЖД БОЛЬНИЦА;ЖЕЛЕЗНОДОРОЖНАЯ БОЛЬНИЦА;64;60;95;155;50;89;139;154;266;420;123;266;389
Бишкек г.;4171100000000000;Ленинский р-н;41711201000000000;102272;ЖД БОЛЬНИЦА;ЖЕЛЕЗНОДОРОЖНАЯ БОЛЬНИЦА;65;72;84;156;54;82;136;156;192;348;134;192;326
Бишкек г.;4171100000000000;Ленинский р-н;41711201000000000;102272;ЖД БОЛЬНИЦА;ЖЕЛЕЗНОДОРОЖНАЯ БОЛЬНИЦА;66;60;107;167;60;106;166;128;248;376;128;243;371
Бишкек г.;4171100000000000;Ленинский р-н;41711201000000000;102272;ЖД БОЛЬНИЦА;ЖЕЛЕЗНОДОРОЖНАЯ БОЛЬНИЦА;67;51;97;148;51;97;148;117;231;348;116;231;347
Бишкек г.;4171100000000000;Ленинский р-н;41711201000000000;102272;ЖД БОЛЬНИЦА;ЖЕЛЕЗНОДОРОЖНАЯ БОЛЬНИЦА;68;49;97;146;47;97;144;94;218;312;86;218;304
Бишкек г.;4171100000000000;Ленинский р-н;41711201000000000;102272;ЖД БОЛЬНИЦА;ЖЕЛЕЗНОДОРОЖНАЯ БОЛЬНИЦА;69;59;73;132;58;72;130;72;240;312;67;237;304
Бишкек г.;4171100000000000;Ленинский р-н;41711201000000000;102272;ЖД БОЛЬНИЦА;ЖЕЛЕЗНОДОРОЖНАЯ БОЛЬНИЦА;70;40;78;118;40;78;118;45;150;195;45;150;195
Бишкек г.;4171100000000000;Ленинский р-н;41711201000000000;102272;ЖД БОЛЬНИЦА;ЖЕЛЕЗНОДОРОЖНАЯ БОЛЬНИЦА;71;37;63;100;37;63;100;56;226;282;56;226;282
Бишкек г.;4171100000000000;Ленинский р-н;41711201000000000;102272;ЖД БОЛЬНИЦА;ЖЕЛЕЗНОДОРОЖНАЯ БОЛЬНИЦА;72;36;70;106;36;70;106;79;176;255;79;176;255
Бишкек г.;4171100000000000;Ленинский р-н;41711201000000000;102272;ЖД БОЛЬНИЦА;ЖЕЛЕЗНОДОРОЖНАЯ БОЛЬНИЦА;73;22;52;74;22;52;74;36;147;183;36;147;183
Бишкек г.;4171100000000000;Ленинский р-н;41711201000000000;102272;ЖД БОЛЬНИЦА;ЖЕЛЕЗНОДОРОЖНАЯ БОЛЬНИЦА;74;43;62;105;43;62;105;39;194;233;38;194;232
Бишкек г.;4171100000000000;Ленинский р-н;41711201000000000;102272;ЖД БОЛЬНИЦА;ЖЕЛЕЗНОДОРОЖНАЯ БОЛЬНИЦА;75;18;68;86;18;68;86;68;164;232;68;164;232
Бишкек г.;4171100000000000;Ленинский р-н;41711201000000000;102272;ЖД БОЛЬНИЦА;ЖЕЛЕЗНОДОРОЖНАЯ БОЛЬНИЦА;76;20;47;67;20;47;67;28;148;176;28;148;176
Бишкек г.;4171100000000000;Ленинский р-н;41711201000000000;102272;ЖД БОЛЬНИЦА;ЖЕЛЕЗНОДОРОЖНАЯ БОЛЬНИЦА;77;18;50;68;18;50;68;36;123;159;36;123;159
Бишкек г.;4171100000000000;Ленинский р-н;41711201000000000;102272;ЖД БОЛЬНИЦА;ЖЕЛЕЗНОДОРОЖНАЯ БОЛЬНИЦА;78;19;46;65;19;46;65;48;45;93;48;45;93
Бишкек г.;4171100000000000;Ленинский р-н;41711201000000000;102272;ЖД БОЛЬНИЦА;ЖЕЛЕЗНОДОРОЖНАЯ БОЛЬНИЦА;79;16;18;34;16;18;34;18;32;50;18;32;50
Бишкек г.;4171100000000000;Ленинский р-н;41711201000000000;102272;ЖД БОЛЬНИЦА;ЖЕЛЕЗНОДОРОЖНАЯ БОЛЬНИЦА;80;9;16;25;9;16;25;6;25;31;6;25;31
Бишкек г.;4171100000000000;Ленинский р-н;41711201000000000;102272;ЖД БОЛЬНИЦА;ЖЕЛЕЗНОДОРОЖНАЯ БОЛЬНИЦА;81;9;19;28;9;19;28;4;65;69;4;65;69
Бишкек г.;4171100000000000;Ленинский р-н;41711201000000000;102272;ЖД БОЛЬНИЦА;ЖЕЛЕЗНОДОРОЖНАЯ БОЛЬНИЦА;82;7;27;34;7;27;34;7;61;68;7;61;68
Бишкек г.;4171100000000000;Ленинский р-н;41711201000000000;102272;ЖД БОЛЬНИЦА;ЖЕЛЕЗНОДОРОЖНАЯ БОЛЬНИЦА;83;11;35;46;11;35;46;5;51;56;5;51;56
Бишкек г.;4171100000000000;Ленинский р-н;41711201000000000;102272;ЖД БОЛЬНИЦА;ЖЕЛЕЗНОДОРОЖНАЯ БОЛЬНИЦА;84;12;33;45;12;33;45;26;57;83;26;57;83
Бишкек г.;4171100000000000;Ленинский р-н;41711201000000000;102272;ЖД БОЛЬНИЦА;ЖЕЛЕЗНОДОРОЖНАЯ БОЛЬНИЦА;85;14;41;55;14;41;55;15;28;43;15;28;43
Бишкек г.;4171100000000000;Ленинский р-н;41711201000000000;102272;ЖД БОЛЬНИЦА;ЖЕЛЕЗНОДОРОЖНАЯ БОЛЬНИЦА;86;12;40;52;12;40;52;6;55;61;6;55;61
Бишкек г.;4171100000000000;Ленинский р-н;41711201000000000;102272;ЖД БОЛЬНИЦА;ЖЕЛЕЗНОДОРОЖНАЯ БОЛЬНИЦА;87;10;18;28;10;18;28;15;18;33;15;18;33
Бишкек г.;4171100000000000;Ленинский р-н;41711201000000000;102272;ЖД БОЛЬНИЦА;ЖЕЛЕЗНОДОРОЖНАЯ БОЛЬНИЦА;88;8;22;30;8;22;30;4;40;44;4;40;44
Бишкек г.;4171100000000000;Ленинский р-н;41711201000000000;102272;ЖД БОЛЬНИЦА;ЖЕЛЕЗНОДОРОЖНАЯ БОЛЬНИЦА;89;6;24;30;6;24;30;0;7;7;0;0;0
Бишкек г.;4171100000000000;Ленинский р-н;41711201000000000;102272;ЖД БОЛЬНИЦА;ЖЕЛЕЗНОДОРОЖНАЯ БОЛЬНИЦА;90;6;15;21;6;15;21;0;8;8;0;8;8
Бишкек г.;4171100000000000;Ленинский р-н;41711201000000000;102272;ЖД БОЛЬНИЦА;ЖЕЛЕЗНОДОРОЖНАЯ БОЛЬНИЦА;91;5;11;16;5;11;16;0;7;7;0;7;7
Бишкек г.;4171100000000000;Ленинский р-н;41711201000000000;102272;ЖД БОЛЬНИЦА;ЖЕЛЕЗНОДОРОЖНАЯ БОЛЬНИЦА;92;5;19;24;5;19;24;0;8;8;0;8;8
Бишкек г.;4171100000000000;Ленинский р-н;41711201000000000;102272;ЖД БОЛЬНИЦА;ЖЕЛЕЗНОДОРОЖНАЯ БОЛЬНИЦА;93;3;15;18;3;15;18;2;5;7;2;5;7
Бишкек г.;4171100000000000;Ленинский р-н;41711201000000000;102272;ЖД БОЛЬНИЦА;ЖЕЛЕЗНОДОРОЖНАЯ БОЛЬНИЦА;94;11;15;26;11;15;26;1;7;8;1;7;8
Бишкек г.;4171100000000000;Ленинский р-н;41711201000000000;102272;ЖД БОЛЬНИЦА;ЖЕЛЕЗНОДОРОЖНАЯ БОЛЬНИЦА;97;5;14;19;5;13;18;0;1;1;0;0;0
Баткенская обл.;4170500000000000;Кадамжайский р-н;41705258000000000;541521;КАДАМЖАЙ ЦОВП;ЦЕНТР ОБЩЕЙ ВРАЧЕБНОЙ ПРАКТИКИ КАДАМЖАЙСКОГО РАЙОНА БАТКЕНСКОЙ ОБЛАСТИ;0;813;754;1567;813;754;1567;2460;2108;4568;2460;2108;4568
Баткенская обл.;4170500000000000;Кадамжайский р-н;41705258000000000;541521;КАДАМЖАЙ ЦОВП;ЦЕНТР ОБЩЕЙ ВРАЧЕБНОЙ ПРАКТИКИ КАДАМЖАЙСКОГО РАЙОНА БАТКЕНСКОЙ ОБЛАСТИ;1;1391;1226;2617;1391;1226;2617;1278;1040;2318;1278;1040;2318
Баткенская обл.;4170500000000000;Кадамжайский р-н;41705258000000000;541521;КАДАМЖАЙ ЦОВП;ЦЕНТР ОБЩЕЙ ВРАЧЕБНОЙ ПРАКТИКИ КАДАМЖАЙСКОГО РАЙОНА БАТКЕНСКОЙ ОБЛАСТИ;2;1564;1492;3056;1564;1492;3056;881;736;1617;881;736;1617
Баткенская обл.;4170500000000000;Кадамжайский р-н;41705258000000000;541521;КАДАМЖАЙ ЦОВП;ЦЕНТР ОБЩЕЙ ВРАЧЕБНОЙ ПРАКТИКИ КАДАМЖАЙСКОГО РАЙОНА БАТКЕНСКОЙ ОБЛАСТИ;3;1509;1452;2961;1509;1452;2961;593;593;1186;593;593;1186
Баткенская обл.;4170500000000000;Кадамжайский р-н;41705258000000000;541521;КАДАМЖАЙ ЦОВП;ЦЕНТР ОБЩЕЙ ВРАЧЕБНОЙ ПРАКТИКИ КАДАМЖАЙСКОГО РАЙОНА БАТКЕНСКОЙ ОБЛАСТИ;4;1503;1498;3001;1503;1498;3001;506;422;928;506;422;928
Баткенская обл.;4170500000000000;Кадамжайский р-н;41705258000000000;541521;КАДАМЖАЙ ЦОВП;ЦЕНТР ОБЩЕЙ ВРАЧЕБНОЙ ПРАКТИКИ КАДАМЖАЙСКОГО РАЙОНА БАТКЕНСКОЙ ОБЛАСТИ;5;1500;1544;3044;1500;1544;3044;622;581;1203;622;581;1203
Баткенская обл.;4170500000000000;Кадамжайский р-н;41705258000000000;541521;КАДАМЖАЙ ЦОВП;ЦЕНТР ОБЩЕЙ ВРАЧЕБНОЙ ПРАКТИКИ КАДАМЖАЙСКОГО РАЙОНА БАТКЕНСКОЙ ОБЛАСТИ;6;1482;1647;3129;1482;1647;3129;555;448;1003;555;448;1003
Баткенская обл.;4170500000000000;Кадамжайский р-н;41705258000000000;541521;КАДАМЖАЙ ЦОВП;ЦЕНТР ОБЩЕЙ ВРАЧЕБНОЙ ПРАКТИКИ КАДАМЖАЙСКОГО РАЙОНА БАТКЕНСКОЙ ОБЛАСТИ;7;1393;1606;2999;1393;1606;2999;326;222;548;326;222;548
Баткенская обл.;4170500000000000;Кадамжайский р-н;41705258000000000;541521;КАДАМЖАЙ ЦОВП;ЦЕНТР ОБЩЕЙ ВРАЧЕБНОЙ ПРАКТИКИ КАДАМЖАЙСКОГО РАЙОНА БАТКЕНСКОЙ ОБЛАСТИ;8;1462;1917;3379;1462;1917;3379;266;247;513;266;247;513
Баткенская обл.;4170500000000000;Кадамжайский р-н;41705258000000000;541521;КАДАМЖАЙ ЦОВП;ЦЕНТР ОБЩЕЙ ВРАЧЕБНОЙ ПРАКТИКИ КАДАМЖАЙСКОГО РАЙОНА БАТКЕНСКОЙ ОБЛАСТИ;9;1417;2078;3495;1417;2078;3495;241;211;452;241;211;452
Баткенская обл.;4170500000000000;Кадамжайский р-н;41705258000000000;541521;КАДАМЖАЙ ЦОВП;ЦЕНТР ОБЩЕЙ ВРАЧЕБНОЙ ПРАКТИКИ КАДАМЖАЙСКОГО РАЙОНА БАТКЕНСКОЙ ОБЛАСТИ;10;1439;2116;3555;1439;2116;3555;238;199;437;238;199;437
Баткенская обл.;4170500000000000;Кадамжайский р-н;41705258000000000;541521;КАДАМЖАЙ ЦОВП;ЦЕНТР ОБЩЕЙ ВРАЧЕБНОЙ ПРАКТИКИ КАДАМЖАЙСКОГО РАЙОНА БАТКЕНСКОЙ ОБЛАСТИ;11;1325;1958;3283;1325;1958;3283;230;186;416;230;186;416
Баткенская обл.;4170500000000000;Кадамжайский р-н;41705258000000000;541521;КАДАМЖАЙ ЦОВП;ЦЕНТР ОБЩЕЙ ВРАЧЕБНОЙ ПРАКТИКИ КАДАМЖАЙСКОГО РАЙОНА БАТКЕНСКОЙ ОБЛАСТИ;12;1251;1787;3038;1251;1787;3038;180;163;343;180;163;343
Баткенская обл.;4170500000000000;Кадамжайский р-н;41705258000000000;541521;КАДАМЖАЙ ЦОВП;ЦЕНТР ОБЩЕЙ ВРАЧЕБНОЙ ПРАКТИКИ КАДАМЖАЙСКОГО РАЙОНА БАТКЕНСКОЙ ОБЛАСТИ;13;1228;1670;2898;1228;1670;2898;217;192;409;217;192;409
Баткенская обл.;4170500000000000;Кадамжайский р-н;41705258000000000;541521;КАДАМЖАЙ ЦОВП;ЦЕНТР ОБЩЕЙ ВРАЧЕБНОЙ ПРАКТИКИ КАДАМЖАЙСКОГО РАЙОНА БАТКЕНСКОЙ ОБЛАСТИ;14;1240;1659;2899;1240;1659;2899;239;222;461;239;222;461
Баткенская обл.;4170500000000000;Кадамжайский р-н;41705258000000000;541521;КАДАМЖАЙ ЦОВП;ЦЕНТР ОБЩЕЙ ВРАЧЕБНОЙ ПРАКТИКИ КАДАМЖАЙСКОГО РАЙОНА БАТКЕНСКОЙ ОБЛАСТИ;15;1078;1434;2512;1078;1434;2512;376;275;651;376;275;651
Баткенская обл.;4170500000000000;Кадамжайский р-н;41705258000000000;541521;КАДАМЖАЙ ЦОВП;ЦЕНТР ОБЩЕЙ ВРАЧЕБНОЙ ПРАКТИКИ КАДАМЖАЙСКОГО РАЙОНА БАТКЕНСКОЙ ОБЛАСТИ;16;978;1235;2213;978;1235;2213;367;273;640;352;263;615
Баткенская обл.;4170500000000000;Кадамжайский р-н;41705258000000000;541521;КАДАМЖАЙ ЦОВП;ЦЕНТР ОБЩЕЙ ВРАЧЕБНОЙ ПРАКТИКИ КАДАМЖАЙСКОГО РАЙОНА БАТКЕНСКОЙ ОБЛАСТИ;17;975;1184;2159;911;1118;2029;708;496;1204;630;431;1061
Баткенская обл.;4170500000000000;Кадамжайский р-н;41705258000000000;541521;КАДАМЖАЙ ЦОВП;ЦЕНТР ОБЩЕЙ ВРАЧЕБНОЙ ПРАКТИКИ КАДАМЖАЙСКОГО РАЙОНА БАТКЕНСКОЙ ОБЛАСТИ;18;839;1102;1941;760;1018;1778;503;507;1010;398;374;772
Баткенская обл.;4170500000000000;Кадамжайский р-н;41705258000000000;541521;КАДАМЖАЙ ЦОВП;ЦЕНТР ОБЩЕЙ ВРАЧЕБНОЙ ПРАКТИКИ КАДАМЖАЙСКОГО РАЙОНА БАТКЕНСКОЙ ОБЛАСТИ;19;847;1065;1912;403;701;1104;381;449;830;85;135;220
Баткенская обл.;4170500000000000;Кадамжайский р-н;41705258000000000;541521;КАДАМЖАЙ ЦОВП;ЦЕНТР ОБЩЕЙ ВРАЧЕБНОЙ ПРАКТИКИ КАДАМЖАЙСКОГО РАЙОНА БАТКЕНСКОЙ ОБЛАСТИ;20;811;1091;1902;103;474;577;312;479;791;28;122;150
Баткенская обл.;4170500000000000;Кадамжайский р-н;41705258000000000;541521;КАДАМЖАЙ ЦОВП;ЦЕНТР ОБЩЕЙ ВРАЧЕБНОЙ ПРАКТИКИ КАДАМЖАЙСКОГО РАЙОНА БАТКЕНСКОЙ ОБЛАСТИ;21;849;1094;1943;66;339;405;295;602;897;15;249;264
Баткенская обл.;4170500000000000;Кадамжайский р-н;41705258000000000;541521;КАДАМЖАЙ ЦОВП;ЦЕНТР ОБЩЕЙ ВРАЧЕБНОЙ ПРАКТИКИ КАДАМЖАЙСКОГО РАЙОНА БАТКЕНСКОЙ ОБЛАСТИ;22;838;1045;1883;29;168;197;328;543;871;49;205;254
Баткенская обл.;4170500000000000;Кадамжайский р-н;41705258000000000;541521;КАДАМЖАЙ ЦОВП;ЦЕНТР ОБЩЕЙ ВРАЧЕБНОЙ ПРАКТИКИ КАДАМЖАЙСКОГО РАЙОНА БАТКЕНСКОЙ ОБЛАСТИ;23;792;1114;1906;40;225;265;275;578;853;22;269;291
Баткенская обл.;4170500000000000;Кадамжайский р-н;41705258000000000;541521;КАДАМЖАЙ ЦОВП;ЦЕНТР ОБЩЕЙ ВРАЧЕБНОЙ ПРАКТИКИ КАДАМЖАЙСКОГО РАЙОНА БАТКЕНСКОЙ ОБЛАСТИ;24;836;1079;1915;47;277;324;273;560;833;36;271;307
Баткенская обл.;4170500000000000;Кадамжайский р-н;41705258000000000;541521;КАДАМЖАЙ ЦОВП;ЦЕНТР ОБЩЕЙ ВРАЧЕБНОЙ ПРАКТИКИ КАДАМЖАЙСКОГО РАЙОНА БАТКЕНСКОЙ ОБЛАСТИ;25;848;1123;1971;65;329;394;289;592;881;40;297;337
Баткенская обл.;4170500000000000;Кадамжайский р-н;41705258000000000;541521;КАДАМЖАЙ ЦОВП;ЦЕНТР ОБЩЕЙ ВРАЧЕБНОЙ ПРАКТИКИ КАДАМЖАЙСКОГО РАЙОНА БАТКЕНСКОЙ ОБЛАСТИ;26;885;1029;1914;81;345;426;286;626;912;32;298;330
Баткенская обл.;4170500000000000;Кадамжайский р-н;41705258000000000;541521;КАДАМЖАЙ ЦОВП;ЦЕНТР ОБЩЕЙ ВРАЧЕБНОЙ ПРАКТИКИ КАДАМЖАЙСКОГО РАЙОНА БАТКЕНСКОЙ ОБЛАСТИ;27;896;977;1873;106;385;491;267;704;971;58;388;446
Баткенская обл.;4170500000000000;Кадамжайский р-н;41705258000000000;541521;КАДАМЖАЙ ЦОВП;ЦЕНТР ОБЩЕЙ ВРАЧЕБНОЙ ПРАКТИКИ КАДАМЖАЙСКОГО РАЙОНА БАТКЕНСКОЙ ОБЛАСТИ;28;945;989;1934;122;417;539;344;674;1018;82;442;524
Баткенская обл.;4170500000000000;Кадамжайский р-н;41705258000000000;541521;КАДАМЖАЙ ЦОВП;ЦЕНТР ОБЩЕЙ ВРАЧЕБНОЙ ПРАКТИКИ КАДАМЖАЙСКОГО РАЙОНА БАТКЕНСКОЙ ОБЛАСТИ;29;986;1037;2023;167;485;652;308;679;987;114;451;565
Баткенская обл.;4170500000000000;Кадамжайский р-н;41705258000000000;541521;КАДАМЖАЙ ЦОВП;ЦЕНТР ОБЩЕЙ ВРАЧЕБНОЙ ПРАКТИКИ КАДАМЖАЙСКОГО РАЙОНА БАТКЕНСКОЙ ОБЛАСТИ;30;989;1027;2016;344;565;909;335;610;945;130;423;553
Баткенская обл.;4170500000000000;Кадамжайский р-н;41705258000000000;541521;КАДАМЖАЙ ЦОВП;ЦЕНТР ОБЩЕЙ ВРАЧЕБНОЙ ПРАКТИКИ КАДАМЖАЙСКОГО РАЙОНА БАТКЕНСКОЙ ОБЛАСТИ;31;992;1028;2020;369;548;917;241;715;956;115;544;659
Баткенская обл.;4170500000000000;Кадамжайский р-н;41705258000000000;541521;КАДАМЖАЙ ЦОВП;ЦЕНТР ОБЩЕЙ ВРАЧЕБНОЙ ПРАКТИКИ КАДАМЖАЙСКОГО РАЙОНА БАТКЕНСКОЙ ОБЛАСТИ;32;898;1054;1952;351;588;939;279;708;987;124;512;636
Баткенская обл.;4170500000000000;Кадамжайский р-н;41705258000000000;541521;КАДАМЖАЙ ЦОВП;ЦЕНТР ОБЩЕЙ ВРАЧЕБНОЙ ПРАКТИКИ КАДАМЖАЙСКОГО РАЙОНА БАТКЕНСКОЙ ОБЛАСТИ;33;1014;1017;2031;408;568;976;238;527;765;128;386;514
Баткенская обл.;4170500000000000;Кадамжайский р-н;41705258000000000;541521;КАДАМЖАЙ ЦОВП;ЦЕНТР ОБЩЕЙ ВРАЧЕБНОЙ ПРАКТИКИ КАДАМЖАЙСКОГО РАЙОНА БАТКЕНСКОЙ ОБЛАСТИ;34;923;1001;1924;386;513;899;296;550;846;170;412;582
Баткенская обл.;4170500000000000;Кадамжайский р-н;41705258000000000;541521;КАДАМЖАЙ ЦОВП;ЦЕНТР ОБЩЕЙ ВРАЧЕБНОЙ ПРАКТИКИ КАДАМЖАЙСКОГО РАЙОНА БАТКЕНСКОЙ ОБЛАСТИ;35;935;993;1928;402;574;976;287;615;902;152;419;571
Баткенская обл.;4170500000000000;Кадамжайский р-н;41705258000000000;541521;КАДАМЖАЙ ЦОВП;ЦЕНТР ОБЩЕЙ ВРАЧЕБНОЙ ПРАКТИКИ КАДАМЖАЙСКОГО РАЙОНА БАТКЕНСКОЙ ОБЛАСТИ;36;894;1000;1894;413;577;990;297;594;891;148;428;576
Баткенская обл.;4170500000000000;Кадамжайский р-н;41705258000000000;541521;КАДАМЖАЙ ЦОВП;ЦЕНТР ОБЩЕЙ ВРАЧЕБНОЙ ПРАКТИКИ КАДАМЖАЙСКОГО РАЙОНА БАТКЕНСКОЙ ОБЛАСТИ;37;943;993;1936;440;604;1044;280;535;815;150;414;564
Баткенская обл.;4170500000000000;Кадамжайский р-н;41705258000000000;541521;КАДАМЖАЙ ЦОВП;ЦЕНТР ОБЩЕЙ ВРАЧЕБНОЙ ПРАКТИКИ КАДАМЖАЙСКОГО РАЙОНА БАТКЕНСКОЙ ОБЛАСТИ;38;898;941;1839;414;550;964;291;540;831;152;370;522
Баткенская обл.;4170500000000000;Кадамжайский р-н;41705258000000000;541521;КАДАМЖАЙ ЦОВП;ЦЕНТР ОБЩЕЙ ВРАЧЕБНОЙ ПРАКТИКИ КАДАМЖАЙСКОГО РАЙОНА БАТКЕНСКОЙ ОБЛАСТИ;39;878;919;1797;414;512;926;275;478;753;138;339;477
Баткенская обл.;4170500000000000;Кадамжайский р-н;41705258000000000;541521;КАДАМЖАЙ ЦОВП;ЦЕНТР ОБЩЕЙ ВРАЧЕБНОЙ ПРАКТИКИ КАДАМЖАЙСКОГО РАЙОНА БАТКЕНСКОЙ ОБЛАСТИ;40;767;799;1566;316;450;766;267;421;688;120;285;405
Баткенская обл.;4170500000000000;Кадамжайский р-н;41705258000000000;541521;КАДАМЖАЙ ЦОВП;ЦЕНТР ОБЩЕЙ ВРАЧЕБНОЙ ПРАКТИКИ КАДАМЖАЙСКОГО РАЙОНА БАТКЕНСКОЙ ОБЛАСТИ;41;712;793;1505;287;432;719;204;353;557;114;204;318
Баткенская обл.;4170500000000000;Кадамжайский р-н;41705258000000000;541521;КАДАМЖАЙ ЦОВП;ЦЕНТР ОБЩЕЙ ВРАЧЕБНОЙ ПРАКТИКИ КАДАМЖАЙСКОГО РАЙОНА БАТКЕНСКОЙ ОБЛАСТИ;42;705;713;1418;314;369;683;225;323;548;115;225;340
Баткенская обл.;4170500000000000;Кадамжайский р-н;41705258000000000;541521;КАДАМЖАЙ ЦОВП;ЦЕНТР ОБЩЕЙ ВРАЧЕБНОЙ ПРАКТИКИ КАДАМЖАЙСКОГО РАЙОНА БАТКЕНСКОЙ ОБЛАСТИ;43;708;718;1426;294;357;651;239;359;598;124;254;378
Баткенская обл.;4170500000000000;Кадамжайский р-н;41705258000000000;541521;КАДАМЖАЙ ЦОВП;ЦЕНТР ОБЩЕЙ ВРАЧЕБНОЙ ПРАКТИКИ КАДАМЖАЙСКОГО РАЙОНА БАТКЕНСКОЙ ОБЛАСТИ;44;590;703;1293;245;360;605;177;416;593;79;283;362
Баткенская обл.;4170500000000000;Кадамжайский р-н;41705258000000000;541521;КАДАМЖАЙ ЦОВП;ЦЕНТР ОБЩЕЙ ВРАЧЕБНОЙ ПРАКТИКИ КАДАМЖАЙСКОГО РАЙОНА БАТКЕНСКОЙ ОБЛАСТИ;45;614;650;1264;253;283;536;191;357;548;106;218;324
Баткенская обл.;4170500000000000;Кадамжайский р-н;41705258000000000;541521;КАДАМЖАЙ ЦОВП;ЦЕНТР ОБЩЕЙ ВРАЧЕБНОЙ ПРАКТИКИ КАДАМЖАЙСКОГО РАЙОНА БАТКЕНСКОЙ ОБЛАСТИ;46;540;632;1172;226;276;502;202;415;617;98;268;366
Баткенская обл.;4170500000000000;Кадамжайский р-н;41705258000000000;541521;КАДАМЖАЙ ЦОВП;ЦЕНТР ОБЩЕЙ ВРАЧЕБНОЙ ПРАКТИКИ КАДАМЖАЙСКОГО РАЙОНА БАТКЕНСКОЙ ОБЛАСТИ;47;550;651;1201;203;275;478;200;356;556;93;246;339
Баткенская обл.;4170500000000000;Кадамжайский р-н;41705258000000000;541521;КАДАМЖАЙ ЦОВП;ЦЕНТР ОБЩЕЙ ВРАЧЕБНОЙ ПРАКТИКИ КАДАМЖАЙСКОГО РАЙОНА БАТКЕНСКОЙ ОБЛАСТИ;48;559;630;1189;193;256;449;207;308;515;110;217;327
Баткенская обл.;4170500000000000;Кадамжайский р-н;41705258000000000;541521;КАДАМЖАЙ ЦОВП;ЦЕНТР ОБЩЕЙ ВРАЧЕБНОЙ ПРАКТИКИ КАДАМЖАЙСКОГО РАЙОНА БАТКЕНСКОЙ ОБЛАСТИ;49;511;536;1047;173;189;362;196;271;467;94;152;246
Баткенская обл.;4170500000000000;Кадамжайский р-н;41705258000000000;541521;КАДАМЖАЙ ЦОВП;ЦЕНТР ОБЩЕЙ ВРАЧЕБНОЙ ПРАКТИКИ КАДАМЖАЙСКОГО РАЙОНА БАТКЕНСКОЙ ОБЛАСТИ;50;468;547;1015;152;205;357;172;285;457;81;168;249
Баткенская обл.;4170500000000000;Кадамжайский р-н;41705258000000000;541521;КАДАМЖАЙ ЦОВП;ЦЕНТР ОБЩЕЙ ВРАЧЕБНОЙ ПРАКТИКИ КАДАМЖАЙСКОГО РАЙОНА БАТКЕНСКОЙ ОБЛАСТИ;51;534;521;1055;171;212;383;196;313;509;102;162;264
Баткенская обл.;4170500000000000;Кадамжайский р-н;41705258000000000;541521;КАДАМЖАЙ ЦОВП;ЦЕНТР ОБЩЕЙ ВРАЧЕБНОЙ ПРАКТИКИ КАДАМЖАЙСКОГО РАЙОНА БАТКЕНСКОЙ ОБЛАСТИ;52;487;509;996;184;218;402;264;351;615;138;192;330
Баткенская обл.;4170500000000000;Кадамжайский р-н;41705258000000000;541521;КАДАМЖАЙ ЦОВП;ЦЕНТР ОБЩЕЙ ВРАЧЕБНОЙ ПРАКТИКИ КАДАМЖАЙСКОГО РАЙОНА БАТКЕНСКОЙ ОБЛАСТИ;53;514;535;1049;174;199;373;224;342;566;106;212;318
Баткенская обл.;4170500000000000;Кадамжайский р-н;41705258000000000;541521;КАДАМЖАЙ ЦОВП;ЦЕНТР ОБЩЕЙ ВРАЧЕБНОЙ ПРАКТИКИ КАДАМЖАЙСКОГО РАЙОНА БАТКЕНСКОЙ ОБЛАСТИ;54;474;544;1018;167;210;377;203;370;573;92;217;309
Баткенская обл.;4170500000000000;Кадамжайский р-н;41705258000000000;541521;КАДАМЖАЙ ЦОВП;ЦЕНТР ОБЩЕЙ ВРАЧЕБНОЙ ПРАКТИКИ КАДАМЖАЙСКОГО РАЙОНА БАТКЕНСКОЙ ОБЛАСТИ;55;429;516;945;170;242;412;224;321;545;137;206;343
Баткенская обл.;4170500000000000;Кадамжайский р-н;41705258000000000;541521;КАДАМЖАЙ ЦОВП;ЦЕНТР ОБЩЕЙ ВРАЧЕБНОЙ ПРАКТИКИ КАДАМЖАЙСКОГО РАЙОНА БАТКЕНСКОЙ ОБЛАСТИ;56;478;557;1035;210;237;447;262;363;625;167;232;399
Баткенская обл.;4170500000000000;Кадамжайский р-н;41705258000000000;541521;КАДАМЖАЙ ЦОВП;ЦЕНТР ОБЩЕЙ ВРАЧЕБНОЙ ПРАКТИКИ КАДАМЖАЙСКОГО РАЙОНА БАТКЕНСКОЙ ОБЛАСТИ;57;401;443;844;176;244;420;230;307;537;165;204;369
Баткенская обл.;4170500000000000;Кадамжайский р-н;41705258000000000;541521;КАДАМЖАЙ ЦОВП;ЦЕНТР ОБЩЕЙ ВРАЧЕБНОЙ ПРАКТИКИ КАДАМЖАЙСКОГО РАЙОНА БАТКЕНСКОЙ ОБЛАСТИ;58;446;503;949;229;278;507;275;311;586;183;210;393
Баткенская обл.;4170500000000000;Кадамжайский р-н;41705258000000000;541521;КАДАМЖАЙ ЦОВП;ЦЕНТР ОБЩЕЙ ВРАЧЕБНОЙ ПРАКТИКИ КАДАМЖАЙСКОГО РАЙОНА БАТКЕНСКОЙ ОБЛАСТИ;59;409;504;913;204;294;498;242;355;597;153;269;422
Баткенская обл.;4170500000000000;Кадамжайский р-н;41705258000000000;541521;КАДАМЖАЙ ЦОВП;ЦЕНТР ОБЩЕЙ ВРАЧЕБНОЙ ПРАКТИКИ КАДАМЖАЙСКОГО РАЙОНА БАТКЕНСКОЙ ОБЛАСТИ;60;384;505;889;192;348;540;217;395;612;150;328;478
Баткенская обл.;4170500000000000;Кадамжайский р-н;41705258000000000;541521;КАДАМЖАЙ ЦОВП;ЦЕНТР ОБЩЕЙ ВРАЧЕБНОЙ ПРАКТИКИ КАДАМЖАЙСКОГО РАЙОНА БАТКЕНСКОЙ ОБЛАСТИ;61;414;432;846;236;312;548;261;336;597;175;270;445
Баткенская обл.;4170500000000000;Кадамжайский р-н;41705258000000000;541521;КАДАМЖАЙ ЦОВП;ЦЕНТР ОБЩЕЙ ВРАЧЕБНОЙ ПРАКТИКИ КАДАМЖАЙСКОГО РАЙОНА БАТКЕНСКОЙ ОБЛАСТИ;62;380;450;830;231;331;562;226;338;564;149;278;427
Баткенская обл.;4170500000000000;Кадамжайский р-н;41705258000000000;541521;КАДАМЖАЙ ЦОВП;ЦЕНТР ОБЩЕЙ ВРАЧЕБНОЙ ПРАКТИКИ КАДАМЖАЙСКОГО РАЙОНА БАТКЕНСКОЙ ОБЛАСТИ;63;343;484;827;190;389;579;202;330;532;148;310;458
Баткенская обл.;4170500000000000;Кадамжайский р-н;41705258000000000;541521;КАДАМЖАЙ ЦОВП;ЦЕНТР ОБЩЕЙ ВРАЧЕБНОЙ ПРАКТИКИ КАДАМЖАЙСКОГО РАЙОНА БАТКЕНСКОЙ ОБЛАСТИ;64;375;501;876;220;418;638;183;277;460;114;254;368
Баткенская обл.;4170500000000000;Кадамжайский р-н;41705258000000000;541521;КАДАМЖАЙ ЦОВП;ЦЕНТР ОБЩЕЙ ВРАЧЕБНОЙ ПРАКТИКИ КАДАМЖАЙСКОГО РАЙОНА БАТКЕНСКОЙ ОБЛАСТИ;65;333;390;723;229;360;589;156;352;508;139;337;476
Баткенская обл.;4170500000000000;Кадамжайский р-н;41705258000000000;541521;КАДАМЖАЙ ЦОВП;ЦЕНТР ОБЩЕЙ ВРАЧЕБНОЙ ПРАКТИКИ КАДАМЖАЙСКОГО РАЙОНА БАТКЕНСКОЙ ОБЛАСТИ;66;303;394;697;279;375;654;167;283;450;157;268;425
Баткенская обл.;4170500000000000;Кадамжайский р-н;41705258000000000;541521;КАДАМЖАЙ ЦОВП;ЦЕНТР ОБЩЕЙ ВРАЧЕБНОЙ ПРАКТИКИ КАДАМЖАЙСКОГО РАЙОНА БАТКЕНСКОЙ ОБЛАСТИ;67;264;332;596;232;314;546;165;228;393;156;220;376
Баткенская обл.;4170500000000000;Кадамжайский р-н;41705258000000000;541521;КАДАМЖАЙ ЦОВП;ЦЕНТР ОБЩЕЙ ВРАЧЕБНОЙ ПРАКТИКИ КАДАМЖАЙСКОГО РАЙОНА БАТКЕНСКОЙ ОБЛАСТИ;68;227;345;572;206;322;528;128;190;318;121;181;302
Баткенская обл.;4170500000000000;Кадамжайский р-н;41705258000000000;541521;КАДАМЖАЙ ЦОВП;ЦЕНТР ОБЩЕЙ ВРАЧЕБНОЙ ПРАКТИКИ КАДАМЖАЙСКОГО РАЙОНА БАТКЕНСКОЙ ОБЛАСТИ;69;220;271;491;201;259;460;107;179;286;101;170;271
Баткенская обл.;4170500000000000;Кадамжайский р-н;41705258000000000;541521;КАДАМЖАЙ ЦОВП;ЦЕНТР ОБЩЕЙ ВРАЧЕБНОЙ ПРАКТИКИ КАДАМЖАЙСКОГО РАЙОНА БАТКЕНСКОЙ ОБЛАСТИ;70;181;209;390;173;203;376;122;174;296;114;168;282
Баткенская обл.;4170500000000000;Кадамжайский р-н;41705258000000000;541521;КАДАМЖАЙ ЦОВП;ЦЕНТР ОБЩЕЙ ВРАЧЕБНОЙ ПРАКТИКИ КАДАМЖАЙСКОГО РАЙОНА БАТКЕНСКОЙ ОБЛАСТИ;71;177;224;401;172;214;386;108;173;281;90;168;258
Баткенская обл.;4170500000000000;Кадамжайский р-н;41705258000000000;541521;КАДАМЖАЙ ЦОВП;ЦЕНТР ОБЩЕЙ ВРАЧЕБНОЙ ПРАКТИКИ КАДАМЖАЙСКОГО РАЙОНА БАТКЕНСКОЙ ОБЛАСТИ;72;157;217;374;151;205;356;88;160;248;82;150;232
Баткенская обл.;4170500000000000;Кадамжайский р-н;41705258000000000;541521;КАДАМЖАЙ ЦОВП;ЦЕНТР ОБЩЕЙ ВРАЧЕБНОЙ ПРАКТИКИ КАДАМЖАЙСКОГО РАЙОНА БАТКЕНСКОЙ ОБЛАСТИ;73;115;170;285;114;162;276;81;117;198;81;102;183
Баткенская обл.;4170500000000000;Кадамжайский р-н;41705258000000000;541521;КАДАМЖАЙ ЦОВП;ЦЕНТР ОБЩЕЙ ВРАЧЕБНОЙ ПРАКТИКИ КАДАМЖАЙСКОГО РАЙОНА БАТКЕНСКОЙ ОБЛАСТИ;74;105;188;293;100;182;282;84;102;186;84;100;184
Баткенская обл.;4170500000000000;Кадамжайский р-н;41705258000000000;541521;КАДАМЖАЙ ЦОВП;ЦЕНТР ОБЩЕЙ ВРАЧЕБНОЙ ПРАКТИКИ КАДАМЖАЙСКОГО РАЙОНА БАТКЕНСКОЙ ОБЛАСТИ;75;87;129;216;83;126;209;31;110;141;29;105;134
Баткенская обл.;4170500000000000;Кадамжайский р-н;41705258000000000;541521;КАДАМЖАЙ ЦОВП;ЦЕНТР ОБЩЕЙ ВРАЧЕБНОЙ ПРАКТИКИ КАДАМЖАЙСКОГО РАЙОНА БАТКЕНСКОЙ ОБЛАСТИ;76;71;102;173;66;96;162;39;61;100;36;57;93
Баткенская обл.;4170500000000000;Кадамжайский р-н;41705258000000000;541521;КАДАМЖАЙ ЦОВП;ЦЕНТР ОБЩЕЙ ВРАЧЕБНОЙ ПРАКТИКИ КАДАМЖАЙСКОГО РАЙОНА БАТКЕНСКОЙ ОБЛАСТИ;77;70;106;176;68;100;168;46;68;114;46;64;110
Баткенская обл.;4170500000000000;Кадамжайский р-н;41705258000000000;541521;КАДАМЖАЙ ЦОВП;ЦЕНТР ОБЩЕЙ ВРАЧЕБНОЙ ПРАКТИКИ КАДАМЖАЙСКОГО РАЙОНА БАТКЕНСКОЙ ОБЛАСТИ;78;50;57;107;50;56;106;20;27;47;19;27;46
Баткенская обл.;4170500000000000;Кадамжайский р-н;41705258000000000;541521;КАДАМЖАЙ ЦОВП;ЦЕНТР ОБЩЕЙ ВРАЧЕБНОЙ ПРАКТИКИ КАДАМЖАЙСКОГО РАЙОНА БАТКЕНСКОЙ ОБЛАСТИ;79;34;31;65;34;31;65;12;20;32;12;20;32
Баткенская обл.;4170500000000000;Кадамжайский р-н;41705258000000000;541521;КАДАМЖАЙ ЦОВП;ЦЕНТР ОБЩЕЙ ВРАЧЕБНОЙ ПРАКТИКИ КАДАМЖАЙСКОГО РАЙОНА БАТКЕНСКОЙ ОБЛАСТИ;80;24;36;60;24;35;59;16;21;37;16;21;37
Баткенская обл.;4170500000000000;Кадамжайский р-н;41705258000000000;541521;КАДАМЖАЙ ЦОВП;ЦЕНТР ОБЩЕЙ ВРАЧЕБНОЙ ПРАКТИКИ КАДАМЖАЙСКОГО РАЙОНА БАТКЕНСКОЙ ОБЛАСТИ;81;21;32;53;20;30;50;12;26;38;12;22;34
Баткенская обл.;4170500000000000;Кадамжайский р-н;41705258000000000;541521;КАДАМЖАЙ ЦОВП;ЦЕНТР ОБЩЕЙ ВРАЧЕБНОЙ ПРАКТИКИ КАДАМЖАЙСКОГО РАЙОНА БАТКЕНСКОЙ ОБЛАСТИ;82;39;46;85;39;42;81;25;20;45;22;18;40
Баткенская обл.;4170500000000000;Кадамжайский р-н;41705258000000000;541521;КАДАМЖАЙ ЦОВП;ЦЕНТР ОБЩЕЙ ВРАЧЕБНОЙ ПРАКТИКИ КАДАМЖАЙСКОГО РАЙОНА БАТКЕНСКОЙ ОБЛАСТИ;83;38;39;77;38;39;77;15;11;26;15;11;26
Баткенская обл.;4170500000000000;Кадамжайский р-н;41705258000000000;541521;КАДАМЖАЙ ЦОВП;ЦЕНТР ОБЩЕЙ ВРАЧЕБНОЙ ПРАКТИКИ КАДАМЖАЙСКОГО РАЙОНА БАТКЕНСКОЙ ОБЛАСТИ;84;49;84;133;44;82;126;17;29;46;10;29;39
Баткенская обл.;4170500000000000;Кадамжайский р-н;41705258000000000;541521;КАДАМЖАЙ ЦОВП;ЦЕНТР ОБЩЕЙ ВРАЧЕБНОЙ ПРАКТИКИ КАДАМЖАЙСКОГО РАЙОНА БАТКЕНСКОЙ ОБЛАСТИ;85;29;66;95;28;63;91;14;27;41;12;22;34
Баткенская обл.;4170500000000000;Кадамжайский р-н;41705258000000000;541521;КАДАМЖАЙ ЦОВП;ЦЕНТР ОБЩЕЙ ВРАЧЕБНОЙ ПРАКТИКИ КАДАМЖАЙСКОГО РАЙОНА БАТКЕНСКОЙ ОБЛАСТИ;86;24;57;81;23;51;74;5;16;21;5;14;19
Баткенская обл.;4170500000000000;Кадамжайский р-н;41705258000000000;541521;КАДАМЖАЙ ЦОВП;ЦЕНТР ОБЩЕЙ ВРАЧЕБНОЙ ПРАКТИКИ КАДАМЖАЙСКОГО РАЙОНА БАТКЕНСКОЙ ОБЛАСТИ;87;11;46;57;11;45;56;7;15;22;7;15;22
Баткенская обл.;4170500000000000;Кадамжайский р-н;41705258000000000;541521;КАДАМЖАЙ ЦОВП;ЦЕНТР ОБЩЕЙ ВРАЧЕБНОЙ ПРАКТИКИ КАДАМЖАЙСКОГО РАЙОНА БАТКЕНСКОЙ ОБЛАСТИ;88;18;50;68;16;50;66;2;11;13;0;9;9
Баткенская обл.;4170500000000000;Кадамжайский р-н;41705258000000000;541521;КАДАМЖАЙ ЦОВП;ЦЕНТР ОБЩЕЙ ВРАЧЕБНОЙ ПРАКТИКИ КАДАМЖАЙСКОГО РАЙОНА БАТКЕНСКОЙ ОБЛАСТИ;89;16;39;55;15;38;53;8;5;13;8;4;12
Баткенская обл.;4170500000000000;Кадамжайский р-н;41705258000000000;541521;КАДАМЖАЙ ЦОВП;ЦЕНТР ОБЩЕЙ ВРАЧЕБНОЙ ПРАКТИКИ КАДАМЖАЙСКОГО РАЙОНА БАТКЕНСКОЙ ОБЛАСТИ;90;20;29;49;19;28;47;0;3;3;0;3;3
Баткенская обл.;4170500000000000;Кадамжайский р-н;41705258000000000;541521;КАДАМЖАЙ ЦОВП;ЦЕНТР ОБЩЕЙ ВРАЧЕБНОЙ ПРАКТИКИ КАДАМЖАЙСКОГО РАЙОНА БАТКЕНСКОЙ ОБЛАСТИ;91;17;22;39;17;21;38;2;3;5;2;3;5
Баткенская обл.;4170500000000000;Кадамжайский р-н;41705258000000000;541521;КАДАМЖАЙ ЦОВП;ЦЕНТР ОБЩЕЙ ВРАЧЕБНОЙ ПРАКТИКИ КАДАМЖАЙСКОГО РАЙОНА БАТКЕНСКОЙ ОБЛАСТИ;92;9;25;34;9;23;32;0;5;5;0;5;5
Баткенская обл.;4170500000000000;Кадамжайский р-н;41705258000000000;541521;КАДАМЖАЙ ЦОВП;ЦЕНТР ОБЩЕЙ ВРАЧЕБНОЙ ПРАКТИКИ КАДАМЖАЙСКОГО РАЙОНА БАТКЕНСКОЙ ОБЛАСТИ;93;1;18;19;1;18;19;2;0;2;2;0;2
Баткенская обл.;4170500000000000;Кадамжайский р-н;41705258000000000;541521;КАДАМЖАЙ ЦОВП;ЦЕНТР ОБЩЕЙ ВРАЧЕБНОЙ ПРАКТИКИ КАДАМЖАЙСКОГО РАЙОНА БАТКЕНСКОЙ ОБЛАСТИ;94;5;41;46;4;41;45;2;0;2;2;0;2
Баткенская обл.;4170500000000000;Кадамжайский р-н;41705258000000000;541521;КАДАМЖАЙ ЦОВП;ЦЕНТР ОБЩЕЙ ВРАЧЕБНОЙ ПРАКТИКИ КАДАМЖАЙСКОГО РАЙОНА БАТКЕНСКОЙ ОБЛАСТИ;95;6;5;11;6;5;11;0;1;1;0;1;1
Баткенская обл.;4170500000000000;Кадамжайский р-н;41705258000000000;541521;КАДАМЖАЙ ЦОВП;ЦЕНТР ОБЩЕЙ ВРАЧЕБНОЙ ПРАКТИКИ КАДАМЖАЙСКОГО РАЙОНА БАТКЕНСКОЙ ОБЛАСТИ;96;6;21;27;6;21;27;7;1;8;7;1;8
Баткенская обл.;4170500000000000;Кадамжайский р-н;41705258000000000;541521;КАДАМЖАЙ ЦОВП;ЦЕНТР ОБЩЕЙ ВРАЧЕБНОЙ ПРАКТИКИ КАДАМЖАЙСКОГО РАЙОНА БАТКЕНСКОЙ ОБЛАСТИ;99;2;4;6;2;4;6;1;0;1;1;0;1
Ошская обл.;4170600000000000;Кара-Сууйский р-н;41706226000000000;643331;Кашкар-Кыштак ФЦОВП;Кашкар-Кыштак ФЦОВП;12;0;0;0;0;0;0;2;0;2;2;0;2
Ошская обл.;4170600000000000;Кара-Сууйский р-н;41706226000000000;643331;Кашкар-Кыштак ФЦОВП;Кашкар-Кыштак ФЦОВП;13;0;0;0;0;0;0;1;0;1;1;0;1
Бишкек г.;4171100000000000;Первомайский р-н;41711203000000000;102412;КБ УДП КР;КЛИНИЧЕСКАЯ БОЛЬНИЦА  УПРАВЛЕНИЯ ДЕЛАМИ ПРЕЗИДЕНТА КЫРГЫЗСКОЙ РЕСПУБЛИКИ;0;9;14;23;9;14;23;28;64;92;28;64;92
Бишкек г.;4171100000000000;Первомайский р-н;41711203000000000;102412;КБ УДП КР;КЛИНИЧЕСКАЯ БОЛЬНИЦА  УПРАВЛЕНИЯ ДЕЛАМИ ПРЕЗИДЕНТА КЫРГЫЗСКОЙ РЕСПУБЛИКИ;1;27;34;61;27;34;61;52;25;77;52;25;77
Бишкек г.;4171100000000000;Первомайский р-н;41711203000000000;102412;КБ УДП КР;КЛИНИЧЕСКАЯ БОЛЬНИЦА  УПРАВЛЕНИЯ ДЕЛАМИ ПРЕЗИДЕНТА КЫРГЫЗСКОЙ РЕСПУБЛИКИ;2;32;21;53;32;21;53;35;54;89;35;54;89
Бишкек г.;4171100000000000;Первомайский р-н;41711203000000000;102412;КБ УДП КР;КЛИНИЧЕСКАЯ БОЛЬНИЦА  УПРАВЛЕНИЯ ДЕЛАМИ ПРЕЗИДЕНТА КЫРГЫЗСКОЙ РЕСПУБЛИКИ;3;41;39;80;41;39;80;45;22;67;45;22;67
Бишкек г.;4171100000000000;Первомайский р-н;41711203000000000;102412;КБ УДП КР;КЛИНИЧЕСКАЯ БОЛЬНИЦА  УПРАВЛЕНИЯ ДЕЛАМИ ПРЕЗИДЕНТА КЫРГЫЗСКОЙ РЕСПУБЛИКИ;4;45;37;82;45;37;82;48;25;73;48;25;73
Бишкек г.;4171100000000000;Первомайский р-н;41711203000000000;102412;КБ УДП КР;КЛИНИЧЕСКАЯ БОЛЬНИЦА  УПРАВЛЕНИЯ ДЕЛАМИ ПРЕЗИДЕНТА КЫРГЫЗСКОЙ РЕСПУБЛИКИ;5;45;37;82;45;37;82;42;39;81;42;39;81
Бишкек г.;4171100000000000;Первомайский р-н;41711203000000000;102412;КБ УДП КР;КЛИНИЧЕСКАЯ БОЛЬНИЦА  УПРАВЛЕНИЯ ДЕЛАМИ ПРЕЗИДЕНТА КЫРГЫЗСКОЙ РЕСПУБЛИКИ;6;51;48;99;51;48;99;54;33;87;54;33;87
Бишкек г.;4171100000000000;Первомайский р-н;41711203000000000;102412;КБ УДП КР;КЛИНИЧЕСКАЯ БОЛЬНИЦА  УПРАВЛЕНИЯ ДЕЛАМИ ПРЕЗИДЕНТА КЫРГЫЗСКОЙ РЕСПУБЛИКИ;7;48;39;87;48;39;87;33;26;59;33;26;59
Бишкек г.;4171100000000000;Первомайский р-н;41711203000000000;102412;КБ УДП КР;КЛИНИЧЕСКАЯ БОЛЬНИЦА  УПРАВЛЕНИЯ ДЕЛАМИ ПРЕЗИДЕНТА КЫРГЫЗСКОЙ РЕСПУБЛИКИ;8;61;60;121;61;60;121;31;26;57;31;26;57
Бишкек г.;4171100000000000;Первомайский р-н;41711203000000000;102412;КБ УДП КР;КЛИНИЧЕСКАЯ БОЛЬНИЦА  УПРАВЛЕНИЯ ДЕЛАМИ ПРЕЗИДЕНТА КЫРГЫЗСКОЙ РЕСПУБЛИКИ;9;65;49;114;65;49;114;27;29;56;27;29;56
Бишкек г.;4171100000000000;Первомайский р-н;41711203000000000;102412;КБ УДП КР;КЛИНИЧЕСКАЯ БОЛЬНИЦА  УПРАВЛЕНИЯ ДЕЛАМИ ПРЕЗИДЕНТА КЫРГЫЗСКОЙ РЕСПУБЛИКИ;10;49;60;109;49;60;109;18;22;40;18;22;40
Бишкек г.;4171100000000000;Первомайский р-н;41711203000000000;102412;КБ УДП КР;КЛИНИЧЕСКАЯ БОЛЬНИЦА  УПРАВЛЕНИЯ ДЕЛАМИ ПРЕЗИДЕНТА КЫРГЫЗСКОЙ РЕСПУБЛИКИ;11;64;48;112;64;48;112;42;51;93;42;51;93
Бишкек г.;4171100000000000;Первомайский р-н;41711203000000000;102412;КБ УДП КР;КЛИНИЧЕСКАЯ БОЛЬНИЦА  УПРАВЛЕНИЯ ДЕЛАМИ ПРЕЗИДЕНТА КЫРГЫЗСКОЙ РЕСПУБЛИКИ;12;68;55;123;68;55;123;17;20;37;17;20;37
Бишкек г.;4171100000000000;Первомайский р-н;41711203000000000;102412;КБ УДП КР;КЛИНИЧЕСКАЯ БОЛЬНИЦА  УПРАВЛЕНИЯ ДЕЛАМИ ПРЕЗИДЕНТА КЫРГЫЗСКОЙ РЕСПУБЛИКИ;13;52;44;96;52;44;96;15;29;44;15;29;44
Бишкек г.;4171100000000000;Первомайский р-н;41711203000000000;102412;КБ УДП КР;КЛИНИЧЕСКАЯ БОЛЬНИЦА  УПРАВЛЕНИЯ ДЕЛАМИ ПРЕЗИДЕНТА КЫРГЫЗСКОЙ РЕСПУБЛИКИ;14;55;64;119;55;64;119;49;50;99;49;50;99
Бишкек г.;4171100000000000;Первомайский р-н;41711203000000000;102412;КБ УДП КР;КЛИНИЧЕСКАЯ БОЛЬНИЦА  УПРАВЛЕНИЯ ДЕЛАМИ ПРЕЗИДЕНТА КЫРГЫЗСКОЙ РЕСПУБЛИКИ;15;73;64;137;73;64;137;52;16;68;52;16;68
Бишкек г.;4171100000000000;Первомайский р-н;41711203000000000;102412;КБ УДП КР;КЛИНИЧЕСКАЯ БОЛЬНИЦА  УПРАВЛЕНИЯ ДЕЛАМИ ПРЕЗИДЕНТА КЫРГЫЗСКОЙ РЕСПУБЛИКИ;16;66;57;123;66;57;123;43;49;92;42;48;90
Бишкек г.;4171100000000000;Первомайский р-н;41711203000000000;102412;КБ УДП КР;КЛИНИЧЕСКАЯ БОЛЬНИЦА  УПРАВЛЕНИЯ ДЕЛАМИ ПРЕЗИДЕНТА КЫРГЫЗСКОЙ РЕСПУБЛИКИ;17;51;59;110;48;57;105;40;24;64;39;22;61
Бишкек г.;4171100000000000;Первомайский р-н;41711203000000000;102412;КБ УДП КР;КЛИНИЧЕСКАЯ БОЛЬНИЦА  УПРАВЛЕНИЯ ДЕЛАМИ ПРЕЗИДЕНТА КЫРГЫЗСКОЙ РЕСПУБЛИКИ;18;42;50;92;39;48;87;57;57;114;48;49;97
Бишкек г.;4171100000000000;Первомайский р-н;41711203000000000;102412;КБ УДП КР;КЛИНИЧЕСКАЯ БОЛЬНИЦА  УПРАВЛЕНИЯ ДЕЛАМИ ПРЕЗИДЕНТА КЫРГЫЗСКОЙ РЕСПУБЛИКИ;19;6;6;12;1;3;4;6;9;15;0;1;1
Бишкек г.;4171100000000000;Первомайский р-н;41711203000000000;102412;КБ УДП КР;КЛИНИЧЕСКАЯ БОЛЬНИЦА  УПРАВЛЕНИЯ ДЕЛАМИ ПРЕЗИДЕНТА КЫРГЫЗСКОЙ РЕСПУБЛИКИ;20;2;5;7;1;0;1;7;16;23;7;9;16
Бишкек г.;4171100000000000;Первомайский р-н;41711203000000000;102412;КБ УДП КР;КЛИНИЧЕСКАЯ БОЛЬНИЦА  УПРАВЛЕНИЯ ДЕЛАМИ ПРЕЗИДЕНТА КЫРГЫЗСКОЙ РЕСПУБЛИКИ;21;0;3;3;0;0;0;0;3;3;0;3;3
Бишкек г.;4171100000000000;Первомайский р-н;41711203000000000;102412;КБ УДП КР;КЛИНИЧЕСКАЯ БОЛЬНИЦА  УПРАВЛЕНИЯ ДЕЛАМИ ПРЕЗИДЕНТА КЫРГЫЗСКОЙ РЕСПУБЛИКИ;22;2;7;9;1;1;2;0;1;1;0;1;1
Бишкек г.;4171100000000000;Первомайский р-н;41711203000000000;102412;КБ УДП КР;КЛИНИЧЕСКАЯ БОЛЬНИЦА  УПРАВЛЕНИЯ ДЕЛАМИ ПРЕЗИДЕНТА КЫРГЫЗСКОЙ РЕСПУБЛИКИ;23;3;10;13;2;3;5;0;4;4;0;2;2
Бишкек г.;4171100000000000;Первомайский р-н;41711203000000000;102412;КБ УДП КР;КЛИНИЧЕСКАЯ БОЛЬНИЦА  УПРАВЛЕНИЯ ДЕЛАМИ ПРЕЗИДЕНТА КЫРГЫЗСКОЙ РЕСПУБЛИКИ;24;2;9;11;2;7;9;2;23;25;0;22;22
Бишкек г.;4171100000000000;Первомайский р-н;41711203000000000;102412;КБ УДП КР;КЛИНИЧЕСКАЯ БОЛЬНИЦА  УПРАВЛЕНИЯ ДЕЛАМИ ПРЕЗИДЕНТА КЫРГЫЗСКОЙ РЕСПУБЛИКИ;25;4;21;25;4;13;17;1;16;17;1;7;8
Бишкек г.;4171100000000000;Первомайский р-н;41711203000000000;102412;КБ УДП КР;КЛИНИЧЕСКАЯ БОЛЬНИЦА  УПРАВЛЕНИЯ ДЕЛАМИ ПРЕЗИДЕНТА КЫРГЫЗСКОЙ РЕСПУБЛИКИ;26;6;16;22;5;13;18;2;5;7;2;2;4
Бишкек г.;4171100000000000;Первомайский р-н;41711203000000000;102412;КБ УДП КР;КЛИНИЧЕСКАЯ БОЛЬНИЦА  УПРАВЛЕНИЯ ДЕЛАМИ ПРЕЗИДЕНТА КЫРГЫЗСКОЙ РЕСПУБЛИКИ;27;10;17;27;7;14;21;2;19;21;2;19;21
Бишкек г.;4171100000000000;Первомайский р-н;41711203000000000;102412;КБ УДП КР;КЛИНИЧЕСКАЯ БОЛЬНИЦА  УПРАВЛЕНИЯ ДЕЛАМИ ПРЕЗИДЕНТА КЫРГЫЗСКОЙ РЕСПУБЛИКИ;28;13;25;38;11;22;33;6;47;53;5;47;52
Бишкек г.;4171100000000000;Первомайский р-н;41711203000000000;102412;КБ УДП КР;КЛИНИЧЕСКАЯ БОЛЬНИЦА  УПРАВЛЕНИЯ ДЕЛАМИ ПРЕЗИДЕНТА КЫРГЫЗСКОЙ РЕСПУБЛИКИ;29;17;34;51;12;28;40;4;15;19;4;11;15
Бишкек г.;4171100000000000;Первомайский р-н;41711203000000000;102412;КБ УДП КР;КЛИНИЧЕСКАЯ БОЛЬНИЦА  УПРАВЛЕНИЯ ДЕЛАМИ ПРЕЗИДЕНТА КЫРГЫЗСКОЙ РЕСПУБЛИКИ;30;15;33;48;14;27;41;10;8;18;9;6;15
Бишкек г.;4171100000000000;Первомайский р-н;41711203000000000;102412;КБ УДП КР;КЛИНИЧЕСКАЯ БОЛЬНИЦА  УПРАВЛЕНИЯ ДЕЛАМИ ПРЕЗИДЕНТА КЫРГЫЗСКОЙ РЕСПУБЛИКИ;31;29;39;68;27;34;61;7;27;34;7;23;30
Бишкек г.;4171100000000000;Первомайский р-н;41711203000000000;102412;КБ УДП КР;КЛИНИЧЕСКАЯ БОЛЬНИЦА  УПРАВЛЕНИЯ ДЕЛАМИ ПРЕЗИДЕНТА КЫРГЫЗСКОЙ РЕСПУБЛИКИ;32;31;50;81;28;39;67;32;20;52;28;18;46
Бишкек г.;4171100000000000;Первомайский р-н;41711203000000000;102412;КБ УДП КР;КЛИНИЧЕСКАЯ БОЛЬНИЦА  УПРАВЛЕНИЯ ДЕЛАМИ ПРЕЗИДЕНТА КЫРГЫЗСКОЙ РЕСПУБЛИКИ;33;39;44;83;33;37;70;8;10;18;7;6;13
Бишкек г.;4171100000000000;Первомайский р-н;41711203000000000;102412;КБ УДП КР;КЛИНИЧЕСКАЯ БОЛЬНИЦА  УПРАВЛЕНИЯ ДЕЛАМИ ПРЕЗИДЕНТА КЫРГЫЗСКОЙ РЕСПУБЛИКИ;34;43;51;94;39;46;85;19;26;45;17;22;39
Бишкек г.;4171100000000000;Первомайский р-н;41711203000000000;102412;КБ УДП КР;КЛИНИЧЕСКАЯ БОЛЬНИЦА  УПРАВЛЕНИЯ ДЕЛАМИ ПРЕЗИДЕНТА КЫРГЫЗСКОЙ РЕСПУБЛИКИ;35;37;50;87;33;43;76;9;36;45;5;36;41
Бишкек г.;4171100000000000;Первомайский р-н;41711203000000000;102412;КБ УДП КР;КЛИНИЧЕСКАЯ БОЛЬНИЦА  УПРАВЛЕНИЯ ДЕЛАМИ ПРЕЗИДЕНТА КЫРГЫЗСКОЙ РЕСПУБЛИКИ;36;45;54;99;40;50;90;33;30;63;26;22;48
Бишкек г.;4171100000000000;Первомайский р-н;41711203000000000;102412;КБ УДП КР;КЛИНИЧЕСКАЯ БОЛЬНИЦА  УПРАВЛЕНИЯ ДЕЛАМИ ПРЕЗИДЕНТА КЫРГЫЗСКОЙ РЕСПУБЛИКИ;37;50;54;104;42;46;88;19;24;43;14;22;36
Бишкек г.;4171100000000000;Первомайский р-н;41711203000000000;102412;КБ УДП КР;КЛИНИЧЕСКАЯ БОЛЬНИЦА  УПРАВЛЕНИЯ ДЕЛАМИ ПРЕЗИДЕНТА КЫРГЫЗСКОЙ РЕСПУБЛИКИ;38;69;55;124;61;45;106;55;17;72;43;16;59
Бишкек г.;4171100000000000;Первомайский р-н;41711203000000000;102412;КБ УДП КР;КЛИНИЧЕСКАЯ БОЛЬНИЦА  УПРАВЛЕНИЯ ДЕЛАМИ ПРЕЗИДЕНТА КЫРГЫЗСКОЙ РЕСПУБЛИКИ;39;61;55;116;53;43;96;34;17;51;20;16;36
Бишкек г.;4171100000000000;Первомайский р-н;41711203000000000;102412;КБ УДП КР;КЛИНИЧЕСКАЯ БОЛЬНИЦА  УПРАВЛЕНИЯ ДЕЛАМИ ПРЕЗИДЕНТА КЫРГЫЗСКОЙ РЕСПУБЛИКИ;40;50;65;115;44;54;98;14;35;49;14;32;46
Бишкек г.;4171100000000000;Первомайский р-н;41711203000000000;102412;КБ УДП КР;КЛИНИЧЕСКАЯ БОЛЬНИЦА  УПРАВЛЕНИЯ ДЕЛАМИ ПРЕЗИДЕНТА КЫРГЫЗСКОЙ РЕСПУБЛИКИ;41;54;58;112;51;49;100;34;37;71;31;23;54
Бишкек г.;4171100000000000;Первомайский р-н;41711203000000000;102412;КБ УДП КР;КЛИНИЧЕСКАЯ БОЛЬНИЦА  УПРАВЛЕНИЯ ДЕЛАМИ ПРЕЗИДЕНТА КЫРГЫЗСКОЙ РЕСПУБЛИКИ;42;70;63;133;65;57;122;25;26;51;21;26;47
Бишкек г.;4171100000000000;Первомайский р-н;41711203000000000;102412;КБ УДП КР;КЛИНИЧЕСКАЯ БОЛЬНИЦА  УПРАВЛЕНИЯ ДЕЛАМИ ПРЕЗИДЕНТА КЫРГЫЗСКОЙ РЕСПУБЛИКИ;43;54;72;126;43;55;98;32;25;57;24;22;46
Бишкек г.;4171100000000000;Первомайский р-н;41711203000000000;102412;КБ УДП КР;КЛИНИЧЕСКАЯ БОЛЬНИЦА  УПРАВЛЕНИЯ ДЕЛАМИ ПРЕЗИДЕНТА КЫРГЫЗСКОЙ РЕСПУБЛИКИ;44;64;77;141;60;59;119;23;33;56;22;22;44
Бишкек г.;4171100000000000;Первомайский р-н;41711203000000000;102412;КБ УДП КР;КЛИНИЧЕСКАЯ БОЛЬНИЦА  УПРАВЛЕНИЯ ДЕЛАМИ ПРЕЗИДЕНТА КЫРГЫЗСКОЙ РЕСПУБЛИКИ;45;60;86;146;56;74;130;21;19;40;18;16;34
Бишкек г.;4171100000000000;Первомайский р-н;41711203000000000;102412;КБ УДП КР;КЛИНИЧЕСКАЯ БОЛЬНИЦА  УПРАВЛЕНИЯ ДЕЛАМИ ПРЕЗИДЕНТА КЫРГЫЗСКОЙ РЕСПУБЛИКИ;46;62;76;138;54;67;121;36;34;70;35;16;51
Бишкек г.;4171100000000000;Первомайский р-н;41711203000000000;102412;КБ УДП КР;КЛИНИЧЕСКАЯ БОЛЬНИЦА  УПРАВЛЕНИЯ ДЕЛАМИ ПРЕЗИДЕНТА КЫРГЫЗСКОЙ РЕСПУБЛИКИ;47;62;72;134;55;59;114;23;28;51;23;28;51
Бишкек г.;4171100000000000;Первомайский р-н;41711203000000000;102412;КБ УДП КР;КЛИНИЧЕСКАЯ БОЛЬНИЦА  УПРАВЛЕНИЯ ДЕЛАМИ ПРЕЗИДЕНТА КЫРГЫЗСКОЙ РЕСПУБЛИКИ;48;58;51;109;52;43;95;23;29;52;19;28;47
Бишкек г.;4171100000000000;Первомайский р-н;41711203000000000;102412;КБ УДП КР;КЛИНИЧЕСКАЯ БОЛЬНИЦА  УПРАВЛЕНИЯ ДЕЛАМИ ПРЕЗИДЕНТА КЫРГЫЗСКОЙ РЕСПУБЛИКИ;49;59;70;129;53;65;118;22;53;75;21;47;68
Бишкек г.;4171100000000000;Первомайский р-н;41711203000000000;102412;КБ УДП КР;КЛИНИЧЕСКАЯ БОЛЬНИЦА  УПРАВЛЕНИЯ ДЕЛАМИ ПРЕЗИДЕНТА КЫРГЫЗСКОЙ РЕСПУБЛИКИ;50;47;76;123;39;70;109;7;35;42;6;35;41
Бишкек г.;4171100000000000;Первомайский р-н;41711203000000000;102412;КБ УДП КР;КЛИНИЧЕСКАЯ БОЛЬНИЦА  УПРАВЛЕНИЯ ДЕЛАМИ ПРЕЗИДЕНТА КЫРГЫЗСКОЙ РЕСПУБЛИКИ;51;54;59;113;45;50;95;13;20;33;10;19;29
Бишкек г.;4171100000000000;Первомайский р-н;41711203000000000;102412;КБ УДП КР;КЛИНИЧЕСКАЯ БОЛЬНИЦА  УПРАВЛЕНИЯ ДЕЛАМИ ПРЕЗИДЕНТА КЫРГЫЗСКОЙ РЕСПУБЛИКИ;52;54;71;125;47;66;113;24;17;41;21;17;38
Бишкек г.;4171100000000000;Первомайский р-н;41711203000000000;102412;КБ УДП КР;КЛИНИЧЕСКАЯ БОЛЬНИЦА  УПРАВЛЕНИЯ ДЕЛАМИ ПРЕЗИДЕНТА КЫРГЫЗСКОЙ РЕСПУБЛИКИ;53;45;67;112;40;65;105;15;20;35;14;20;34
Бишкек г.;4171100000000000;Первомайский р-н;41711203000000000;102412;КБ УДП КР;КЛИНИЧЕСКАЯ БОЛЬНИЦА  УПРАВЛЕНИЯ ДЕЛАМИ ПРЕЗИДЕНТА КЫРГЫЗСКОЙ РЕСПУБЛИКИ;54;45;71;116;43;61;104;21;25;46;19;22;41
Бишкек г.;4171100000000000;Первомайский р-н;41711203000000000;102412;КБ УДП КР;КЛИНИЧЕСКАЯ БОЛЬНИЦА  УПРАВЛЕНИЯ ДЕЛАМИ ПРЕЗИДЕНТА КЫРГЫЗСКОЙ РЕСПУБЛИКИ;55;57;76;133;50;67;117;19;26;45;17;16;33
Бишкек г.;4171100000000000;Первомайский р-н;41711203000000000;102412;КБ УДП КР;КЛИНИЧЕСКАЯ БОЛЬНИЦА  УПРАВЛЕНИЯ ДЕЛАМИ ПРЕЗИДЕНТА КЫРГЫЗСКОЙ РЕСПУБЛИКИ;56;53;77;130;50;69;119;16;45;61;16;42;58
Бишкек г.;4171100000000000;Первомайский р-н;41711203000000000;102412;КБ УДП КР;КЛИНИЧЕСКАЯ БОЛЬНИЦА  УПРАВЛЕНИЯ ДЕЛАМИ ПРЕЗИДЕНТА КЫРГЫЗСКОЙ РЕСПУБЛИКИ;57;47;73;120;42;65;107;16;34;50;13;34;47
Бишкек г.;4171100000000000;Первомайский р-н;41711203000000000;102412;КБ УДП КР;КЛИНИЧЕСКАЯ БОЛЬНИЦА  УПРАВЛЕНИЯ ДЕЛАМИ ПРЕЗИДЕНТА КЫРГЫЗСКОЙ РЕСПУБЛИКИ;58;48;92;140;46;84;130;15;73;88;15;72;87
Бишкек г.;4171100000000000;Первомайский р-н;41711203000000000;102412;КБ УДП КР;КЛИНИЧЕСКАЯ БОЛЬНИЦА  УПРАВЛЕНИЯ ДЕЛАМИ ПРЕЗИДЕНТА КЫРГЫЗСКОЙ РЕСПУБЛИКИ;59;56;67;123;56;62;118;25;24;49;25;24;49
Бишкек г.;4171100000000000;Первомайский р-н;41711203000000000;102412;КБ УДП КР;КЛИНИЧЕСКАЯ БОЛЬНИЦА  УПРАВЛЕНИЯ ДЕЛАМИ ПРЕЗИДЕНТА КЫРГЫЗСКОЙ РЕСПУБЛИКИ;60;57;73;130;55;72;127;29;22;51;26;22;48
Бишкек г.;4171100000000000;Первомайский р-н;41711203000000000;102412;КБ УДП КР;КЛИНИЧЕСКАЯ БОЛЬНИЦА  УПРАВЛЕНИЯ ДЕЛАМИ ПРЕЗИДЕНТА КЫРГЫЗСКОЙ РЕСПУБЛИКИ;61;79;62;141;74;58;132;29;21;50;29;20;49
Бишкек г.;4171100000000000;Первомайский р-н;41711203000000000;102412;КБ УДП КР;КЛИНИЧЕСКАЯ БОЛЬНИЦА  УПРАВЛЕНИЯ ДЕЛАМИ ПРЕЗИДЕНТА КЫРГЫЗСКОЙ РЕСПУБЛИКИ;62;67;72;139;62;70;132;21;19;40;19;18;37
Бишкек г.;4171100000000000;Первомайский р-н;41711203000000000;102412;КБ УДП КР;КЛИНИЧЕСКАЯ БОЛЬНИЦА  УПРАВЛЕНИЯ ДЕЛАМИ ПРЕЗИДЕНТА КЫРГЫЗСКОЙ РЕСПУБЛИКИ;63;74;95;169;71;95;166;20;32;52;19;32;51
Бишкек г.;4171100000000000;Первомайский р-н;41711203000000000;102412;КБ УДП КР;КЛИНИЧЕСКАЯ БОЛЬНИЦА  УПРАВЛЕНИЯ ДЕЛАМИ ПРЕЗИДЕНТА КЫРГЫЗСКОЙ РЕСПУБЛИКИ;64;76;90;166;73;90;163;37;23;60;37;23;60
Бишкек г.;4171100000000000;Первомайский р-н;41711203000000000;102412;КБ УДП КР;КЛИНИЧЕСКАЯ БОЛЬНИЦА  УПРАВЛЕНИЯ ДЕЛАМИ ПРЕЗИДЕНТА КЫРГЫЗСКОЙ РЕСПУБЛИКИ;65;68;76;144;67;76;143;21;26;47;21;26;47
Бишкек г.;4171100000000000;Первомайский р-н;41711203000000000;102412;КБ УДП КР;КЛИНИЧЕСКАЯ БОЛЬНИЦА  УПРАВЛЕНИЯ ДЕЛАМИ ПРЕЗИДЕНТА КЫРГЫЗСКОЙ РЕСПУБЛИКИ;66;81;84;165;81;84;165;30;29;59;30;29;59
Бишкек г.;4171100000000000;Первомайский р-н;41711203000000000;102412;КБ УДП КР;КЛИНИЧЕСКАЯ БОЛЬНИЦА  УПРАВЛЕНИЯ ДЕЛАМИ ПРЕЗИДЕНТА КЫРГЫЗСКОЙ РЕСПУБЛИКИ;67;71;67;138;71;67;138;22;35;57;22;35;57
Бишкек г.;4171100000000000;Первомайский р-н;41711203000000000;102412;КБ УДП КР;КЛИНИЧЕСКАЯ БОЛЬНИЦА  УПРАВЛЕНИЯ ДЕЛАМИ ПРЕЗИДЕНТА КЫРГЫЗСКОЙ РЕСПУБЛИКИ;68;84;78;162;84;78;162;32;23;55;32;23;55
Бишкек г.;4171100000000000;Первомайский р-н;41711203000000000;102412;КБ УДП КР;КЛИНИЧЕСКАЯ БОЛЬНИЦА  УПРАВЛЕНИЯ ДЕЛАМИ ПРЕЗИДЕНТА КЫРГЫЗСКОЙ РЕСПУБЛИКИ;69;90;81;171;90;81;171;23;28;51;22;28;50
Бишкек г.;4171100000000000;Первомайский р-н;41711203000000000;102412;КБ УДП КР;КЛИНИЧЕСКАЯ БОЛЬНИЦА  УПРАВЛЕНИЯ ДЕЛАМИ ПРЕЗИДЕНТА КЫРГЫЗСКОЙ РЕСПУБЛИКИ;70;60;72;132;59;72;131;33;44;77;33;44;77
Бишкек г.;4171100000000000;Первомайский р-н;41711203000000000;102412;КБ УДП КР;КЛИНИЧЕСКАЯ БОЛЬНИЦА  УПРАВЛЕНИЯ ДЕЛАМИ ПРЕЗИДЕНТА КЫРГЫЗСКОЙ РЕСПУБЛИКИ;71;100;89;189;100;89;189;40;60;100;40;60;100
Бишкек г.;4171100000000000;Первомайский р-н;41711203000000000;102412;КБ УДП КР;КЛИНИЧЕСКАЯ БОЛЬНИЦА  УПРАВЛЕНИЯ ДЕЛАМИ ПРЕЗИДЕНТА КЫРГЫЗСКОЙ РЕСПУБЛИКИ;72;77;92;169;77;92;169;18;33;51;18;33;51
Бишкек г.;4171100000000000;Первомайский р-н;41711203000000000;102412;КБ УДП КР;КЛИНИЧЕСКАЯ БОЛЬНИЦА  УПРАВЛЕНИЯ ДЕЛАМИ ПРЕЗИДЕНТА КЫРГЫЗСКОЙ РЕСПУБЛИКИ;73;76;85;161;76;85;161;20;32;52;20;32;52
Бишкек г.;4171100000000000;Первомайский р-н;41711203000000000;102412;КБ УДП КР;КЛИНИЧЕСКАЯ БОЛЬНИЦА  УПРАВЛЕНИЯ ДЕЛАМИ ПРЕЗИДЕНТА КЫРГЫЗСКОЙ РЕСПУБЛИКИ;74;64;91;155;64;91;155;23;35;58;23;35;58
Бишкек г.;4171100000000000;Первомайский р-н;41711203000000000;102412;КБ УДП КР;КЛИНИЧЕСКАЯ БОЛЬНИЦА  УПРАВЛЕНИЯ ДЕЛАМИ ПРЕЗИДЕНТА КЫРГЫЗСКОЙ РЕСПУБЛИКИ;75;82;105;187;82;105;187;17;46;63;17;46;63
Бишкек г.;4171100000000000;Первомайский р-н;41711203000000000;102412;КБ УДП КР;КЛИНИЧЕСКАЯ БОЛЬНИЦА  УПРАВЛЕНИЯ ДЕЛАМИ ПРЕЗИДЕНТА КЫРГЫЗСКОЙ РЕСПУБЛИКИ;76;59;90;149;59;90;149;36;17;53;36;17;53
Бишкек г.;4171100000000000;Первомайский р-н;41711203000000000;102412;КБ УДП КР;КЛИНИЧЕСКАЯ БОЛЬНИЦА  УПРАВЛЕНИЯ ДЕЛАМИ ПРЕЗИДЕНТА КЫРГЫЗСКОЙ РЕСПУБЛИКИ;77;76;90;166;76;90;166;33;31;64;33;31;64
Бишкек г.;4171100000000000;Первомайский р-н;41711203000000000;102412;КБ УДП КР;КЛИНИЧЕСКАЯ БОЛЬНИЦА  УПРАВЛЕНИЯ ДЕЛАМИ ПРЕЗИДЕНТА КЫРГЫЗСКОЙ РЕСПУБЛИКИ;78;43;50;93;43;50;93;6;7;13;6;7;13
Бишкек г.;4171100000000000;Первомайский р-н;41711203000000000;102412;КБ УДП КР;КЛИНИЧЕСКАЯ БОЛЬНИЦА  УПРАВЛЕНИЯ ДЕЛАМИ ПРЕЗИДЕНТА КЫРГЫЗСКОЙ РЕСПУБЛИКИ;79;18;43;61;18;43;61;0;11;11;0;11;11
Бишкек г.;4171100000000000;Первомайский р-н;41711203000000000;102412;КБ УДП КР;КЛИНИЧЕСКАЯ БОЛЬНИЦА  УПРАВЛЕНИЯ ДЕЛАМИ ПРЕЗИДЕНТА КЫРГЫЗСКОЙ РЕСПУБЛИКИ;80;22;42;64;22;42;64;13;11;24;13;11;24
Бишкек г.;4171100000000000;Первомайский р-н;41711203000000000;102412;КБ УДП КР;КЛИНИЧЕСКАЯ БОЛЬНИЦА  УПРАВЛЕНИЯ ДЕЛАМИ ПРЕЗИДЕНТА КЫРГЫЗСКОЙ РЕСПУБЛИКИ;81;20;43;63;20;43;63;0;20;20;0;18;18
Бишкек г.;4171100000000000;Первомайский р-н;41711203000000000;102412;КБ УДП КР;КЛИНИЧЕСКАЯ БОЛЬНИЦА  УПРАВЛЕНИЯ ДЕЛАМИ ПРЕЗИДЕНТА КЫРГЫЗСКОЙ РЕСПУБЛИКИ;82;34;40;74;34;40;74;5;1;6;5;1;6
Бишкек г.;4171100000000000;Первомайский р-н;41711203000000000;102412;КБ УДП КР;КЛИНИЧЕСКАЯ БОЛЬНИЦА  УПРАВЛЕНИЯ ДЕЛАМИ ПРЕЗИДЕНТА КЫРГЫЗСКОЙ РЕСПУБЛИКИ;83;46;49;95;46;49;95;11;2;13;11;2;13
Бишкек г.;4171100000000000;Первомайский р-н;41711203000000000;102412;КБ УДП КР;КЛИНИЧЕСКАЯ БОЛЬНИЦА  УПРАВЛЕНИЯ ДЕЛАМИ ПРЕЗИДЕНТА КЫРГЫЗСКОЙ РЕСПУБЛИКИ;84;50;57;107;50;57;107;8;15;23;8;15;23
Бишкек г.;4171100000000000;Первомайский р-н;41711203000000000;102412;КБ УДП КР;КЛИНИЧЕСКАЯ БОЛЬНИЦА  УПРАВЛЕНИЯ ДЕЛАМИ ПРЕЗИДЕНТА КЫРГЫЗСКОЙ РЕСПУБЛИКИ;85;43;60;103;43;60;103;2;7;9;2;7;9
Бишкек г.;4171100000000000;Первомайский р-н;41711203000000000;102412;КБ УДП КР;КЛИНИЧЕСКАЯ БОЛЬНИЦА  УПРАВЛЕНИЯ ДЕЛАМИ ПРЕЗИДЕНТА КЫРГЫЗСКОЙ РЕСПУБЛИКИ;86;31;46;77;31;46;77;3;1;4;3;1;4
Бишкек г.;4171100000000000;Первомайский р-н;41711203000000000;102412;КБ УДП КР;КЛИНИЧЕСКАЯ БОЛЬНИЦА  УПРАВЛЕНИЯ ДЕЛАМИ ПРЕЗИДЕНТА КЫРГЫЗСКОЙ РЕСПУБЛИКИ;87;31;46;77;31;46;77;6;1;7;6;1;7
Бишкек г.;4171100000000000;Первомайский р-н;41711203000000000;102412;КБ УДП КР;КЛИНИЧЕСКАЯ БОЛЬНИЦА  УПРАВЛЕНИЯ ДЕЛАМИ ПРЕЗИДЕНТА КЫРГЫЗСКОЙ РЕСПУБЛИКИ;88;15;33;48;15;33;48;1;7;8;1;7;8
Бишкек г.;4171100000000000;Первомайский р-н;41711203000000000;102412;КБ УДП КР;КЛИНИЧЕСКАЯ БОЛЬНИЦА  УПРАВЛЕНИЯ ДЕЛАМИ ПРЕЗИДЕНТА КЫРГЫЗСКОЙ РЕСПУБЛИКИ;89;16;27;43;16;27;43;1;7;8;1;7;8
Бишкек г.;4171100000000000;Первомайский р-н;41711203000000000;102412;КБ УДП КР;КЛИНИЧЕСКАЯ БОЛЬНИЦА  УПРАВЛЕНИЯ ДЕЛАМИ ПРЕЗИДЕНТА КЫРГЫЗСКОЙ РЕСПУБЛИКИ;90;14;22;36;14;22;36;1;3;4;1;3;4
Бишкек г.;4171100000000000;Первомайский р-н;41711203000000000;102412;КБ УДП КР;КЛИНИЧЕСКАЯ БОЛЬНИЦА  УПРАВЛЕНИЯ ДЕЛАМИ ПРЕЗИДЕНТА КЫРГЫЗСКОЙ РЕСПУБЛИКИ;91;6;19;25;6;19;25;1;0;1;1;0;1
Бишкек г.;4171100000000000;Первомайский р-н;41711203000000000;102412;КБ УДП КР;КЛИНИЧЕСКАЯ БОЛЬНИЦА  УПРАВЛЕНИЯ ДЕЛАМИ ПРЕЗИДЕНТА КЫРГЫЗСКОЙ РЕСПУБЛИКИ;94;1;12;13;1;12;13;0;1;1;0;1;1
Ошская обл.;4170600000000000;Кара-Сууйский р-н;41706226000000000;643351;КЛО Кара-Суу ЦОВП;Консультативный отдел Кара-Суу ЦОВП;1;1;0;1;1;0;1;1;3;4;1;3;4
Ошская обл.;4170600000000000;Кара-Сууйский р-н;41706226000000000;643351;КЛО Кара-Суу ЦОВП;Консультативный отдел Кара-Суу ЦОВП;2;1;1;2;1;1;2;0;2;2;0;2;2
Ошская обл.;4170600000000000;Кара-Сууйский р-н;41706226000000000;643351;КЛО Кара-Суу ЦОВП;Консультативный отдел Кара-Суу ЦОВП;3;0;0;0;0;0;0;1;0;1;1;0;1
Ошская обл.;4170600000000000;Кара-Сууйский р-н;41706226000000000;643351;КЛО Кара-Суу ЦОВП;Консультативный отдел Кара-Суу ЦОВП;4;1;0;1;1;0;1;2;0;2;2;0;2
Ошская обл.;4170600000000000;Кара-Сууйский р-н;41706226000000000;643351;КЛО Кара-Суу ЦОВП;Консультативный отдел Кара-Суу ЦОВП;43;0;0;0;0;0;0;0;2;2;0;0;0
Ошская обл.;4170600000000000;Кара-Сууйский р-н;41706226000000000;643351;КЛО Кара-Суу ЦОВП;Консультативный отдел Кара-Суу ЦОВП;44;0;0;0;0;0;0;0;1;1;0;0;0
Баткенская обл.;4170500000000000;Кызыл-Кия г.;41705430000000000;542001;КЫЗЫЛ-КЫЯ ЦОВП;ЦЕНТР ОБЩЕВРАЧЕБНОЙ ПРАКТИКИ ГОРОДА КЫЗЫЛ-КЫЯ БАТКЕНСКОЙ ОБЛАСТИ;0;466;451;917;466;451;917;3130;3119;6249;3130;3119;6249
Баткенская обл.;4170500000000000;Кызыл-Кия г.;41705430000000000;542001;КЫЗЫЛ-КЫЯ ЦОВП;ЦЕНТР ОБЩЕВРАЧЕБНОЙ ПРАКТИКИ ГОРОДА КЫЗЫЛ-КЫЯ БАТКЕНСКОЙ ОБЛАСТИ;1;725;737;1462;725;737;1462;1623;1445;3068;1623;1445;3068
Баткенская обл.;4170500000000000;Кызыл-Кия г.;41705430000000000;542001;КЫЗЫЛ-КЫЯ ЦОВП;ЦЕНТР ОБЩЕВРАЧЕБНОЙ ПРАКТИКИ ГОРОДА КЫЗЫЛ-КЫЯ БАТКЕНСКОЙ ОБЛАСТИ;2;744;731;1475;744;731;1475;1163;1158;2321;1163;1158;2321
Баткенская обл.;4170500000000000;Кызыл-Кия г.;41705430000000000;542001;КЫЗЫЛ-КЫЯ ЦОВП;ЦЕНТР ОБЩЕВРАЧЕБНОЙ ПРАКТИКИ ГОРОДА КЫЗЫЛ-КЫЯ БАТКЕНСКОЙ ОБЛАСТИ;3;739;799;1538;739;799;1538;722;699;1421;722;699;1421
Баткенская обл.;4170500000000000;Кызыл-Кия г.;41705430000000000;542001;КЫЗЫЛ-КЫЯ ЦОВП;ЦЕНТР ОБЩЕВРАЧЕБНОЙ ПРАКТИКИ ГОРОДА КЫЗЫЛ-КЫЯ БАТКЕНСКОЙ ОБЛАСТИ;4;822;803;1625;822;803;1625;719;640;1359;719;640;1359
Баткенская обл.;4170500000000000;Кызыл-Кия г.;41705430000000000;542001;КЫЗЫЛ-КЫЯ ЦОВП;ЦЕНТР ОБЩЕВРАЧЕБНОЙ ПРАКТИКИ ГОРОДА КЫЗЫЛ-КЫЯ БАТКЕНСКОЙ ОБЛАСТИ;5;784;778;1562;784;778;1562;644;587;1231;644;587;1231
Баткенская обл.;4170500000000000;Кызыл-Кия г.;41705430000000000;542001;КЫЗЫЛ-КЫЯ ЦОВП;ЦЕНТР ОБЩЕВРАЧЕБНОЙ ПРАКТИКИ ГОРОДА КЫЗЫЛ-КЫЯ БАТКЕНСКОЙ ОБЛАСТИ;6;786;867;1653;786;867;1653;810;667;1477;810;667;1477
Баткенская обл.;4170500000000000;Кызыл-Кия г.;41705430000000000;542001;КЫЗЫЛ-КЫЯ ЦОВП;ЦЕНТР ОБЩЕВРАЧЕБНОЙ ПРАКТИКИ ГОРОДА КЫЗЫЛ-КЫЯ БАТКЕНСКОЙ ОБЛАСТИ;7;784;824;1608;784;824;1608;329;292;621;329;292;621
Баткенская обл.;4170500000000000;Кызыл-Кия г.;41705430000000000;542001;КЫЗЫЛ-КЫЯ ЦОВП;ЦЕНТР ОБЩЕВРАЧЕБНОЙ ПРАКТИКИ ГОРОДА КЫЗЫЛ-КЫЯ БАТКЕНСКОЙ ОБЛАСТИ;8;767;891;1658;767;891;1658;235;216;451;235;216;451
Баткенская обл.;4170500000000000;Кызыл-Кия г.;41705430000000000;542001;КЫЗЫЛ-КЫЯ ЦОВП;ЦЕНТР ОБЩЕВРАЧЕБНОЙ ПРАКТИКИ ГОРОДА КЫЗЫЛ-КЫЯ БАТКЕНСКОЙ ОБЛАСТИ;9;830;922;1752;830;922;1752;260;210;470;260;210;470
Баткенская обл.;4170500000000000;Кызыл-Кия г.;41705430000000000;542001;КЫЗЫЛ-КЫЯ ЦОВП;ЦЕНТР ОБЩЕВРАЧЕБНОЙ ПРАКТИКИ ГОРОДА КЫЗЫЛ-КЫЯ БАТКЕНСКОЙ ОБЛАСТИ;10;820;1032;1852;820;1032;1852;208;221;429;208;221;429
Баткенская обл.;4170500000000000;Кызыл-Кия г.;41705430000000000;542001;КЫЗЫЛ-КЫЯ ЦОВП;ЦЕНТР ОБЩЕВРАЧЕБНОЙ ПРАКТИКИ ГОРОДА КЫЗЫЛ-КЫЯ БАТКЕНСКОЙ ОБЛАСТИ;11;750;978;1728;750;978;1728;194;203;397;194;203;397
Баткенская обл.;4170500000000000;Кызыл-Кия г.;41705430000000000;542001;КЫЗЫЛ-КЫЯ ЦОВП;ЦЕНТР ОБЩЕВРАЧЕБНОЙ ПРАКТИКИ ГОРОДА КЫЗЫЛ-КЫЯ БАТКЕНСКОЙ ОБЛАСТИ;12;705;910;1615;705;910;1615;224;153;377;224;153;377
Баткенская обл.;4170500000000000;Кызыл-Кия г.;41705430000000000;542001;КЫЗЫЛ-КЫЯ ЦОВП;ЦЕНТР ОБЩЕВРАЧЕБНОЙ ПРАКТИКИ ГОРОДА КЫЗЫЛ-КЫЯ БАТКЕНСКОЙ ОБЛАСТИ;13;704;902;1606;704;902;1606;198;145;343;198;145;343
Баткенская обл.;4170500000000000;Кызыл-Кия г.;41705430000000000;542001;КЫЗЫЛ-КЫЯ ЦОВП;ЦЕНТР ОБЩЕВРАЧЕБНОЙ ПРАКТИКИ ГОРОДА КЫЗЫЛ-КЫЯ БАТКЕНСКОЙ ОБЛАСТИ;14;681;781;1462;681;781;1462;193;191;384;193;191;384
Баткенская обл.;4170500000000000;Кызыл-Кия г.;41705430000000000;542001;КЫЗЫЛ-КЫЯ ЦОВП;ЦЕНТР ОБЩЕВРАЧЕБНОЙ ПРАКТИКИ ГОРОДА КЫЗЫЛ-КЫЯ БАТКЕНСКОЙ ОБЛАСТИ;15;579;734;1313;579;734;1313;226;184;410;226;184;410
Баткенская обл.;4170500000000000;Кызыл-Кия г.;41705430000000000;542001;КЫЗЫЛ-КЫЯ ЦОВП;ЦЕНТР ОБЩЕВРАЧЕБНОЙ ПРАКТИКИ ГОРОДА КЫЗЫЛ-КЫЯ БАТКЕНСКОЙ ОБЛАСТИ;16;601;691;1292;601;691;1292;190;197;387;180;180;360
Баткенская обл.;4170500000000000;Кызыл-Кия г.;41705430000000000;542001;КЫЗЫЛ-КЫЯ ЦОВП;ЦЕНТР ОБЩЕВРАЧЕБНОЙ ПРАКТИКИ ГОРОДА КЫЗЫЛ-КЫЯ БАТКЕНСКОЙ ОБЛАСТИ;17;520;715;1235;456;552;1008;250;320;570;218;224;442
Баткенская обл.;4170500000000000;Кызыл-Кия г.;41705430000000000;542001;КЫЗЫЛ-КЫЯ ЦОВП;ЦЕНТР ОБЩЕВРАЧЕБНОЙ ПРАКТИКИ ГОРОДА КЫЗЫЛ-КЫЯ БАТКЕНСКОЙ ОБЛАСТИ;18;447;589;1036;388;472;860;207;355;562;163;235;398
Баткенская обл.;4170500000000000;Кызыл-Кия г.;41705430000000000;542001;КЫЗЫЛ-КЫЯ ЦОВП;ЦЕНТР ОБЩЕВРАЧЕБНОЙ ПРАКТИКИ ГОРОДА КЫЗЫЛ-КЫЯ БАТКЕНСКОЙ ОБЛАСТИ;19;434;604;1038;244;350;594;204;566;770;89;180;269
Баткенская обл.;4170500000000000;Кызыл-Кия г.;41705430000000000;542001;КЫЗЫЛ-КЫЯ ЦОВП;ЦЕНТР ОБЩЕВРАЧЕБНОЙ ПРАКТИКИ ГОРОДА КЫЗЫЛ-КЫЯ БАТКЕНСКОЙ ОБЛАСТИ;20;411;526;937;114;209;323;133;674;807;36;268;304
Баткенская обл.;4170500000000000;Кызыл-Кия г.;41705430000000000;542001;КЫЗЫЛ-КЫЯ ЦОВП;ЦЕНТР ОБЩЕВРАЧЕБНОЙ ПРАКТИКИ ГОРОДА КЫЗЫЛ-КЫЯ БАТКЕНСКОЙ ОБЛАСТИ;21;389;516;905;77;180;257;96;603;699;21;207;228
Баткенская обл.;4170500000000000;Кызыл-Кия г.;41705430000000000;542001;КЫЗЫЛ-КЫЯ ЦОВП;ЦЕНТР ОБЩЕВРАЧЕБНОЙ ПРАКТИКИ ГОРОДА КЫЗЫЛ-КЫЯ БАТКЕНСКОЙ ОБЛАСТИ;22;426;536;962;27;74;101;102;736;838;8;234;242
Баткенская обл.;4170500000000000;Кызыл-Кия г.;41705430000000000;542001;КЫЗЫЛ-КЫЯ ЦОВП;ЦЕНТР ОБЩЕВРАЧЕБНОЙ ПРАКТИКИ ГОРОДА КЫЗЫЛ-КЫЯ БАТКЕНСКОЙ ОБЛАСТИ;23;441;591;1032;37;110;147;147;659;806;21;241;262
Баткенская обл.;4170500000000000;Кызыл-Кия г.;41705430000000000;542001;КЫЗЫЛ-КЫЯ ЦОВП;ЦЕНТР ОБЩЕВРАЧЕБНОЙ ПРАКТИКИ ГОРОДА КЫЗЫЛ-КЫЯ БАТКЕНСКОЙ ОБЛАСТИ;24;462;686;1148;37;128;165;119;865;984;13;399;412
Баткенская обл.;4170500000000000;Кызыл-Кия г.;41705430000000000;542001;КЫЗЫЛ-КЫЯ ЦОВП;ЦЕНТР ОБЩЕВРАЧЕБНОЙ ПРАКТИКИ ГОРОДА КЫЗЫЛ-КЫЯ БАТКЕНСКОЙ ОБЛАСТИ;25;424;969;1393;62;157;219;107;677;784;30;331;361
Баткенская обл.;4170500000000000;Кызыл-Кия г.;41705430000000000;542001;КЫЗЫЛ-КЫЯ ЦОВП;ЦЕНТР ОБЩЕВРАЧЕБНОЙ ПРАКТИКИ ГОРОДА КЫЗЫЛ-КЫЯ БАТКЕНСКОЙ ОБЛАСТИ;26;431;622;1053;67;154;221;163;882;1045;44;358;402
Баткенская обл.;4170500000000000;Кызыл-Кия г.;41705430000000000;542001;КЫЗЫЛ-КЫЯ ЦОВП;ЦЕНТР ОБЩЕВРАЧЕБНОЙ ПРАКТИКИ ГОРОДА КЫЗЫЛ-КЫЯ БАТКЕНСКОЙ ОБЛАСТИ;27;477;635;1112;80;211;291;131;803;934;33;391;424
Баткенская обл.;4170500000000000;Кызыл-Кия г.;41705430000000000;542001;КЫЗЫЛ-КЫЯ ЦОВП;ЦЕНТР ОБЩЕВРАЧЕБНОЙ ПРАКТИКИ ГОРОДА КЫЗЫЛ-КЫЯ БАТКЕНСКОЙ ОБЛАСТИ;28;481;647;1128;91;229;320;194;769;963;65;404;469
Баткенская обл.;4170500000000000;Кызыл-Кия г.;41705430000000000;542001;КЫЗЫЛ-КЫЯ ЦОВП;ЦЕНТР ОБЩЕВРАЧЕБНОЙ ПРАКТИКИ ГОРОДА КЫЗЫЛ-КЫЯ БАТКЕНСКОЙ ОБЛАСТИ;29;490;695;1185;117;296;413;182;835;1017;97;445;542
Баткенская обл.;4170500000000000;Кызыл-Кия г.;41705430000000000;542001;КЫЗЫЛ-КЫЯ ЦОВП;ЦЕНТР ОБЩЕВРАЧЕБНОЙ ПРАКТИКИ ГОРОДА КЫЗЫЛ-КЫЯ БАТКЕНСКОЙ ОБЛАСТИ;30;514;638;1152;211;342;553;203;807;1010;109;525;634
Баткенская обл.;4170500000000000;Кызыл-Кия г.;41705430000000000;542001;КЫЗЫЛ-КЫЯ ЦОВП;ЦЕНТР ОБЩЕВРАЧЕБНОЙ ПРАКТИКИ ГОРОДА КЫЗЫЛ-КЫЯ БАТКЕНСКОЙ ОБЛАСТИ;31;487;609;1096;237;352;589;146;922;1068;102;621;723
Баткенская обл.;4170500000000000;Кызыл-Кия г.;41705430000000000;542001;КЫЗЫЛ-КЫЯ ЦОВП;ЦЕНТР ОБЩЕВРАЧЕБНОЙ ПРАКТИКИ ГОРОДА КЫЗЫЛ-КЫЯ БАТКЕНСКОЙ ОБЛАСТИ;32;498;599;1097;251;369;620;209;673;882;129;441;570
Баткенская обл.;4170500000000000;Кызыл-Кия г.;41705430000000000;542001;КЫЗЫЛ-КЫЯ ЦОВП;ЦЕНТР ОБЩЕВРАЧЕБНОЙ ПРАКТИКИ ГОРОДА КЫЗЫЛ-КЫЯ БАТКЕНСКОЙ ОБЛАСТИ;33;497;551;1048;230;327;557;170;695;865;112;436;548
Баткенская обл.;4170500000000000;Кызыл-Кия г.;41705430000000000;542001;КЫЗЫЛ-КЫЯ ЦОВП;ЦЕНТР ОБЩЕВРАЧЕБНОЙ ПРАКТИКИ ГОРОДА КЫЗЫЛ-КЫЯ БАТКЕНСКОЙ ОБЛАСТИ;34;492;563;1055;251;324;575;173;541;714;108;386;494
Баткенская обл.;4170500000000000;Кызыл-Кия г.;41705430000000000;542001;КЫЗЫЛ-КЫЯ ЦОВП;ЦЕНТР ОБЩЕВРАЧЕБНОЙ ПРАКТИКИ ГОРОДА КЫЗЫЛ-КЫЯ БАТКЕНСКОЙ ОБЛАСТИ;35;458;557;1015;238;342;580;171;593;764;115;448;563
Баткенская обл.;4170500000000000;Кызыл-Кия г.;41705430000000000;542001;КЫЗЫЛ-КЫЯ ЦОВП;ЦЕНТР ОБЩЕВРАЧЕБНОЙ ПРАКТИКИ ГОРОДА КЫЗЫЛ-КЫЯ БАТКЕНСКОЙ ОБЛАСТИ;36;450;512;962;242;323;565;174;584;758;97;434;531
Баткенская обл.;4170500000000000;Кызыл-Кия г.;41705430000000000;542001;КЫЗЫЛ-КЫЯ ЦОВП;ЦЕНТР ОБЩЕВРАЧЕБНОЙ ПРАКТИКИ ГОРОДА КЫЗЫЛ-КЫЯ БАТКЕНСКОЙ ОБЛАСТИ;37;455;540;995;237;349;586;178;463;641;133;348;481
Баткенская обл.;4170500000000000;Кызыл-Кия г.;41705430000000000;542001;КЫЗЫЛ-КЫЯ ЦОВП;ЦЕНТР ОБЩЕВРАЧЕБНОЙ ПРАКТИКИ ГОРОДА КЫЗЫЛ-КЫЯ БАТКЕНСКОЙ ОБЛАСТИ;38;422;501;923;215;309;524;155;589;744;101;356;457
Баткенская обл.;4170500000000000;Кызыл-Кия г.;41705430000000000;542001;КЫЗЫЛ-КЫЯ ЦОВП;ЦЕНТР ОБЩЕВРАЧЕБНОЙ ПРАКТИКИ ГОРОДА КЫЗЫЛ-КЫЯ БАТКЕНСКОЙ ОБЛАСТИ;39;409;488;897;206;307;513;180;378;558;100;286;386
Баткенская обл.;4170500000000000;Кызыл-Кия г.;41705430000000000;542001;КЫЗЫЛ-КЫЯ ЦОВП;ЦЕНТР ОБЩЕВРАЧЕБНОЙ ПРАКТИКИ ГОРОДА КЫЗЫЛ-КЫЯ БАТКЕНСКОЙ ОБЛАСТИ;40;405;449;854;209;300;509;187;411;598;119;351;470
Баткенская обл.;4170500000000000;Кызыл-Кия г.;41705430000000000;542001;КЫЗЫЛ-КЫЯ ЦОВП;ЦЕНТР ОБЩЕВРАЧЕБНОЙ ПРАКТИКИ ГОРОДА КЫЗЫЛ-КЫЯ БАТКЕНСКОЙ ОБЛАСТИ;41;370;424;794;205;283;488;137;317;454;97;237;334
Баткенская обл.;4170500000000000;Кызыл-Кия г.;41705430000000000;542001;КЫЗЫЛ-КЫЯ ЦОВП;ЦЕНТР ОБЩЕВРАЧЕБНОЙ ПРАКТИКИ ГОРОДА КЫЗЫЛ-КЫЯ БАТКЕНСКОЙ ОБЛАСТИ;42;295;410;705;157;262;419;146;342;488;106;255;361
Баткенская обл.;4170500000000000;Кызыл-Кия г.;41705430000000000;542001;КЫЗЫЛ-КЫЯ ЦОВП;ЦЕНТР ОБЩЕВРАЧЕБНОЙ ПРАКТИКИ ГОРОДА КЫЗЫЛ-КЫЯ БАТКЕНСКОЙ ОБЛАСТИ;43;281;388;669;148;250;398;127;264;391;95;205;300
Баткенская обл.;4170500000000000;Кызыл-Кия г.;41705430000000000;542001;КЫЗЫЛ-КЫЯ ЦОВП;ЦЕНТР ОБЩЕВРАЧЕБНОЙ ПРАКТИКИ ГОРОДА КЫЗЫЛ-КЫЯ БАТКЕНСКОЙ ОБЛАСТИ;44;284;328;612;159;224;383;147;255;402;99;202;301
Баткенская обл.;4170500000000000;Кызыл-Кия г.;41705430000000000;542001;КЫЗЫЛ-КЫЯ ЦОВП;ЦЕНТР ОБЩЕВРАЧЕБНОЙ ПРАКТИКИ ГОРОДА КЫЗЫЛ-КЫЯ БАТКЕНСКОЙ ОБЛАСТИ;45;262;343;605;146;218;364;130;208;338;96;153;249
Баткенская обл.;4170500000000000;Кызыл-Кия г.;41705430000000000;542001;КЫЗЫЛ-КЫЯ ЦОВП;ЦЕНТР ОБЩЕВРАЧЕБНОЙ ПРАКТИКИ ГОРОДА КЫЗЫЛ-КЫЯ БАТКЕНСКОЙ ОБЛАСТИ;46;264;306;570;140;191;331;184;233;417;113;171;284
Баткенская обл.;4170500000000000;Кызыл-Кия г.;41705430000000000;542001;КЫЗЫЛ-КЫЯ ЦОВП;ЦЕНТР ОБЩЕВРАЧЕБНОЙ ПРАКТИКИ ГОРОДА КЫЗЫЛ-КЫЯ БАТКЕНСКОЙ ОБЛАСТИ;47;271;316;587;147;188;335;147;240;387;97;186;283
Баткенская обл.;4170500000000000;Кызыл-Кия г.;41705430000000000;542001;КЫЗЫЛ-КЫЯ ЦОВП;ЦЕНТР ОБЩЕВРАЧЕБНОЙ ПРАКТИКИ ГОРОДА КЫЗЫЛ-КЫЯ БАТКЕНСКОЙ ОБЛАСТИ;48;237;273;510;128;180;308;123;174;297;77;136;213
Баткенская обл.;4170500000000000;Кызыл-Кия г.;41705430000000000;542001;КЫЗЫЛ-КЫЯ ЦОВП;ЦЕНТР ОБЩЕВРАЧЕБНОЙ ПРАКТИКИ ГОРОДА КЫЗЫЛ-КЫЯ БАТКЕНСКОЙ ОБЛАСТИ;49;246;287;533;134;175;309;98;208;306;62;145;207
Баткенская обл.;4170500000000000;Кызыл-Кия г.;41705430000000000;542001;КЫЗЫЛ-КЫЯ ЦОВП;ЦЕНТР ОБЩЕВРАЧЕБНОЙ ПРАКТИКИ ГОРОДА КЫЗЫЛ-КЫЯ БАТКЕНСКОЙ ОБЛАСТИ;50;217;263;480;117;159;276;108;220;328;77;151;228
Баткенская обл.;4170500000000000;Кызыл-Кия г.;41705430000000000;542001;КЫЗЫЛ-КЫЯ ЦОВП;ЦЕНТР ОБЩЕВРАЧЕБНОЙ ПРАКТИКИ ГОРОДА КЫЗЫЛ-КЫЯ БАТКЕНСКОЙ ОБЛАСТИ;51;222;266;488;136;168;304;108;244;352;85;165;250
Баткенская обл.;4170500000000000;Кызыл-Кия г.;41705430000000000;542001;КЫЗЫЛ-КЫЯ ЦОВП;ЦЕНТР ОБЩЕВРАЧЕБНОЙ ПРАКТИКИ ГОРОДА КЫЗЫЛ-КЫЯ БАТКЕНСКОЙ ОБЛАСТИ;52;181;261;442;108;156;264;124;265;389;84;172;256
Баткенская обл.;4170500000000000;Кызыл-Кия г.;41705430000000000;542001;КЫЗЫЛ-КЫЯ ЦОВП;ЦЕНТР ОБЩЕВРАЧЕБНОЙ ПРАКТИКИ ГОРОДА КЫЗЫЛ-КЫЯ БАТКЕНСКОЙ ОБЛАСТИ;53;217;292;509;121;185;306;117;256;373;82;189;271
Баткенская обл.;4170500000000000;Кызыл-Кия г.;41705430000000000;542001;КЫЗЫЛ-КЫЯ ЦОВП;ЦЕНТР ОБЩЕВРАЧЕБНОЙ ПРАКТИКИ ГОРОДА КЫЗЫЛ-КЫЯ БАТКЕНСКОЙ ОБЛАСТИ;54;214;262;476;123;175;298;174;254;428;139;192;331
Баткенская обл.;4170500000000000;Кызыл-Кия г.;41705430000000000;542001;КЫЗЫЛ-КЫЯ ЦОВП;ЦЕНТР ОБЩЕВРАЧЕБНОЙ ПРАКТИКИ ГОРОДА КЫЗЫЛ-КЫЯ БАТКЕНСКОЙ ОБЛАСТИ;55;189;297;486;117;196;313;157;370;527;105;310;415
Баткенская обл.;4170500000000000;Кызыл-Кия г.;41705430000000000;542001;КЫЗЫЛ-КЫЯ ЦОВП;ЦЕНТР ОБЩЕВРАЧЕБНОЙ ПРАКТИКИ ГОРОДА КЫЗЫЛ-КЫЯ БАТКЕНСКОЙ ОБЛАСТИ;56;209;291;500;129;221;350;177;272;449;128;215;343
Баткенская обл.;4170500000000000;Кызыл-Кия г.;41705430000000000;542001;КЫЗЫЛ-КЫЯ ЦОВП;ЦЕНТР ОБЩЕВРАЧЕБНОЙ ПРАКТИКИ ГОРОДА КЫЗЫЛ-КЫЯ БАТКЕНСКОЙ ОБЛАСТИ;57;200;255;455;125;187;312;183;295;478;101;268;369
Баткенская обл.;4170500000000000;Кызыл-Кия г.;41705430000000000;542001;КЫЗЫЛ-КЫЯ ЦОВП;ЦЕНТР ОБЩЕВРАЧЕБНОЙ ПРАКТИКИ ГОРОДА КЫЗЫЛ-КЫЯ БАТКЕНСКОЙ ОБЛАСТИ;58;206;267;473;142;209;351;161;319;480;132;294;426
Баткенская обл.;4170500000000000;Кызыл-Кия г.;41705430000000000;542001;КЫЗЫЛ-КЫЯ ЦОВП;ЦЕНТР ОБЩЕВРАЧЕБНОЙ ПРАКТИКИ ГОРОДА КЫЗЫЛ-КЫЯ БАТКЕНСКОЙ ОБЛАСТИ;59;186;246;432;125;211;336;123;281;404;88;237;325
Баткенская обл.;4170500000000000;Кызыл-Кия г.;41705430000000000;542001;КЫЗЫЛ-КЫЯ ЦОВП;ЦЕНТР ОБЩЕВРАЧЕБНОЙ ПРАКТИКИ ГОРОДА КЫЗЫЛ-КЫЯ БАТКЕНСКОЙ ОБЛАСТИ;60;173;302;475;109;262;371;151;394;545;109;340;449
Баткенская обл.;4170500000000000;Кызыл-Кия г.;41705430000000000;542001;КЫЗЫЛ-КЫЯ ЦОВП;ЦЕНТР ОБЩЕВРАЧЕБНОЙ ПРАКТИКИ ГОРОДА КЫЗЫЛ-КЫЯ БАТКЕНСКОЙ ОБЛАСТИ;61;198;305;503;152;267;419;239;341;580;216;314;530
Баткенская обл.;4170500000000000;Кызыл-Кия г.;41705430000000000;542001;КЫЗЫЛ-КЫЯ ЦОВП;ЦЕНТР ОБЩЕВРАЧЕБНОЙ ПРАКТИКИ ГОРОДА КЫЗЫЛ-КЫЯ БАТКЕНСКОЙ ОБЛАСТИ;62;204;254;458;174;228;402;171;307;478;152;289;441
Баткенская обл.;4170500000000000;Кызыл-Кия г.;41705430000000000;542001;КЫЗЫЛ-КЫЯ ЦОВП;ЦЕНТР ОБЩЕВРАЧЕБНОЙ ПРАКТИКИ ГОРОДА КЫЗЫЛ-КЫЯ БАТКЕНСКОЙ ОБЛАСТИ;63;215;267;482;183;245;428;175;341;516;146;324;470
Баткенская обл.;4170500000000000;Кызыл-Кия г.;41705430000000000;542001;КЫЗЫЛ-КЫЯ ЦОВП;ЦЕНТР ОБЩЕВРАЧЕБНОЙ ПРАКТИКИ ГОРОДА КЫЗЫЛ-КЫЯ БАТКЕНСКОЙ ОБЛАСТИ;64;173;279;452;147;259;406;164;330;494;132;314;446
Баткенская обл.;4170500000000000;Кызыл-Кия г.;41705430000000000;542001;КЫЗЫЛ-КЫЯ ЦОВП;ЦЕНТР ОБЩЕВРАЧЕБНОЙ ПРАКТИКИ ГОРОДА КЫЗЫЛ-КЫЯ БАТКЕНСКОЙ ОБЛАСТИ;65;169;237;406;148;222;370;201;348;549;189;331;520
Баткенская обл.;4170500000000000;Кызыл-Кия г.;41705430000000000;542001;КЫЗЫЛ-КЫЯ ЦОВП;ЦЕНТР ОБЩЕВРАЧЕБНОЙ ПРАКТИКИ ГОРОДА КЫЗЫЛ-КЫЯ БАТКЕНСКОЙ ОБЛАСТИ;66;161;248;409;152;235;387;141;282;423;123;261;384
Баткенская обл.;4170500000000000;Кызыл-Кия г.;41705430000000000;542001;КЫЗЫЛ-КЫЯ ЦОВП;ЦЕНТР ОБЩЕВРАЧЕБНОЙ ПРАКТИКИ ГОРОДА КЫЗЫЛ-КЫЯ БАТКЕНСКОЙ ОБЛАСТИ;67;141;184;325;132;167;299;114;272;386;107;259;366
Баткенская обл.;4170500000000000;Кызыл-Кия г.;41705430000000000;542001;КЫЗЫЛ-КЫЯ ЦОВП;ЦЕНТР ОБЩЕВРАЧЕБНОЙ ПРАКТИКИ ГОРОДА КЫЗЫЛ-КЫЯ БАТКЕНСКОЙ ОБЛАСТИ;68;125;179;304;118;171;289;132;254;386;121;237;358
Баткенская обл.;4170500000000000;Кызыл-Кия г.;41705430000000000;542001;КЫЗЫЛ-КЫЯ ЦОВП;ЦЕНТР ОБЩЕВРАЧЕБНОЙ ПРАКТИКИ ГОРОДА КЫЗЫЛ-КЫЯ БАТКЕНСКОЙ ОБЛАСТИ;69;118;171;289;107;156;263;77;269;346;74;259;333
Баткенская обл.;4170500000000000;Кызыл-Кия г.;41705430000000000;542001;КЫЗЫЛ-КЫЯ ЦОВП;ЦЕНТР ОБЩЕВРАЧЕБНОЙ ПРАКТИКИ ГОРОДА КЫЗЫЛ-КЫЯ БАТКЕНСКОЙ ОБЛАСТИ;70;125;138;263;116;135;251;121;177;298;118;165;283
Баткенская обл.;4170500000000000;Кызыл-Кия г.;41705430000000000;542001;КЫЗЫЛ-КЫЯ ЦОВП;ЦЕНТР ОБЩЕВРАЧЕБНОЙ ПРАКТИКИ ГОРОДА КЫЗЫЛ-КЫЯ БАТКЕНСКОЙ ОБЛАСТИ;71;81;121;202;79;114;193;73;198;271;69;191;260
Баткенская обл.;4170500000000000;Кызыл-Кия г.;41705430000000000;542001;КЫЗЫЛ-КЫЯ ЦОВП;ЦЕНТР ОБЩЕВРАЧЕБНОЙ ПРАКТИКИ ГОРОДА КЫЗЫЛ-КЫЯ БАТКЕНСКОЙ ОБЛАСТИ;72;69;116;185;65;109;174;48;157;205;48;146;194
Баткенская обл.;4170500000000000;Кызыл-Кия г.;41705430000000000;542001;КЫЗЫЛ-КЫЯ ЦОВП;ЦЕНТР ОБЩЕВРАЧЕБНОЙ ПРАКТИКИ ГОРОДА КЫЗЫЛ-КЫЯ БАТКЕНСКОЙ ОБЛАСТИ;73;72;80;152;63;78;141;104;99;203;93;97;190
Баткенская обл.;4170500000000000;Кызыл-Кия г.;41705430000000000;542001;КЫЗЫЛ-КЫЯ ЦОВП;ЦЕНТР ОБЩЕВРАЧЕБНОЙ ПРАКТИКИ ГОРОДА КЫЗЫЛ-КЫЯ БАТКЕНСКОЙ ОБЛАСТИ;74;64;108;172;57;102;159;102;140;242;99;130;229
Баткенская обл.;4170500000000000;Кызыл-Кия г.;41705430000000000;542001;КЫЗЫЛ-КЫЯ ЦОВП;ЦЕНТР ОБЩЕВРАЧЕБНОЙ ПРАКТИКИ ГОРОДА КЫЗЫЛ-КЫЯ БАТКЕНСКОЙ ОБЛАСТИ;75;53;75;128;47;73;120;59;109;168;56;108;164
Баткенская обл.;4170500000000000;Кызыл-Кия г.;41705430000000000;542001;КЫЗЫЛ-КЫЯ ЦОВП;ЦЕНТР ОБЩЕВРАЧЕБНОЙ ПРАКТИКИ ГОРОДА КЫЗЫЛ-КЫЯ БАТКЕНСКОЙ ОБЛАСТИ;76;29;67;96;27;67;94;31;78;109;29;77;106
Баткенская обл.;4170500000000000;Кызыл-Кия г.;41705430000000000;542001;КЫЗЫЛ-КЫЯ ЦОВП;ЦЕНТР ОБЩЕВРАЧЕБНОЙ ПРАКТИКИ ГОРОДА КЫЗЫЛ-КЫЯ БАТКЕНСКОЙ ОБЛАСТИ;77;20;75;95;17;73;90;18;111;129;14;111;125
Баткенская обл.;4170500000000000;Кызыл-Кия г.;41705430000000000;542001;КЫЗЫЛ-КЫЯ ЦОВП;ЦЕНТР ОБЩЕВРАЧЕБНОЙ ПРАКТИКИ ГОРОДА КЫЗЫЛ-КЫЯ БАТКЕНСКОЙ ОБЛАСТИ;78;21;42;63;18;41;59;11;47;58;10;45;55
Баткенская обл.;4170500000000000;Кызыл-Кия г.;41705430000000000;542001;КЫЗЫЛ-КЫЯ ЦОВП;ЦЕНТР ОБЩЕВРАЧЕБНОЙ ПРАКТИКИ ГОРОДА КЫЗЫЛ-КЫЯ БАТКЕНСКОЙ ОБЛАСТИ;79;15;22;37;14;22;36;19;42;61;18;42;60
Баткенская обл.;4170500000000000;Кызыл-Кия г.;41705430000000000;542001;КЫЗЫЛ-КЫЯ ЦОВП;ЦЕНТР ОБЩЕВРАЧЕБНОЙ ПРАКТИКИ ГОРОДА КЫЗЫЛ-КЫЯ БАТКЕНСКОЙ ОБЛАСТИ;80;12;18;30;12;18;30;16;10;26;15;10;25
Баткенская обл.;4170500000000000;Кызыл-Кия г.;41705430000000000;542001;КЫЗЫЛ-КЫЯ ЦОВП;ЦЕНТР ОБЩЕВРАЧЕБНОЙ ПРАКТИКИ ГОРОДА КЫЗЫЛ-КЫЯ БАТКЕНСКОЙ ОБЛАСТИ;81;7;13;20;7;13;20;15;15;30;15;15;30
Баткенская обл.;4170500000000000;Кызыл-Кия г.;41705430000000000;542001;КЫЗЫЛ-КЫЯ ЦОВП;ЦЕНТР ОБЩЕВРАЧЕБНОЙ ПРАКТИКИ ГОРОДА КЫЗЫЛ-КЫЯ БАТКЕНСКОЙ ОБЛАСТИ;82;20;32;52;20;31;51;25;56;81;24;56;80
Баткенская обл.;4170500000000000;Кызыл-Кия г.;41705430000000000;542001;КЫЗЫЛ-КЫЯ ЦОВП;ЦЕНТР ОБЩЕВРАЧЕБНОЙ ПРАКТИКИ ГОРОДА КЫЗЫЛ-КЫЯ БАТКЕНСКОЙ ОБЛАСТИ;83;11;33;44;10;32;42;18;42;60;17;36;53
Баткенская обл.;4170500000000000;Кызыл-Кия г.;41705430000000000;542001;КЫЗЫЛ-КЫЯ ЦОВП;ЦЕНТР ОБЩЕВРАЧЕБНОЙ ПРАКТИКИ ГОРОДА КЫЗЫЛ-КЫЯ БАТКЕНСКОЙ ОБЛАСТИ;84;26;45;71;23;42;65;6;29;35;6;27;33
Баткенская обл.;4170500000000000;Кызыл-Кия г.;41705430000000000;542001;КЫЗЫЛ-КЫЯ ЦОВП;ЦЕНТР ОБЩЕВРАЧЕБНОЙ ПРАКТИКИ ГОРОДА КЫЗЫЛ-КЫЯ БАТКЕНСКОЙ ОБЛАСТИ;85;13;26;39;12;24;36;8;9;17;7;9;16
Баткенская обл.;4170500000000000;Кызыл-Кия г.;41705430000000000;542001;КЫЗЫЛ-КЫЯ ЦОВП;ЦЕНТР ОБЩЕВРАЧЕБНОЙ ПРАКТИКИ ГОРОДА КЫЗЫЛ-КЫЯ БАТКЕНСКОЙ ОБЛАСТИ;86;11;29;40;9;27;36;24;22;46;24;22;46
Баткенская обл.;4170500000000000;Кызыл-Кия г.;41705430000000000;542001;КЫЗЫЛ-КЫЯ ЦОВП;ЦЕНТР ОБЩЕВРАЧЕБНОЙ ПРАКТИКИ ГОРОДА КЫЗЫЛ-КЫЯ БАТКЕНСКОЙ ОБЛАСТИ;87;5;27;32;4;27;31;3;11;14;3;11;14
Баткенская обл.;4170500000000000;Кызыл-Кия г.;41705430000000000;542001;КЫЗЫЛ-КЫЯ ЦОВП;ЦЕНТР ОБЩЕВРАЧЕБНОЙ ПРАКТИКИ ГОРОДА КЫЗЫЛ-КЫЯ БАТКЕНСКОЙ ОБЛАСТИ;88;14;23;37;13;21;34;3;7;10;3;7;10
Баткенская обл.;4170500000000000;Кызыл-Кия г.;41705430000000000;542001;КЫЗЫЛ-КЫЯ ЦОВП;ЦЕНТР ОБЩЕВРАЧЕБНОЙ ПРАКТИКИ ГОРОДА КЫЗЫЛ-КЫЯ БАТКЕНСКОЙ ОБЛАСТИ;89;5;15;20;5;14;19;5;9;14;5;9;14
Баткенская обл.;4170500000000000;Кызыл-Кия г.;41705430000000000;542001;КЫЗЫЛ-КЫЯ ЦОВП;ЦЕНТР ОБЩЕВРАЧЕБНОЙ ПРАКТИКИ ГОРОДА КЫЗЫЛ-КЫЯ БАТКЕНСКОЙ ОБЛАСТИ;90;4;12;16;3;12;15;2;1;3;2;0;2
Баткенская обл.;4170500000000000;Кызыл-Кия г.;41705430000000000;542001;КЫЗЫЛ-КЫЯ ЦОВП;ЦЕНТР ОБЩЕВРАЧЕБНОЙ ПРАКТИКИ ГОРОДА КЫЗЫЛ-КЫЯ БАТКЕНСКОЙ ОБЛАСТИ;91;5;9;14;5;7;12;0;1;1;0;0;0
Баткенская обл.;4170500000000000;Кызыл-Кия г.;41705430000000000;542001;КЫЗЫЛ-КЫЯ ЦОВП;ЦЕНТР ОБЩЕВРАЧЕБНОЙ ПРАКТИКИ ГОРОДА КЫЗЫЛ-КЫЯ БАТКЕНСКОЙ ОБЛАСТИ;92;8;18;26;8;16;24;3;1;4;3;0;3
Баткенская обл.;4170500000000000;Кызыл-Кия г.;41705430000000000;542001;КЫЗЫЛ-КЫЯ ЦОВП;ЦЕНТР ОБЩЕВРАЧЕБНОЙ ПРАКТИКИ ГОРОДА КЫЗЫЛ-КЫЯ БАТКЕНСКОЙ ОБЛАСТИ;93;4;7;11;4;6;10;0;1;1;0;1;1
Баткенская обл.;4170500000000000;Кызыл-Кия г.;41705430000000000;542001;КЫЗЫЛ-КЫЯ ЦОВП;ЦЕНТР ОБЩЕВРАЧЕБНОЙ ПРАКТИКИ ГОРОДА КЫЗЫЛ-КЫЯ БАТКЕНСКОЙ ОБЛАСТИ;96;1;11;12;1;11;12;0;1;1;0;1;1
Баткенская обл.;4170500000000000;Кызыл-Кия г.;41705430000000000;542001;КЫЗЫЛ-КЫЯ ЦОВП;ЦЕНТР ОБЩЕВРАЧЕБНОЙ ПРАКТИКИ ГОРОДА КЫЗЫЛ-КЫЯ БАТКЕНСКОЙ ОБЛАСТИ;97;1;6;7;1;6;7;0;10;10;0;10;10
Баткенская обл.;4170500000000000;Кызыл-Кия г.;41705430000000000;542001;КЫЗЫЛ-КЫЯ ЦОВП;ЦЕНТР ОБЩЕВРАЧЕБНОЙ ПРАКТИКИ ГОРОДА КЫЗЫЛ-КЫЯ БАТКЕНСКОЙ ОБЛАСТИ;98;1;4;5;1;4;5;0;1;1;0;0;0
Баткенская обл.;4170500000000000;Кызыл-Кия г.;41705430000000000;542001;КЫЗЫЛ-КЫЯ ЦОВП;ЦЕНТР ОБЩЕВРАЧЕБНОЙ ПРАКТИКИ ГОРОДА КЫЗЫЛ-КЫЯ БАТКЕНСКОЙ ОБЛАСТИ;99;0;4;4;0;3;3;0;2;2;0;2;2
Баткенская обл.;4170500000000000;Лейлекский р-н;41705236000000000;542011;ЛЕЙЛЕК ЦОВП;ЦЕНТР ОБЩЕВРАЧЕБНОЙ ПРАКТИКИ ЛЕЙЛЕКСКОГО РАЙОНА БАТКЕНСКОЙ ОБЛАСТИ;0;493;496;989;493;496;989;2162;1867;4029;2162;1867;4029
Баткенская обл.;4170500000000000;Лейлекский р-н;41705236000000000;542011;ЛЕЙЛЕК ЦОВП;ЦЕНТР ОБЩЕВРАЧЕБНОЙ ПРАКТИКИ ЛЕЙЛЕКСКОГО РАЙОНА БАТКЕНСКОЙ ОБЛАСТИ;1;800;685;1485;800;685;1485;879;767;1646;879;767;1646
Баткенская обл.;4170500000000000;Лейлекский р-н;41705236000000000;542011;ЛЕЙЛЕК ЦОВП;ЦЕНТР ОБЩЕВРАЧЕБНОЙ ПРАКТИКИ ЛЕЙЛЕКСКОГО РАЙОНА БАТКЕНСКОЙ ОБЛАСТИ;2;840;740;1580;840;740;1580;664;543;1207;664;543;1207
Баткенская обл.;4170500000000000;Лейлекский р-н;41705236000000000;542011;ЛЕЙЛЕК ЦОВП;ЦЕНТР ОБЩЕВРАЧЕБНОЙ ПРАКТИКИ ЛЕЙЛЕКСКОГО РАЙОНА БАТКЕНСКОЙ ОБЛАСТИ;3;833;808;1641;833;808;1641;382;379;761;382;379;761
Баткенская обл.;4170500000000000;Лейлекский р-н;41705236000000000;542011;ЛЕЙЛЕК ЦОВП;ЦЕНТР ОБЩЕВРАЧЕБНОЙ ПРАКТИКИ ЛЕЙЛЕКСКОГО РАЙОНА БАТКЕНСКОЙ ОБЛАСТИ;4;887;770;1657;887;770;1657;302;248;550;302;248;550
Баткенская обл.;4170500000000000;Лейлекский р-н;41705236000000000;542011;ЛЕЙЛЕК ЦОВП;ЦЕНТР ОБЩЕВРАЧЕБНОЙ ПРАКТИКИ ЛЕЙЛЕКСКОГО РАЙОНА БАТКЕНСКОЙ ОБЛАСТИ;5;764;815;1579;764;815;1579;289;270;559;289;270;559
Баткенская обл.;4170500000000000;Лейлекский р-н;41705236000000000;542011;ЛЕЙЛЕК ЦОВП;ЦЕНТР ОБЩЕВРАЧЕБНОЙ ПРАКТИКИ ЛЕЙЛЕКСКОГО РАЙОНА БАТКЕНСКОЙ ОБЛАСТИ;6;812;1074;1886;812;1074;1886;436;412;848;436;412;848
Баткенская обл.;4170500000000000;Лейлекский р-н;41705236000000000;542011;ЛЕЙЛЕК ЦОВП;ЦЕНТР ОБЩЕВРАЧЕБНОЙ ПРАКТИКИ ЛЕЙЛЕКСКОГО РАЙОНА БАТКЕНСКОЙ ОБЛАСТИ;7;821;895;1716;821;895;1716;178;81;259;178;81;259
Баткенская обл.;4170500000000000;Лейлекский р-н;41705236000000000;542011;ЛЕЙЛЕК ЦОВП;ЦЕНТР ОБЩЕВРАЧЕБНОЙ ПРАКТИКИ ЛЕЙЛЕКСКОГО РАЙОНА БАТКЕНСКОЙ ОБЛАСТИ;8;817;1092;1909;817;1092;1909;98;77;175;98;77;175
Баткенская обл.;4170500000000000;Лейлекский р-н;41705236000000000;542011;ЛЕЙЛЕК ЦОВП;ЦЕНТР ОБЩЕВРАЧЕБНОЙ ПРАКТИКИ ЛЕЙЛЕКСКОГО РАЙОНА БАТКЕНСКОЙ ОБЛАСТИ;9;818;1160;1978;818;1160;1978;121;71;192;121;71;192
Баткенская обл.;4170500000000000;Лейлекский р-н;41705236000000000;542011;ЛЕЙЛЕК ЦОВП;ЦЕНТР ОБЩЕВРАЧЕБНОЙ ПРАКТИКИ ЛЕЙЛЕКСКОГО РАЙОНА БАТКЕНСКОЙ ОБЛАСТИ;10;857;1274;2131;857;1274;2131;92;70;162;92;70;162
Баткенская обл.;4170500000000000;Лейлекский р-н;41705236000000000;542011;ЛЕЙЛЕК ЦОВП;ЦЕНТР ОБЩЕВРАЧЕБНОЙ ПРАКТИКИ ЛЕЙЛЕКСКОГО РАЙОНА БАТКЕНСКОЙ ОБЛАСТИ;11;817;1183;2000;817;1183;2000;99;78;177;99;78;177
Баткенская обл.;4170500000000000;Лейлекский р-н;41705236000000000;542011;ЛЕЙЛЕК ЦОВП;ЦЕНТР ОБЩЕВРАЧЕБНОЙ ПРАКТИКИ ЛЕЙЛЕКСКОГО РАЙОНА БАТКЕНСКОЙ ОБЛАСТИ;12;776;1063;1839;776;1063;1839;50;44;94;50;44;94
Баткенская обл.;4170500000000000;Лейлекский р-н;41705236000000000;542011;ЛЕЙЛЕК ЦОВП;ЦЕНТР ОБЩЕВРАЧЕБНОЙ ПРАКТИКИ ЛЕЙЛЕКСКОГО РАЙОНА БАТКЕНСКОЙ ОБЛАСТИ;13;758;1079;1837;758;1079;1837;98;65;163;98;65;163
Баткенская обл.;4170500000000000;Лейлекский р-н;41705236000000000;542011;ЛЕЙЛЕК ЦОВП;ЦЕНТР ОБЩЕВРАЧЕБНОЙ ПРАКТИКИ ЛЕЙЛЕКСКОГО РАЙОНА БАТКЕНСКОЙ ОБЛАСТИ;14;842;990;1832;842;990;1832;91;88;179;91;88;179
Баткенская обл.;4170500000000000;Лейлекский р-н;41705236000000000;542011;ЛЕЙЛЕК ЦОВП;ЦЕНТР ОБЩЕВРАЧЕБНОЙ ПРАКТИКИ ЛЕЙЛЕКСКОГО РАЙОНА БАТКЕНСКОЙ ОБЛАСТИ;15;761;931;1692;761;931;1692;134;100;234;134;100;234
Баткенская обл.;4170500000000000;Лейлекский р-н;41705236000000000;542011;ЛЕЙЛЕК ЦОВП;ЦЕНТР ОБЩЕВРАЧЕБНОЙ ПРАКТИКИ ЛЕЙЛЕКСКОГО РАЙОНА БАТКЕНСКОЙ ОБЛАСТИ;16;671;838;1509;671;838;1509;201;194;395;200;189;389
Баткенская обл.;4170500000000000;Лейлекский р-н;41705236000000000;542011;ЛЕЙЛЕК ЦОВП;ЦЕНТР ОБЩЕВРАЧЕБНОЙ ПРАКТИКИ ЛЕЙЛЕКСКОГО РАЙОНА БАТКЕНСКОЙ ОБЛАСТИ;17;672;717;1389;661;708;1369;310;320;630;276;299;575
Баткенская обл.;4170500000000000;Лейлекский р-н;41705236000000000;542011;ЛЕЙЛЕК ЦОВП;ЦЕНТР ОБЩЕВРАЧЕБНОЙ ПРАКТИКИ ЛЕЙЛЕКСКОГО РАЙОНА БАТКЕНСКОЙ ОБЛАСТИ;18;602;692;1294;587;677;1264;450;664;1114;395;567;962
Баткенская обл.;4170500000000000;Лейлекский р-н;41705236000000000;542011;ЛЕЙЛЕК ЦОВП;ЦЕНТР ОБЩЕВРАЧЕБНОЙ ПРАКТИКИ ЛЕЙЛЕКСКОГО РАЙОНА БАТКЕНСКОЙ ОБЛАСТИ;19;591;597;1188;431;468;899;247;604;851;164;311;475
Баткенская обл.;4170500000000000;Лейлекский р-н;41705236000000000;542011;ЛЕЙЛЕК ЦОВП;ЦЕНТР ОБЩЕВРАЧЕБНОЙ ПРАКТИКИ ЛЕЙЛЕКСКОГО РАЙОНА БАТКЕНСКОЙ ОБЛАСТИ;20;565;614;1179;239;295;534;157;715;872;82;247;329
Баткенская обл.;4170500000000000;Лейлекский р-н;41705236000000000;542011;ЛЕЙЛЕК ЦОВП;ЦЕНТР ОБЩЕВРАЧЕБНОЙ ПРАКТИКИ ЛЕЙЛЕКСКОГО РАЙОНА БАТКЕНСКОЙ ОБЛАСТИ;21;498;594;1092;126;206;332;131;698;829;21;348;369
Баткенская обл.;4170500000000000;Лейлекский р-н;41705236000000000;542011;ЛЕЙЛЕК ЦОВП;ЦЕНТР ОБЩЕВРАЧЕБНОЙ ПРАКТИКИ ЛЕЙЛЕКСКОГО РАЙОНА БАТКЕНСКОЙ ОБЛАСТИ;22;500;575;1075;10;83;93;104;654;758;13;200;213
Баткенская обл.;4170500000000000;Лейлекский р-н;41705236000000000;542011;ЛЕЙЛЕК ЦОВП;ЦЕНТР ОБЩЕВРАЧЕБНОЙ ПРАКТИКИ ЛЕЙЛЕКСКОГО РАЙОНА БАТКЕНСКОЙ ОБЛАСТИ;23;503;559;1062;13;98;111;123;599;722;13;284;297
Баткенская обл.;4170500000000000;Лейлекский р-н;41705236000000000;542011;ЛЕЙЛЕК ЦОВП;ЦЕНТР ОБЩЕВРАЧЕБНОЙ ПРАКТИКИ ЛЕЙЛЕКСКОГО РАЙОНА БАТКЕНСКОЙ ОБЛАСТИ;24;583;597;1180;32;140;172;135;615;750;15;258;273
Баткенская обл.;4170500000000000;Лейлекский р-н;41705236000000000;542011;ЛЕЙЛЕК ЦОВП;ЦЕНТР ОБЩЕВРАЧЕБНОЙ ПРАКТИКИ ЛЕЙЛЕКСКОГО РАЙОНА БАТКЕНСКОЙ ОБЛАСТИ;25;587;634;1221;42;179;221;107;575;682;11;304;315
Баткенская обл.;4170500000000000;Лейлекский р-н;41705236000000000;542011;ЛЕЙЛЕК ЦОВП;ЦЕНТР ОБЩЕВРАЧЕБНОЙ ПРАКТИКИ ЛЕЙЛЕКСКОГО РАЙОНА БАТКЕНСКОЙ ОБЛАСТИ;26;584;583;1167;62;202;264;132;594;726;43;315;358
Баткенская обл.;4170500000000000;Лейлекский р-н;41705236000000000;542011;ЛЕЙЛЕК ЦОВП;ЦЕНТР ОБЩЕВРАЧЕБНОЙ ПРАКТИКИ ЛЕЙЛЕКСКОГО РАЙОНА БАТКЕНСКОЙ ОБЛАСТИ;27;609;556;1165;87;198;285;160;488;648;57;264;321
Баткенская обл.;4170500000000000;Лейлекский р-н;41705236000000000;542011;ЛЕЙЛЕК ЦОВП;ЦЕНТР ОБЩЕВРАЧЕБНОЙ ПРАКТИКИ ЛЕЙЛЕКСКОГО РАЙОНА БАТКЕНСКОЙ ОБЛАСТИ;28;538;576;1114;109;258;367;128;498;626;48;330;378
Баткенская обл.;4170500000000000;Лейлекский р-н;41705236000000000;542011;ЛЕЙЛЕК ЦОВП;ЦЕНТР ОБЩЕВРАЧЕБНОЙ ПРАКТИКИ ЛЕЙЛЕКСКОГО РАЙОНА БАТКЕНСКОЙ ОБЛАСТИ;29;617;569;1186;210;279;489;130;445;575;60;322;382
Баткенская обл.;4170500000000000;Лейлекский р-н;41705236000000000;542011;ЛЕЙЛЕК ЦОВП;ЦЕНТР ОБЩЕВРАЧЕБНОЙ ПРАКТИКИ ЛЕЙЛЕКСКОГО РАЙОНА БАТКЕНСКОЙ ОБЛАСТИ;30;527;561;1088;254;349;603;103;592;695;66;460;526
Баткенская обл.;4170500000000000;Лейлекский р-н;41705236000000000;542011;ЛЕЙЛЕК ЦОВП;ЦЕНТР ОБЩЕВРАЧЕБНОЙ ПРАКТИКИ ЛЕЙЛЕКСКОГО РАЙОНА БАТКЕНСКОЙ ОБЛАСТИ;31;538;553;1091;312;385;697;139;456;595;95;358;453
Баткенская обл.;4170500000000000;Лейлекский р-н;41705236000000000;542011;ЛЕЙЛЕК ЦОВП;ЦЕНТР ОБЩЕВРАЧЕБНОЙ ПРАКТИКИ ЛЕЙЛЕКСКОГО РАЙОНА БАТКЕНСКОЙ ОБЛАСТИ;32;526;570;1096;328;399;727;124;578;702;102;466;568
Баткенская обл.;4170500000000000;Лейлекский р-н;41705236000000000;542011;ЛЕЙЛЕК ЦОВП;ЦЕНТР ОБЩЕВРАЧЕБНОЙ ПРАКТИКИ ЛЕЙЛЕКСКОГО РАЙОНА БАТКЕНСКОЙ ОБЛАСТИ;33;555;593;1148;371;414;785;135;430;565;99;339;438
Баткенская обл.;4170500000000000;Лейлекский р-н;41705236000000000;542011;ЛЕЙЛЕК ЦОВП;ЦЕНТР ОБЩЕВРАЧЕБНОЙ ПРАКТИКИ ЛЕЙЛЕКСКОГО РАЙОНА БАТКЕНСКОЙ ОБЛАСТИ;34;532;558;1090;370;386;756;178;352;530;140;269;409
Баткенская обл.;4170500000000000;Лейлекский р-н;41705236000000000;542011;ЛЕЙЛЕК ЦОВП;ЦЕНТР ОБЩЕВРАЧЕБНОЙ ПРАКТИКИ ЛЕЙЛЕКСКОГО РАЙОНА БАТКЕНСКОЙ ОБЛАСТИ;35;577;539;1116;386;398;784;114;336;450;79;295;374
Баткенская обл.;4170500000000000;Лейлекский р-н;41705236000000000;542011;ЛЕЙЛЕК ЦОВП;ЦЕНТР ОБЩЕВРАЧЕБНОЙ ПРАКТИКИ ЛЕЙЛЕКСКОГО РАЙОНА БАТКЕНСКОЙ ОБЛАСТИ;36;555;548;1103;397;418;815;117;318;435;80;269;349
Баткенская обл.;4170500000000000;Лейлекский р-н;41705236000000000;542011;ЛЕЙЛЕК ЦОВП;ЦЕНТР ОБЩЕВРАЧЕБНОЙ ПРАКТИКИ ЛЕЙЛЕКСКОГО РАЙОНА БАТКЕНСКОЙ ОБЛАСТИ;37;586;598;1184;427;444;871;149;359;508;128;304;432
Баткенская обл.;4170500000000000;Лейлекский р-н;41705236000000000;542011;ЛЕЙЛЕК ЦОВП;ЦЕНТР ОБЩЕВРАЧЕБНОЙ ПРАКТИКИ ЛЕЙЛЕКСКОГО РАЙОНА БАТКЕНСКОЙ ОБЛАСТИ;38;567;572;1139;413;387;800;133;302;435;109;242;351
Баткенская обл.;4170500000000000;Лейлекский р-н;41705236000000000;542011;ЛЕЙЛЕК ЦОВП;ЦЕНТР ОБЩЕВРАЧЕБНОЙ ПРАКТИКИ ЛЕЙЛЕКСКОГО РАЙОНА БАТКЕНСКОЙ ОБЛАСТИ;39;511;516;1027;384;351;735;117;222;339;93;184;277
Баткенская обл.;4170500000000000;Лейлекский р-н;41705236000000000;542011;ЛЕЙЛЕК ЦОВП;ЦЕНТР ОБЩЕВРАЧЕБНОЙ ПРАКТИКИ ЛЕЙЛЕКСКОГО РАЙОНА БАТКЕНСКОЙ ОБЛАСТИ;40;454;458;912;344;342;686;95;198;293;76;158;234
Баткенская обл.;4170500000000000;Лейлекский р-н;41705236000000000;542011;ЛЕЙЛЕК ЦОВП;ЦЕНТР ОБЩЕВРАЧЕБНОЙ ПРАКТИКИ ЛЕЙЛЕКСКОГО РАЙОНА БАТКЕНСКОЙ ОБЛАСТИ;41;456;459;915;350;335;685;104;186;290;77;160;237
Баткенская обл.;4170500000000000;Лейлекский р-н;41705236000000000;542011;ЛЕЙЛЕК ЦОВП;ЦЕНТР ОБЩЕВРАЧЕБНОЙ ПРАКТИКИ ЛЕЙЛЕКСКОГО РАЙОНА БАТКЕНСКОЙ ОБЛАСТИ;42;435;418;853;318;297;615;86;191;277;68;166;234
Баткенская обл.;4170500000000000;Лейлекский р-н;41705236000000000;542011;ЛЕЙЛЕК ЦОВП;ЦЕНТР ОБЩЕВРАЧЕБНОЙ ПРАКТИКИ ЛЕЙЛЕКСКОГО РАЙОНА БАТКЕНСКОЙ ОБЛАСТИ;43;415;412;827;304;289;593;82;137;219;64;113;177
Баткенская обл.;4170500000000000;Лейлекский р-н;41705236000000000;542011;ЛЕЙЛЕК ЦОВП;ЦЕНТР ОБЩЕВРАЧЕБНОЙ ПРАКТИКИ ЛЕЙЛЕКСКОГО РАЙОНА БАТКЕНСКОЙ ОБЛАСТИ;44;397;413;810;286;292;578;71;193;264;54;159;213
Баткенская обл.;4170500000000000;Лейлекский р-н;41705236000000000;542011;ЛЕЙЛЕК ЦОВП;ЦЕНТР ОБЩЕВРАЧЕБНОЙ ПРАКТИКИ ЛЕЙЛЕКСКОГО РАЙОНА БАТКЕНСКОЙ ОБЛАСТИ;45;386;409;795;297;284;581;93;154;247;69;128;197
Баткенская обл.;4170500000000000;Лейлекский р-н;41705236000000000;542011;ЛЕЙЛЕК ЦОВП;ЦЕНТР ОБЩЕВРАЧЕБНОЙ ПРАКТИКИ ЛЕЙЛЕКСКОГО РАЙОНА БАТКЕНСКОЙ ОБЛАСТИ;46;353;371;724;261;242;503;64;146;210;48;102;150
Баткенская обл.;4170500000000000;Лейлекский р-н;41705236000000000;542011;ЛЕЙЛЕК ЦОВП;ЦЕНТР ОБЩЕВРАЧЕБНОЙ ПРАКТИКИ ЛЕЙЛЕКСКОГО РАЙОНА БАТКЕНСКОЙ ОБЛАСТИ;47;335;395;730;227;263;490;66;168;234;46;101;147
Баткенская обл.;4170500000000000;Лейлекский р-н;41705236000000000;542011;ЛЕЙЛЕК ЦОВП;ЦЕНТР ОБЩЕВРАЧЕБНОЙ ПРАКТИКИ ЛЕЙЛЕКСКОГО РАЙОНА БАТКЕНСКОЙ ОБЛАСТИ;48;338;372;710;222;233;455;62;152;214;49;112;161
Баткенская обл.;4170500000000000;Лейлекский р-н;41705236000000000;542011;ЛЕЙЛЕК ЦОВП;ЦЕНТР ОБЩЕВРАЧЕБНОЙ ПРАКТИКИ ЛЕЙЛЕКСКОГО РАЙОНА БАТКЕНСКОЙ ОБЛАСТИ;49;288;353;641;191;211;402;77;117;194;57;95;152
Баткенская обл.;4170500000000000;Лейлекский р-н;41705236000000000;542011;ЛЕЙЛЕК ЦОВП;ЦЕНТР ОБЩЕВРАЧЕБНОЙ ПРАКТИКИ ЛЕЙЛЕКСКОГО РАЙОНА БАТКЕНСКОЙ ОБЛАСТИ;50;351;313;664;216;188;404;96;116;212;84;96;180
Баткенская обл.;4170500000000000;Лейлекский р-н;41705236000000000;542011;ЛЕЙЛЕК ЦОВП;ЦЕНТР ОБЩЕВРАЧЕБНОЙ ПРАКТИКИ ЛЕЙЛЕКСКОГО РАЙОНА БАТКЕНСКОЙ ОБЛАСТИ;51;328;358;686;216;212;428;107;114;221;86;77;163
Баткенская обл.;4170500000000000;Лейлекский р-н;41705236000000000;542011;ЛЕЙЛЕК ЦОВП;ЦЕНТР ОБЩЕВРАЧЕБНОЙ ПРАКТИКИ ЛЕЙЛЕКСКОГО РАЙОНА БАТКЕНСКОЙ ОБЛАСТИ;52;301;309;610;190;185;375;96;141;237;79;96;175
Баткенская обл.;4170500000000000;Лейлекский р-н;41705236000000000;542011;ЛЕЙЛЕК ЦОВП;ЦЕНТР ОБЩЕВРАЧЕБНОЙ ПРАКТИКИ ЛЕЙЛЕКСКОГО РАЙОНА БАТКЕНСКОЙ ОБЛАСТИ;53;305;350;655;206;211;417;84;139;223;75;117;192
Баткенская обл.;4170500000000000;Лейлекский р-н;41705236000000000;542011;ЛЕЙЛЕК ЦОВП;ЦЕНТР ОБЩЕВРАЧЕБНОЙ ПРАКТИКИ ЛЕЙЛЕКСКОГО РАЙОНА БАТКЕНСКОЙ ОБЛАСТИ;54;279;309;588;183;187;370;82;102;184;59;74;133
Баткенская обл.;4170500000000000;Лейлекский р-н;41705236000000000;542011;ЛЕЙЛЕК ЦОВП;ЦЕНТР ОБЩЕВРАЧЕБНОЙ ПРАКТИКИ ЛЕЙЛЕКСКОГО РАЙОНА БАТКЕНСКОЙ ОБЛАСТИ;55;274;276;550;177;182;359;86;98;184;63;81;144
Баткенская обл.;4170500000000000;Лейлекский р-н;41705236000000000;542011;ЛЕЙЛЕК ЦОВП;ЦЕНТР ОБЩЕВРАЧЕБНОЙ ПРАКТИКИ ЛЕЙЛЕКСКОГО РАЙОНА БАТКЕНСКОЙ ОБЛАСТИ;56;264;339;603;179;244;423;74;132;206;62;109;171
Баткенская обл.;4170500000000000;Лейлекский р-н;41705236000000000;542011;ЛЕЙЛЕК ЦОВП;ЦЕНТР ОБЩЕВРАЧЕБНОЙ ПРАКТИКИ ЛЕЙЛЕКСКОГО РАЙОНА БАТКЕНСКОЙ ОБЛАСТИ;57;242;299;541;172;209;381;90;106;196;67;92;159
Баткенская обл.;4170500000000000;Лейлекский р-н;41705236000000000;542011;ЛЕЙЛЕК ЦОВП;ЦЕНТР ОБЩЕВРАЧЕБНОЙ ПРАКТИКИ ЛЕЙЛЕКСКОГО РАЙОНА БАТКЕНСКОЙ ОБЛАСТИ;58;242;299;541;178;224;402;110;148;258;86;120;206
Баткенская обл.;4170500000000000;Лейлекский р-н;41705236000000000;542011;ЛЕЙЛЕК ЦОВП;ЦЕНТР ОБЩЕВРАЧЕБНОЙ ПРАКТИКИ ЛЕЙЛЕКСКОГО РАЙОНА БАТКЕНСКОЙ ОБЛАСТИ;59;280;303;583;201;237;438;110;102;212;99;75;174
Баткенская обл.;4170500000000000;Лейлекский р-н;41705236000000000;542011;ЛЕЙЛЕК ЦОВП;ЦЕНТР ОБЩЕВРАЧЕБНОЙ ПРАКТИКИ ЛЕЙЛЕКСКОГО РАЙОНА БАТКЕНСКОЙ ОБЛАСТИ;60;267;289;556;202;231;433;106;114;220;90;97;187
Баткенская обл.;4170500000000000;Лейлекский р-н;41705236000000000;542011;ЛЕЙЛЕК ЦОВП;ЦЕНТР ОБЩЕВРАЧЕБНОЙ ПРАКТИКИ ЛЕЙЛЕКСКОГО РАЙОНА БАТКЕНСКОЙ ОБЛАСТИ;61;270;284;554;200;243;443;92;101;193;83;93;176
Баткенская обл.;4170500000000000;Лейлекский р-н;41705236000000000;542011;ЛЕЙЛЕК ЦОВП;ЦЕНТР ОБЩЕВРАЧЕБНОЙ ПРАКТИКИ ЛЕЙЛЕКСКОГО РАЙОНА БАТКЕНСКОЙ ОБЛАСТИ;62;251;298;549;195;277;472;91;103;194;80;101;181
Баткенская обл.;4170500000000000;Лейлекский р-н;41705236000000000;542011;ЛЕЙЛЕК ЦОВП;ЦЕНТР ОБЩЕВРАЧЕБНОЙ ПРАКТИКИ ЛЕЙЛЕКСКОГО РАЙОНА БАТКЕНСКОЙ ОБЛАСТИ;63;217;281;498;167;262;429;82;120;202;68;117;185
Баткенская обл.;4170500000000000;Лейлекский р-н;41705236000000000;542011;ЛЕЙЛЕК ЦОВП;ЦЕНТР ОБЩЕВРАЧЕБНОЙ ПРАКТИКИ ЛЕЙЛЕКСКОГО РАЙОНА БАТКЕНСКОЙ ОБЛАСТИ;64;243;271;514;208;259;467;103;93;196;94;91;185
Баткенская обл.;4170500000000000;Лейлекский р-н;41705236000000000;542011;ЛЕЙЛЕК ЦОВП;ЦЕНТР ОБЩЕВРАЧЕБНОЙ ПРАКТИКИ ЛЕЙЛЕКСКОГО РАЙОНА БАТКЕНСКОЙ ОБЛАСТИ;65;234;234;468;225;225;450;73;112;185;68;112;180
Баткенская обл.;4170500000000000;Лейлекский р-н;41705236000000000;542011;ЛЕЙЛЕК ЦОВП;ЦЕНТР ОБЩЕВРАЧЕБНОЙ ПРАКТИКИ ЛЕЙЛЕКСКОГО РАЙОНА БАТКЕНСКОЙ ОБЛАСТИ;66;201;207;408;194;199;393;56;78;134;54;76;130
Баткенская обл.;4170500000000000;Лейлекский р-н;41705236000000000;542011;ЛЕЙЛЕК ЦОВП;ЦЕНТР ОБЩЕВРАЧЕБНОЙ ПРАКТИКИ ЛЕЙЛЕКСКОГО РАЙОНА БАТКЕНСКОЙ ОБЛАСТИ;67;166;204;370;164;197;361;112;86;198;111;74;185
Баткенская обл.;4170500000000000;Лейлекский р-н;41705236000000000;542011;ЛЕЙЛЕК ЦОВП;ЦЕНТР ОБЩЕВРАЧЕБНОЙ ПРАКТИКИ ЛЕЙЛЕКСКОГО РАЙОНА БАТКЕНСКОЙ ОБЛАСТИ;68;148;200;348;146;192;338;45;92;137;45;89;134
Баткенская обл.;4170500000000000;Лейлекский р-н;41705236000000000;542011;ЛЕЙЛЕК ЦОВП;ЦЕНТР ОБЩЕВРАЧЕБНОЙ ПРАКТИКИ ЛЕЙЛЕКСКОГО РАЙОНА БАТКЕНСКОЙ ОБЛАСТИ;69;153;168;321;149;164;313;42;74;116;39;69;108
Баткенская обл.;4170500000000000;Лейлекский р-н;41705236000000000;542011;ЛЕЙЛЕК ЦОВП;ЦЕНТР ОБЩЕВРАЧЕБНОЙ ПРАКТИКИ ЛЕЙЛЕКСКОГО РАЙОНА БАТКЕНСКОЙ ОБЛАСТИ;70;135;174;309;133;173;306;36;34;70;35;34;69
Баткенская обл.;4170500000000000;Лейлекский р-н;41705236000000000;542011;ЛЕЙЛЕК ЦОВП;ЦЕНТР ОБЩЕВРАЧЕБНОЙ ПРАКТИКИ ЛЕЙЛЕКСКОГО РАЙОНА БАТКЕНСКОЙ ОБЛАСТИ;71;104;130;234;104;128;232;40;41;81;40;39;79
Баткенская обл.;4170500000000000;Лейлекский р-н;41705236000000000;542011;ЛЕЙЛЕК ЦОВП;ЦЕНТР ОБЩЕВРАЧЕБНОЙ ПРАКТИКИ ЛЕЙЛЕКСКОГО РАЙОНА БАТКЕНСКОЙ ОБЛАСТИ;72;111;125;236;110;124;234;25;45;70;25;45;70
Баткенская обл.;4170500000000000;Лейлекский р-н;41705236000000000;542011;ЛЕЙЛЕК ЦОВП;ЦЕНТР ОБЩЕВРАЧЕБНОЙ ПРАКТИКИ ЛЕЙЛЕКСКОГО РАЙОНА БАТКЕНСКОЙ ОБЛАСТИ;73;79;105;184;79;105;184;25;40;65;24;40;64
Баткенская обл.;4170500000000000;Лейлекский р-н;41705236000000000;542011;ЛЕЙЛЕК ЦОВП;ЦЕНТР ОБЩЕВРАЧЕБНОЙ ПРАКТИКИ ЛЕЙЛЕКСКОГО РАЙОНА БАТКЕНСКОЙ ОБЛАСТИ;74;72;112;184;70;111;181;23;30;53;23;27;50
Баткенская обл.;4170500000000000;Лейлекский р-н;41705236000000000;542011;ЛЕЙЛЕК ЦОВП;ЦЕНТР ОБЩЕВРАЧЕБНОЙ ПРАКТИКИ ЛЕЙЛЕКСКОГО РАЙОНА БАТКЕНСКОЙ ОБЛАСТИ;75;74;89;163;74;89;163;22;28;50;21;28;49
Баткенская обл.;4170500000000000;Лейлекский р-н;41705236000000000;542011;ЛЕЙЛЕК ЦОВП;ЦЕНТР ОБЩЕВРАЧЕБНОЙ ПРАКТИКИ ЛЕЙЛЕКСКОГО РАЙОНА БАТКЕНСКОЙ ОБЛАСТИ;76;57;62;119;56;62;118;19;6;25;19;6;25
Баткенская обл.;4170500000000000;Лейлекский р-н;41705236000000000;542011;ЛЕЙЛЕК ЦОВП;ЦЕНТР ОБЩЕВРАЧЕБНОЙ ПРАКТИКИ ЛЕЙЛЕКСКОГО РАЙОНА БАТКЕНСКОЙ ОБЛАСТИ;77;51;77;128;51;76;127;12;16;28;12;15;27
Баткенская обл.;4170500000000000;Лейлекский р-н;41705236000000000;542011;ЛЕЙЛЕК ЦОВП;ЦЕНТР ОБЩЕВРАЧЕБНОЙ ПРАКТИКИ ЛЕЙЛЕКСКОГО РАЙОНА БАТКЕНСКОЙ ОБЛАСТИ;78;34;47;81;34;47;81;9;9;18;9;9;18
Баткенская обл.;4170500000000000;Лейлекский р-н;41705236000000000;542011;ЛЕЙЛЕК ЦОВП;ЦЕНТР ОБЩЕВРАЧЕБНОЙ ПРАКТИКИ ЛЕЙЛЕКСКОГО РАЙОНА БАТКЕНСКОЙ ОБЛАСТИ;79;17;38;55;17;38;55;6;10;16;6;10;16
Баткенская обл.;4170500000000000;Лейлекский р-н;41705236000000000;542011;ЛЕЙЛЕК ЦОВП;ЦЕНТР ОБЩЕВРАЧЕБНОЙ ПРАКТИКИ ЛЕЙЛЕКСКОГО РАЙОНА БАТКЕНСКОЙ ОБЛАСТИ;80;11;28;39;11;28;39;3;9;12;3;9;12
Баткенская обл.;4170500000000000;Лейлекский р-н;41705236000000000;542011;ЛЕЙЛЕК ЦОВП;ЦЕНТР ОБЩЕВРАЧЕБНОЙ ПРАКТИКИ ЛЕЙЛЕКСКОГО РАЙОНА БАТКЕНСКОЙ ОБЛАСТИ;81;13;21;34;13;21;34;3;12;15;3;12;15
Баткенская обл.;4170500000000000;Лейлекский р-н;41705236000000000;542011;ЛЕЙЛЕК ЦОВП;ЦЕНТР ОБЩЕВРАЧЕБНОЙ ПРАКТИКИ ЛЕЙЛЕКСКОГО РАЙОНА БАТКЕНСКОЙ ОБЛАСТИ;82;25;32;57;24;31;55;4;12;16;4;12;16
Баткенская обл.;4170500000000000;Лейлекский р-н;41705236000000000;542011;ЛЕЙЛЕК ЦОВП;ЦЕНТР ОБЩЕВРАЧЕБНОЙ ПРАКТИКИ ЛЕЙЛЕКСКОГО РАЙОНА БАТКЕНСКОЙ ОБЛАСТИ;83;22;36;58;22;36;58;2;7;9;2;7;9
Баткенская обл.;4170500000000000;Лейлекский р-н;41705236000000000;542011;ЛЕЙЛЕК ЦОВП;ЦЕНТР ОБЩЕВРАЧЕБНОЙ ПРАКТИКИ ЛЕЙЛЕКСКОГО РАЙОНА БАТКЕНСКОЙ ОБЛАСТИ;84;28;47;75;28;47;75;6;3;9;6;3;9
Баткенская обл.;4170500000000000;Лейлекский р-н;41705236000000000;542011;ЛЕЙЛЕК ЦОВП;ЦЕНТР ОБЩЕВРАЧЕБНОЙ ПРАКТИКИ ЛЕЙЛЕКСКОГО РАЙОНА БАТКЕНСКОЙ ОБЛАСТИ;85;28;33;61;28;33;61;1;7;8;1;7;8
Баткенская обл.;4170500000000000;Лейлекский р-н;41705236000000000;542011;ЛЕЙЛЕК ЦОВП;ЦЕНТР ОБЩЕВРАЧЕБНОЙ ПРАКТИКИ ЛЕЙЛЕКСКОГО РАЙОНА БАТКЕНСКОЙ ОБЛАСТИ;86;20;37;57;20;37;57;0;2;2;0;2;2
Баткенская обл.;4170500000000000;Лейлекский р-н;41705236000000000;542011;ЛЕЙЛЕК ЦОВП;ЦЕНТР ОБЩЕВРАЧЕБНОЙ ПРАКТИКИ ЛЕЙЛЕКСКОГО РАЙОНА БАТКЕНСКОЙ ОБЛАСТИ;87;12;29;41;12;29;41;6;1;7;6;1;7
Баткенская обл.;4170500000000000;Лейлекский р-н;41705236000000000;542011;ЛЕЙЛЕК ЦОВП;ЦЕНТР ОБЩЕВРАЧЕБНОЙ ПРАКТИКИ ЛЕЙЛЕКСКОГО РАЙОНА БАТКЕНСКОЙ ОБЛАСТИ;88;18;22;40;18;21;39;1;3;4;1;3;4
Баткенская обл.;4170500000000000;Лейлекский р-н;41705236000000000;542011;ЛЕЙЛЕК ЦОВП;ЦЕНТР ОБЩЕВРАЧЕБНОЙ ПРАКТИКИ ЛЕЙЛЕКСКОГО РАЙОНА БАТКЕНСКОЙ ОБЛАСТИ;89;10;27;37;10;27;37;0;4;4;0;4;4
Баткенская обл.;4170500000000000;Лейлекский р-н;41705236000000000;542011;ЛЕЙЛЕК ЦОВП;ЦЕНТР ОБЩЕВРАЧЕБНОЙ ПРАКТИКИ ЛЕЙЛЕКСКОГО РАЙОНА БАТКЕНСКОЙ ОБЛАСТИ;90;4;17;21;4;17;21;0;2;2;0;1;1
Баткенская обл.;4170500000000000;Лейлекский р-н;41705236000000000;542011;ЛЕЙЛЕК ЦОВП;ЦЕНТР ОБЩЕВРАЧЕБНОЙ ПРАКТИКИ ЛЕЙЛЕКСКОГО РАЙОНА БАТКЕНСКОЙ ОБЛАСТИ;91;10;18;28;10;18;28;0;4;4;0;4;4
Баткенская обл.;4170500000000000;Лейлекский р-н;41705236000000000;542011;ЛЕЙЛЕК ЦОВП;ЦЕНТР ОБЩЕВРАЧЕБНОЙ ПРАКТИКИ ЛЕЙЛЕКСКОГО РАЙОНА БАТКЕНСКОЙ ОБЛАСТИ;93;5;14;19;5;14;19;0;2;2;0;2;2
Баткенская обл.;4170500000000000;Лейлекский р-н;41705236000000000;542011;ЛЕЙЛЕК ЦОВП;ЦЕНТР ОБЩЕВРАЧЕБНОЙ ПРАКТИКИ ЛЕЙЛЕКСКОГО РАЙОНА БАТКЕНСКОЙ ОБЛАСТИ;94;6;18;24;6;18;24;1;0;1;1;0;1
Нарынская обл.;4170400000000000;Нарын г.;41704245000000000;441661;Нарынский областной ЦСМ;Нарынский областной центр семейной медицины;0;514;465;979;514;465;979;11508;9882;21390;11508;9882;21390
Нарынская обл.;4170400000000000;Нарын г.;41704245000000000;441661;Нарынский областной ЦСМ;Нарынский областной центр семейной медицины;1;764;697;1461;764;697;1461;6447;5727;12174;6447;5727;12174
Нарынская обл.;4170400000000000;Нарын г.;41704245000000000;441661;Нарынский областной ЦСМ;Нарынский областной центр семейной медицины;2;905;901;1806;905;901;1806;5689;5783;11472;5689;5783;11472
Нарынская обл.;4170400000000000;Нарын г.;41704245000000000;441661;Нарынский областной ЦСМ;Нарынский областной центр семейной медицины;3;883;940;1823;883;940;1823;4276;4368;8644;4276;4368;8644
Нарынская обл.;4170400000000000;Нарын г.;41704245000000000;441661;Нарынский областной ЦСМ;Нарынский областной центр семейной медицины;4;916;983;1899;916;983;1899;3760;3846;7606;3760;3846;7606
Нарынская обл.;4170400000000000;Нарын г.;41704245000000000;441661;Нарынский областной ЦСМ;Нарынский областной центр семейной медицины;5;928;997;1925;928;997;1925;3699;4070;7769;3699;4070;7769
Нарынская обл.;4170400000000000;Нарын г.;41704245000000000;441661;Нарынский областной ЦСМ;Нарынский областной центр семейной медицины;6;916;1123;2039;916;1123;2039;4542;4460;9002;4542;4460;9002
Нарынская обл.;4170400000000000;Нарын г.;41704245000000000;441661;Нарынский областной ЦСМ;Нарынский областной центр семейной медицины;7;969;1153;2122;969;1153;2122;2955;2792;5747;2955;2792;5747
Нарынская обл.;4170400000000000;Нарын г.;41704245000000000;441661;Нарынский областной ЦСМ;Нарынский областной центр семейной медицины;8;987;1148;2135;987;1148;2135;2948;2670;5618;2948;2670;5618
Нарынская обл.;4170400000000000;Нарын г.;41704245000000000;441661;Нарынский областной ЦСМ;Нарынский областной центр семейной медицины;9;940;1054;1994;940;1054;1994;2677;2611;5288;2677;2611;5288
Нарынская обл.;4170400000000000;Нарын г.;41704245000000000;441661;Нарынский областной ЦСМ;Нарынский областной центр семейной медицины;10;945;1218;2163;945;1218;2163;2916;2924;5840;2916;2924;5840
Нарынская обл.;4170400000000000;Нарын г.;41704245000000000;441661;Нарынский областной ЦСМ;Нарынский областной центр семейной медицины;11;902;1083;1985;902;1083;1985;2936;3002;5938;2936;3002;5938
Нарынская обл.;4170400000000000;Нарын г.;41704245000000000;441661;Нарынский областной ЦСМ;Нарынский областной центр семейной медицины;12;923;1101;2024;923;1101;2024;2710;2439;5149;2710;2439;5149
Нарынская обл.;4170400000000000;Нарын г.;41704245000000000;441661;Нарынский областной ЦСМ;Нарынский областной центр семейной медицины;13;980;1059;2039;980;1059;2039;2974;2753;5727;2974;2753;5727
Нарынская обл.;4170400000000000;Нарын г.;41704245000000000;441661;Нарынский областной ЦСМ;Нарынский областной центр семейной медицины;14;955;1048;2003;955;1048;2003;3308;2971;6279;3308;2971;6279
Нарынская обл.;4170400000000000;Нарын г.;41704245000000000;441661;Нарынский областной ЦСМ;Нарынский областной центр семейной медицины;15;1015;968;1983;1015;968;1983;4489;3659;8148;4489;3659;8148
Нарынская обл.;4170400000000000;Нарын г.;41704245000000000;441661;Нарынский областной ЦСМ;Нарынский областной центр семейной медицины;16;918;1028;1946;918;1028;1946;3470;3228;6698;3386;3171;6557
Нарынская обл.;4170400000000000;Нарын г.;41704245000000000;441661;Нарынский областной ЦСМ;Нарынский областной центр семейной медицины;17;855;916;1771;821;889;1710;3628;3059;6687;3315;2866;6181
Нарынская обл.;4170400000000000;Нарын г.;41704245000000000;441661;Нарынский областной ЦСМ;Нарынский областной центр семейной медицины;18;794;902;1696;740;842;1582;4456;2793;7249;3323;2230;5553
Нарынская обл.;4170400000000000;Нарын г.;41704245000000000;441661;Нарынский областной ЦСМ;Нарынский областной центр семейной медицины;19;764;726;1490;235;299;534;2630;2393;5023;656;1145;1801
Нарынская обл.;4170400000000000;Нарын г.;41704245000000000;441661;Нарынский областной ЦСМ;Нарынский областной центр семейной медицины;20;756;698;1454;148;171;319;2066;2406;4472;556;1314;1870
Нарынская обл.;4170400000000000;Нарын г.;41704245000000000;441661;Нарынский областной ЦСМ;Нарынский областной центр семейной медицины;21;772;688;1460;154;227;381;1686;2338;4024;518;1573;2091
Нарынская обл.;4170400000000000;Нарын г.;41704245000000000;441661;Нарынский областной ЦСМ;Нарынский областной центр семейной медицины;22;715;670;1385;190;254;444;1739;2728;4467;644;1893;2537
Нарынская обл.;4170400000000000;Нарын г.;41704245000000000;441661;Нарынский областной ЦСМ;Нарынский областной центр семейной медицины;23;643;597;1240;170;296;466;1559;2662;4221;625;2032;2657
Нарынская обл.;4170400000000000;Нарын г.;41704245000000000;441661;Нарынский областной ЦСМ;Нарынский областной центр семейной медицины;24;657;580;1237;205;287;492;1384;2663;4047;648;2077;2725
Нарынская обл.;4170400000000000;Нарын г.;41704245000000000;441661;Нарынский областной ЦСМ;Нарынский областной центр семейной медицины;25;715;588;1303;252;338;590;1530;3211;4741;666;2700;3366
Нарынская обл.;4170400000000000;Нарын г.;41704245000000000;441661;Нарынский областной ЦСМ;Нарынский областной центр семейной медицины;26;672;589;1261;273;375;648;1772;3237;5009;943;2701;3644
Нарынская обл.;4170400000000000;Нарын г.;41704245000000000;441661;Нарынский областной ЦСМ;Нарынский областной центр семейной медицины;27;639;529;1168;273;353;626;1326;2731;4057;826;2298;3124
Нарынская обл.;4170400000000000;Нарын г.;41704245000000000;441661;Нарынский областной ЦСМ;Нарынский областной центр семейной медицины;28;660;523;1183;351;372;723;1457;2916;4373;984;2537;3521
Нарынская обл.;4170400000000000;Нарын г.;41704245000000000;441661;Нарынский областной ЦСМ;Нарынский областной центр семейной медицины;29;710;544;1254;396;411;807;1444;3557;5001;1002;3127;4129
Нарынская обл.;4170400000000000;Нарын г.;41704245000000000;441661;Нарынский областной ЦСМ;Нарынский областной центр семейной медицины;30;766;615;1381;479;470;949;1790;3281;5071;1328;2847;4175
Нарынская обл.;4170400000000000;Нарын г.;41704245000000000;441661;Нарынский областной ЦСМ;Нарынский областной центр семейной медицины;31;733;545;1278;455;429;884;1652;3414;5066;1194;3109;4303
Нарынская обл.;4170400000000000;Нарын г.;41704245000000000;441661;Нарынский областной ЦСМ;Нарынский областной центр семейной медицины;32;744;590;1334;514;480;994;1620;3472;5092;1250;3114;4364
Нарынская обл.;4170400000000000;Нарын г.;41704245000000000;441661;Нарынский областной ЦСМ;Нарынский областной центр семейной медицины;33;670;564;1234;486;484;970;1653;3068;4721;1302;2763;4065
Нарынская обл.;4170400000000000;Нарын г.;41704245000000000;441661;Нарынский областной ЦСМ;Нарынский областной центр семейной медицины;34;662;503;1165;494;419;913;1551;3155;4706;1299;2878;4177
Нарынская обл.;4170400000000000;Нарын г.;41704245000000000;441661;Нарынский областной ЦСМ;Нарынский областной центр семейной медицины;35;647;566;1213;484;464;948;1694;3305;4999;1451;2951;4402
Нарынская обл.;4170400000000000;Нарын г.;41704245000000000;441661;Нарынский областной ЦСМ;Нарынский областной центр семейной медицины;36;685;590;1275;534;485;1019;2016;3502;5518;1640;3175;4815
Нарынская обл.;4170400000000000;Нарын г.;41704245000000000;441661;Нарынский областной ЦСМ;Нарынский областной центр семейной медицины;37;654;519;1173;511;442;953;1773;2919;4692;1494;2677;4171
Нарынская обл.;4170400000000000;Нарын г.;41704245000000000;441661;Нарынский областной ЦСМ;Нарынский областной центр семейной медицины;38;647;507;1154;493;435;928;1490;2782;4272;1257;2581;3838
Нарынская обл.;4170400000000000;Нарын г.;41704245000000000;441661;Нарынский областной ЦСМ;Нарынский областной центр семейной медицины;39;552;499;1051;418;422;840;1426;2849;4275;1097;2611;3708
Нарынская обл.;4170400000000000;Нарын г.;41704245000000000;441661;Нарынский областной ЦСМ;Нарынский областной центр семейной медицины;40;552;499;1051;383;413;796;1530;2649;4179;1191;2467;3658
Нарынская обл.;4170400000000000;Нарын г.;41704245000000000;441661;Нарынский областной ЦСМ;Нарынский областной центр семейной медицины;41;527;510;1037;408;424;832;1506;2607;4113;1231;2299;3530
Нарынская обл.;4170400000000000;Нарын г.;41704245000000000;441661;Нарынский областной ЦСМ;Нарынский областной центр семейной медицины;42;517;487;1004;407;389;796;1334;2601;3935;1117;2353;3470
Нарынская обл.;4170400000000000;Нарын г.;41704245000000000;441661;Нарынский областной ЦСМ;Нарынский областной центр семейной медицины;43;499;495;994;372;415;787;1267;2168;3435;1049;1924;2973
Нарынская обл.;4170400000000000;Нарын г.;41704245000000000;441661;Нарынский областной ЦСМ;Нарынский областной центр семейной медицины;44;420;473;893;320;387;707;1289;2074;3363;1098;1762;2860
Нарынская обл.;4170400000000000;Нарын г.;41704245000000000;441661;Нарынский областной ЦСМ;Нарынский областной центр семейной медицины;45;479;435;914;358;338;696;1542;2137;3679;1257;1868;3125
Нарынская обл.;4170400000000000;Нарын г.;41704245000000000;441661;Нарынский областной ЦСМ;Нарынский областной центр семейной медицины;46;463;463;926;351;371;722;1757;2269;4026;1420;1978;3398
Нарынская обл.;4170400000000000;Нарын г.;41704245000000000;441661;Нарынский областной ЦСМ;Нарынский областной центр семейной медицины;47;491;435;926;381;359;740;1585;2069;3654;1357;1850;3207
Нарынская обл.;4170400000000000;Нарын г.;41704245000000000;441661;Нарынский областной ЦСМ;Нарынский областной центр семейной медицины;48;448;469;917;341;387;728;1342;2126;3468;1114;1964;3078
Нарынская обл.;4170400000000000;Нарын г.;41704245000000000;441661;Нарынский областной ЦСМ;Нарынский областной центр семейной медицины;49;420;444;864;328;380;708;1233;2021;3254;1057;1861;2918
Нарынская обл.;4170400000000000;Нарын г.;41704245000000000;441661;Нарынский областной ЦСМ;Нарынский областной центр семейной медицины;50;426;406;832;330;350;680;1444;2003;3447;1267;1815;3082
Нарынская обл.;4170400000000000;Нарын г.;41704245000000000;441661;Нарынский областной ЦСМ;Нарынский областной центр семейной медицины;51;422;432;854;336;374;710;1344;2085;3429;1206;1864;3070
Нарынская обл.;4170400000000000;Нарын г.;41704245000000000;441661;Нарынский областной ЦСМ;Нарынский областной центр семейной медицины;52;426;411;837;323;343;666;1591;2155;3746;1363;1954;3317
Нарынская обл.;4170400000000000;Нарын г.;41704245000000000;441661;Нарынский областной ЦСМ;Нарынский областной центр семейной медицины;53;435;389;824;345;347;692;1626;1999;3625;1348;1869;3217
Нарынская обл.;4170400000000000;Нарын г.;41704245000000000;441661;Нарынский областной ЦСМ;Нарынский областной центр семейной медицины;54;416;389;805;332;351;683;1404;1995;3399;1278;1936;3214
Нарынская обл.;4170400000000000;Нарын г.;41704245000000000;441661;Нарынский областной ЦСМ;Нарынский областной центр семейной медицины;55;364;382;746;299;351;650;1574;2278;3852;1436;2180;3616
Нарынская обл.;4170400000000000;Нарын г.;41704245000000000;441661;Нарынский областной ЦСМ;Нарынский областной центр семейной медицины;56;383;422;805;324;386;710;1582;2506;4088;1430;2398;3828
Нарынская обл.;4170400000000000;Нарын г.;41704245000000000;441661;Нарынский областной ЦСМ;Нарынский областной центр семейной медицины;57;366;386;752;304;352;656;1459;2088;3547;1335;1974;3309
Нарынская обл.;4170400000000000;Нарын г.;41704245000000000;441661;Нарынский областной ЦСМ;Нарынский областной центр семейной медицины;58;363;363;726;317;332;649;1632;2012;3644;1488;1871;3359
Нарынская обл.;4170400000000000;Нарын г.;41704245000000000;441661;Нарынский областной ЦСМ;Нарынский областной центр семейной медицины;59;368;379;747;325;344;669;1506;2144;3650;1395;2027;3422
Нарынская обл.;4170400000000000;Нарын г.;41704245000000000;441661;Нарынский областной ЦСМ;Нарынский областной центр семейной медицины;60;359;363;722;320;340;660;1473;2210;3683;1409;2084;3493
Нарынская обл.;4170400000000000;Нарын г.;41704245000000000;441661;Нарынский областной ЦСМ;Нарынский областной центр семейной медицины;61;365;383;748;343;369;712;1447;2094;3541;1350;2040;3390
Нарынская обл.;4170400000000000;Нарын г.;41704245000000000;441661;Нарынский областной ЦСМ;Нарынский областной центр семейной медицины;62;313;371;684;288;360;648;1372;1969;3341;1284;1956;3240
Нарынская обл.;4170400000000000;Нарын г.;41704245000000000;441661;Нарынский областной ЦСМ;Нарынский областной центр семейной медицины;63;328;338;666;310;331;641;1422;2059;3481;1338;2033;3371
Нарынская обл.;4170400000000000;Нарын г.;41704245000000000;441661;Нарынский областной ЦСМ;Нарынский областной центр семейной медицины;64;308;362;670;281;356;637;1168;1799;2967;1135;1771;2906
Нарынская обл.;4170400000000000;Нарын г.;41704245000000000;441661;Нарынский областной ЦСМ;Нарынский областной центр семейной медицины;65;251;290;541;239;289;528;1083;1802;2885;1059;1790;2849
Нарынская обл.;4170400000000000;Нарын г.;41704245000000000;441661;Нарынский областной ЦСМ;Нарынский областной центр семейной медицины;66;237;338;575;229;334;563;1068;1815;2883;1065;1783;2848
Нарынская обл.;4170400000000000;Нарын г.;41704245000000000;441661;Нарынский областной ЦСМ;Нарынский областной центр семейной медицины;67;192;288;480;185;285;470;873;1533;2406;861;1521;2382
Нарынская обл.;4170400000000000;Нарын г.;41704245000000000;441661;Нарынский областной ЦСМ;Нарынский областной центр семейной медицины;68;210;286;496;208;282;490;964;1770;2734;956;1757;2713
Нарынская обл.;4170400000000000;Нарын г.;41704245000000000;441661;Нарынский областной ЦСМ;Нарынский областной центр семейной медицины;69;183;264;447;180;263;443;861;1431;2292;859;1422;2281
Нарынская обл.;4170400000000000;Нарын г.;41704245000000000;441661;Нарынский областной ЦСМ;Нарынский областной центр семейной медицины;70;153;197;350;152;196;348;841;1046;1887;840;1024;1864
Нарынская обл.;4170400000000000;Нарын г.;41704245000000000;441661;Нарынский областной ЦСМ;Нарынский областной центр семейной медицины;71;147;187;334;146;183;329;765;1060;1825;765;1049;1814
Нарынская обл.;4170400000000000;Нарын г.;41704245000000000;441661;Нарынский областной ЦСМ;Нарынский областной центр семейной медицины;72;117;212;329;117;211;328;566;1109;1675;565;1096;1661
Нарынская обл.;4170400000000000;Нарын г.;41704245000000000;441661;Нарынский областной ЦСМ;Нарынский областной центр семейной медицины;73;113;191;304;112;186;298;541;1055;1596;538;1046;1584
Нарынская обл.;4170400000000000;Нарын г.;41704245000000000;441661;Нарынский областной ЦСМ;Нарынский областной центр семейной медицины;74;107;159;266;106;157;263;443;779;1222;442;779;1221
Нарынская обл.;4170400000000000;Нарын г.;41704245000000000;441661;Нарынский областной ЦСМ;Нарынский областной центр семейной медицины;75;77;138;215;77;136;213;311;607;918;305;601;906
Нарынская обл.;4170400000000000;Нарын г.;41704245000000000;441661;Нарынский областной ЦСМ;Нарынский областной центр семейной медицины;76;56;105;161;55;104;159;302;611;913;296;604;900
Нарынская обл.;4170400000000000;Нарын г.;41704245000000000;441661;Нарынский областной ЦСМ;Нарынский областной центр семейной медицины;77;74;105;179;74;104;178;350;568;918;347;567;914
Нарынская обл.;4170400000000000;Нарын г.;41704245000000000;441661;Нарынский областной ЦСМ;Нарынский областной центр семейной медицины;78;42;87;129;42;86;128;154;332;486;149;326;475
Нарынская обл.;4170400000000000;Нарын г.;41704245000000000;441661;Нарынский областной ЦСМ;Нарынский областной центр семейной медицины;79;32;47;79;31;46;77;191;127;318;177;124;301
Нарынская обл.;4170400000000000;Нарын г.;41704245000000000;441661;Нарынский областной ЦСМ;Нарынский областной центр семейной медицины;80;28;26;54;25;26;51;160;134;294;119;134;253
Нарынская обл.;4170400000000000;Нарын г.;41704245000000000;441661;Нарынский областной ЦСМ;Нарынский областной центр семейной медицины;81;35;38;73;34;38;72;179;207;386;143;207;350
Нарынская обл.;4170400000000000;Нарын г.;41704245000000000;441661;Нарынский областной ЦСМ;Нарынский областной центр семейной медицины;82;45;62;107;45;62;107;210;277;487;202;271;473
Нарынская обл.;4170400000000000;Нарын г.;41704245000000000;441661;Нарынский областной ЦСМ;Нарынский областной центр семейной медицины;83;27;60;87;26;60;86;190;279;469;172;278;450
Нарынская обл.;4170400000000000;Нарын г.;41704245000000000;441661;Нарынский областной ЦСМ;Нарынский областной центр семейной медицины;84;35;92;127;35;92;127;100;243;343;100;241;341
Нарынская обл.;4170400000000000;Нарын г.;41704245000000000;441661;Нарынский областной ЦСМ;Нарынский областной центр семейной медицины;85;24;55;79;24;53;77;117;186;303;117;176;293
Нарынская обл.;4170400000000000;Нарын г.;41704245000000000;441661;Нарынский областной ЦСМ;Нарынский областной центр семейной медицины;86;20;50;70;20;49;69;89;240;329;77;211;288
Нарынская обл.;4170400000000000;Нарын г.;41704245000000000;441661;Нарынский областной ЦСМ;Нарынский областной центр семейной медицины;87;16;37;53;15;36;51;80;111;191;70;105;175
Нарынская обл.;4170400000000000;Нарын г.;41704245000000000;441661;Нарынский областной ЦСМ;Нарынский областной центр семейной медицины;88;16;46;62;16;46;62;55;155;210;51;154;205
Нарынская обл.;4170400000000000;Нарын г.;41704245000000000;441661;Нарынский областной ЦСМ;Нарынский областной центр семейной медицины;89;11;21;32;10;21;31;49;79;128;49;79;128
Нарынская обл.;4170400000000000;Нарын г.;41704245000000000;441661;Нарынский областной ЦСМ;Нарынский областной центр семейной медицины;90;10;24;34;10;24;34;25;41;66;25;41;66
Нарынская обл.;4170400000000000;Нарын г.;41704245000000000;441661;Нарынский областной ЦСМ;Нарынский областной центр семейной медицины;91;9;16;25;9;16;25;20;45;65;20;45;65
Нарынская обл.;4170400000000000;Нарын г.;41704245000000000;441661;Нарынский областной ЦСМ;Нарынский областной центр семейной медицины;92;9;23;32;8;22;30;22;47;69;22;46;68
Нарынская обл.;4170400000000000;Нарын г.;41704245000000000;441661;Нарынский областной ЦСМ;Нарынский областной центр семейной медицины;93;5;11;16;5;11;16;31;19;50;31;19;50
Нарынская обл.;4170400000000000;Нарын г.;41704245000000000;441661;Нарынский областной ЦСМ;Нарынский областной центр семейной медицины;94;4;11;15;4;11;15;29;42;71;29;29;58
Нарынская обл.;4170400000000000;Нарын г.;41704245000000000;441661;Нарынский областной ЦСМ;Нарынский областной центр семейной медицины;95;2;9;11;2;8;10;2;28;30;2;23;25
Нарынская обл.;4170400000000000;Нарын г.;41704245000000000;441661;Нарынский областной ЦСМ;Нарынский областной центр семейной медицины;96;1;5;6;1;5;6;0;4;4;0;4;4
Нарынская обл.;4170400000000000;Нарын г.;41704245000000000;441661;Нарынский областной ЦСМ;Нарынский областной центр семейной медицины;97;1;1;2;1;1;2;0;5;5;0;5;5
Нарынская обл.;4170400000000000;Нарын г.;41704245000000000;441661;Нарынский областной ЦСМ;Нарынский областной центр семейной медицины;98;0;2;2;0;2;2;0;4;4;0;4;4
Нарынская обл.;4170400000000000;Нарын г.;41704245000000000;441661;Нарынский областной ЦСМ;Нарынский областной центр семейной медицины;99;0;0;0;0;0;0;0;2;2;0;2;2
Нарынская обл.;4170400000000000;Нарын г.;41704245000000000;441661;Нарынский областной ЦСМ;Нарынский областной центр семейной медицины;100;0;4;4;0;4;4;0;4;4;0;4;4
Нарынская обл.;4170400000000000;Нарын г.;41704245000000000;441661;Нарынский областной ЦСМ;Нарынский областной центр семейной медицины;101;0;2;2;0;2;2;0;6;6;0;6;6
Ошская обл.;4170600000000000;Узгенский р-н;41706255000000000;618161;"У-е ""Мырза-Акинский ЦОВП""";"Учреждение ""Мырза-Акинский центр общей врачебной практики""";0;295;300;595;295;300;595;3832;3834;7666;3832;3834;7666
Ошская обл.;4170600000000000;Узгенский р-н;41706255000000000;618161;"У-е ""Мырза-Акинский ЦОВП""";"Учреждение ""Мырза-Акинский центр общей врачебной практики""";1;480;451;931;480;451;931;1979;1886;3865;1979;1886;3865
Ошская обл.;4170600000000000;Узгенский р-н;41706255000000000;618161;"У-е ""Мырза-Акинский ЦОВП""";"Учреждение ""Мырза-Акинский центр общей врачебной практики""";2;474;464;938;474;464;938;1303;1124;2427;1303;1124;2427
Ошская обл.;4170600000000000;Узгенский р-н;41706255000000000;618161;"У-е ""Мырза-Акинский ЦОВП""";"Учреждение ""Мырза-Акинский центр общей врачебной практики""";3;507;522;1029;507;522;1029;614;628;1242;614;628;1242
Ошская обл.;4170600000000000;Узгенский р-н;41706255000000000;618161;"У-е ""Мырза-Акинский ЦОВП""";"Учреждение ""Мырза-Акинский центр общей врачебной практики""";4;539;499;1038;539;499;1038;474;588;1062;474;588;1062
Ошская обл.;4170600000000000;Узгенский р-н;41706255000000000;618161;"У-е ""Мырза-Акинский ЦОВП""";"Учреждение ""Мырза-Акинский центр общей врачебной практики""";5;519;545;1064;519;545;1064;687;705;1392;687;705;1392
Ошская обл.;4170600000000000;Узгенский р-н;41706255000000000;618161;"У-е ""Мырза-Акинский ЦОВП""";"Учреждение ""Мырза-Акинский центр общей врачебной практики""";6;544;502;1046;544;502;1046;1154;932;2086;1154;932;2086
Ошская обл.;4170600000000000;Узгенский р-н;41706255000000000;618161;"У-е ""Мырза-Акинский ЦОВП""";"Учреждение ""Мырза-Акинский центр общей врачебной практики""";7;547;513;1060;547;513;1060;285;289;574;285;289;574
Ошская обл.;4170600000000000;Узгенский р-н;41706255000000000;618161;"У-е ""Мырза-Акинский ЦОВП""";"Учреждение ""Мырза-Акинский центр общей врачебной практики""";8;508;570;1078;508;570;1078;251;225;476;251;225;476
Ошская обл.;4170600000000000;Узгенский р-н;41706255000000000;618161;"У-е ""Мырза-Акинский ЦОВП""";"Учреждение ""Мырза-Акинский центр общей врачебной практики""";9;482;528;1010;482;528;1010;255;230;485;255;230;485
Ошская обл.;4170600000000000;Узгенский р-н;41706255000000000;618161;"У-е ""Мырза-Акинский ЦОВП""";"Учреждение ""Мырза-Акинский центр общей врачебной практики""";10;495;545;1040;495;545;1040;236;312;548;236;312;548
Ошская обл.;4170600000000000;Узгенский р-н;41706255000000000;618161;"У-е ""Мырза-Акинский ЦОВП""";"Учреждение ""Мырза-Акинский центр общей врачебной практики""";11;479;512;991;479;512;991;263;366;629;263;366;629
Ошская обл.;4170600000000000;Узгенский р-н;41706255000000000;618161;"У-е ""Мырза-Акинский ЦОВП""";"Учреждение ""Мырза-Акинский центр общей врачебной практики""";12;475;475;950;475;475;950;187;179;366;187;179;366
Ошская обл.;4170600000000000;Узгенский р-н;41706255000000000;618161;"У-е ""Мырза-Акинский ЦОВП""";"Учреждение ""Мырза-Акинский центр общей врачебной практики""";13;495;427;922;495;427;922;210;174;384;210;174;384
Ошская обл.;4170600000000000;Узгенский р-н;41706255000000000;618161;"У-е ""Мырза-Акинский ЦОВП""";"Учреждение ""Мырза-Акинский центр общей врачебной практики""";14;410;449;859;410;449;859;196;146;342;196;146;342
Ошская обл.;4170600000000000;Узгенский р-н;41706255000000000;618161;"У-е ""Мырза-Акинский ЦОВП""";"Учреждение ""Мырза-Акинский центр общей врачебной практики""";15;388;388;776;388;388;776;269;174;443;269;174;443
Ошская обл.;4170600000000000;Узгенский р-н;41706255000000000;618161;"У-е ""Мырза-Акинский ЦОВП""";"Учреждение ""Мырза-Акинский центр общей врачебной практики""";16;434;372;806;434;372;806;185;150;335;184;148;332
Ошская обл.;4170600000000000;Узгенский р-н;41706255000000000;618161;"У-е ""Мырза-Акинский ЦОВП""";"Учреждение ""Мырза-Акинский центр общей врачебной практики""";17;351;379;730;333;372;705;220;182;402;212;173;385
Ошская обл.;4170600000000000;Узгенский р-н;41706255000000000;618161;"У-е ""Мырза-Акинский ЦОВП""";"Учреждение ""Мырза-Акинский центр общей врачебной практики""";18;339;328;667;313;309;622;230;228;458;182;159;341
Ошская обл.;4170600000000000;Узгенский р-н;41706255000000000;618161;"У-е ""Мырза-Акинский ЦОВП""";"Учреждение ""Мырза-Акинский центр общей врачебной практики""";19;386;312;698;143;120;263;184;294;478;48;72;120
Ошская обл.;4170600000000000;Узгенский р-н;41706255000000000;618161;"У-е ""Мырза-Акинский ЦОВП""";"Учреждение ""Мырза-Акинский центр общей врачебной практики""";20;387;305;692;23;37;60;131;381;512;9;134;143
Ошская обл.;4170600000000000;Узгенский р-н;41706255000000000;618161;"У-е ""Мырза-Акинский ЦОВП""";"Учреждение ""Мырза-Акинский центр общей врачебной практики""";21;321;279;600;20;39;59;95;406;501;11;167;178
Ошская обл.;4170600000000000;Узгенский р-н;41706255000000000;618161;"У-е ""Мырза-Акинский ЦОВП""";"Учреждение ""Мырза-Акинский центр общей врачебной практики""";22;345;290;635;33;65;98;156;487;643;36;192;228
Ошская обл.;4170600000000000;Узгенский р-н;41706255000000000;618161;"У-е ""Мырза-Акинский ЦОВП""";"Учреждение ""Мырза-Акинский центр общей врачебной практики""";23;337;288;625;36;73;109;120;506;626;40;250;290
Ошская обл.;4170600000000000;Узгенский р-н;41706255000000000;618161;"У-е ""Мырза-Акинский ЦОВП""";"Учреждение ""Мырза-Акинский центр общей врачебной практики""";24;306;263;569;40;84;124;108;562;670;22;254;276
Ошская обл.;4170600000000000;Узгенский р-н;41706255000000000;618161;"У-е ""Мырза-Акинский ЦОВП""";"Учреждение ""Мырза-Акинский центр общей врачебной практики""";25;320;279;599;40;89;129;210;651;861;53;349;402
Ошская обл.;4170600000000000;Узгенский р-н;41706255000000000;618161;"У-е ""Мырза-Акинский ЦОВП""";"Учреждение ""Мырза-Акинский центр общей врачебной практики""";26;335;282;617;47;101;148;158;549;707;48;275;323
Ошская обл.;4170600000000000;Узгенский р-н;41706255000000000;618161;"У-е ""Мырза-Акинский ЦОВП""";"Учреждение ""Мырза-Акинский центр общей врачебной практики""";27;340;283;623;45;108;153;121;627;748;43;327;370
Ошская обл.;4170600000000000;Узгенский р-н;41706255000000000;618161;"У-е ""Мырза-Акинский ЦОВП""";"Учреждение ""Мырза-Акинский центр общей врачебной практики""";28;377;310;687;74;119;193;157;632;789;40;377;417
Ошская обл.;4170600000000000;Узгенский р-н;41706255000000000;618161;"У-е ""Мырза-Акинский ЦОВП""";"Учреждение ""Мырза-Акинский центр общей врачебной практики""";29;363;309;672;101;133;234;162;779;941;108;493;601
Ошская обл.;4170600000000000;Узгенский р-н;41706255000000000;618161;"У-е ""Мырза-Акинский ЦОВП""";"Учреждение ""Мырза-Акинский центр общей врачебной практики""";30;373;328;701;207;209;416;153;643;796;102;482;584
Ошская обл.;4170600000000000;Узгенский р-н;41706255000000000;618161;"У-е ""Мырза-Акинский ЦОВП""";"Учреждение ""Мырза-Акинский центр общей врачебной практики""";31;379;301;680;221;204;425;173;697;870;133;528;661
Ошская обл.;4170600000000000;Узгенский р-н;41706255000000000;618161;"У-е ""Мырза-Акинский ЦОВП""";"Учреждение ""Мырза-Акинский центр общей врачебной практики""";32;384;365;749;239;233;472;197;640;837;142;512;654
Ошская обл.;4170600000000000;Узгенский р-н;41706255000000000;618161;"У-е ""Мырза-Акинский ЦОВП""";"Учреждение ""Мырза-Акинский центр общей врачебной практики""";33;390;365;755;255;249;504;148;691;839;108;518;626
Ошская обл.;4170600000000000;Узгенский р-н;41706255000000000;618161;"У-е ""Мырза-Акинский ЦОВП""";"Учреждение ""Мырза-Акинский центр общей врачебной практики""";34;364;282;646;217;181;398;116;554;670;84;434;518
Ошская обл.;4170600000000000;Узгенский р-н;41706255000000000;618161;"У-е ""Мырза-Акинский ЦОВП""";"Учреждение ""Мырза-Акинский центр общей врачебной практики""";35;356;297;653;224;194;418;194;571;765;134;476;610
Ошская обл.;4170600000000000;Узгенский р-н;41706255000000000;618161;"У-е ""Мырза-Акинский ЦОВП""";"Учреждение ""Мырза-Акинский центр общей врачебной практики""";36;351;277;628;227;201;428;203;569;772;148;440;588
Ошская обл.;4170600000000000;Узгенский р-н;41706255000000000;618161;"У-е ""Мырза-Акинский ЦОВП""";"Учреждение ""Мырза-Акинский центр общей врачебной практики""";37;326;280;606;211;197;408;134;490;624;99;363;462
Ошская обл.;4170600000000000;Узгенский р-н;41706255000000000;618161;"У-е ""Мырза-Акинский ЦОВП""";"Учреждение ""Мырза-Акинский центр общей врачебной практики""";38;293;258;551;183;179;362;89;365;454;57;274;331
Ошская обл.;4170600000000000;Узгенский р-н;41706255000000000;618161;"У-е ""Мырза-Акинский ЦОВП""";"Учреждение ""Мырза-Акинский центр общей врачебной практики""";39;286;225;511;205;159;364;129;318;447;79;251;330
Ошская обл.;4170600000000000;Узгенский р-н;41706255000000000;618161;"У-е ""Мырза-Акинский ЦОВП""";"Учреждение ""Мырза-Акинский центр общей врачебной практики""";40;233;204;437;169;139;308;127;269;396;89;222;311
Ошская обл.;4170600000000000;Узгенский р-н;41706255000000000;618161;"У-е ""Мырза-Акинский ЦОВП""";"Учреждение ""Мырза-Акинский центр общей врачебной практики""";41;254;223;477;167;161;328;93;334;427;71;295;366
Ошская обл.;4170600000000000;Узгенский р-н;41706255000000000;618161;"У-е ""Мырза-Акинский ЦОВП""";"Учреждение ""Мырза-Акинский центр общей врачебной практики""";42;213;188;401;133;132;265;141;223;364;109;181;290
Ошская обл.;4170600000000000;Узгенский р-н;41706255000000000;618161;"У-е ""Мырза-Акинский ЦОВП""";"Учреждение ""Мырза-Акинский центр общей врачебной практики""";43;206;206;412;126;155;281;140;259;399;114;207;321
Ошская обл.;4170600000000000;Узгенский р-н;41706255000000000;618161;"У-е ""Мырза-Акинский ЦОВП""";"Учреждение ""Мырза-Акинский центр общей врачебной практики""";44;178;181;359;99;117;216;124;182;306;74;136;210
Ошская обл.;4170600000000000;Узгенский р-н;41706255000000000;618161;"У-е ""Мырза-Акинский ЦОВП""";"Учреждение ""Мырза-Акинский центр общей врачебной практики""";45;175;166;341;109;97;206;103;239;342;70;178;248
Ошская обл.;4170600000000000;Узгенский р-н;41706255000000000;618161;"У-е ""Мырза-Акинский ЦОВП""";"Учреждение ""Мырза-Акинский центр общей врачебной практики""";46;177;177;354;103;103;206;151;170;321;81;126;207
Ошская обл.;4170600000000000;Узгенский р-н;41706255000000000;618161;"У-е ""Мырза-Акинский ЦОВП""";"Учреждение ""Мырза-Акинский центр общей врачебной практики""";47;159;171;330;86;92;178;110;202;312;61;132;193
Ошская обл.;4170600000000000;Узгенский р-н;41706255000000000;618161;"У-е ""Мырза-Акинский ЦОВП""";"Учреждение ""Мырза-Акинский центр общей врачебной практики""";48;191;164;355;90;107;197;105;213;318;66;155;221
Ошская обл.;4170600000000000;Узгенский р-н;41706255000000000;618161;"У-е ""Мырза-Акинский ЦОВП""";"Учреждение ""Мырза-Акинский центр общей врачебной практики""";49;156;159;315;82;89;171;137;241;378;90;183;273
Ошская обл.;4170600000000000;Узгенский р-н;41706255000000000;618161;"У-е ""Мырза-Акинский ЦОВП""";"Учреждение ""Мырза-Акинский центр общей врачебной практики""";50;171;159;330;94;93;187;160;226;386;100;159;259
Ошская обл.;4170600000000000;Узгенский р-н;41706255000000000;618161;"У-е ""Мырза-Акинский ЦОВП""";"Учреждение ""Мырза-Акинский центр общей врачебной практики""";51;149;155;304;73;89;162;106;277;383;80;208;288
Ошская обл.;4170600000000000;Узгенский р-н;41706255000000000;618161;"У-е ""Мырза-Акинский ЦОВП""";"Учреждение ""Мырза-Акинский центр общей врачебной практики""";52;135;175;310;80;111;191;140;279;419;88;221;309
Ошская обл.;4170600000000000;Узгенский р-н;41706255000000000;618161;"У-е ""Мырза-Акинский ЦОВП""";"Учреждение ""Мырза-Акинский центр общей врачебной практики""";53;179;136;315;103;80;183;133;258;391;99;181;280
Ошская обл.;4170600000000000;Узгенский р-н;41706255000000000;618161;"У-е ""Мырза-Акинский ЦОВП""";"Учреждение ""Мырза-Акинский центр общей врачебной практики""";54;159;167;326;74;105;179;132;328;460;103;275;378
Ошская обл.;4170600000000000;Узгенский р-н;41706255000000000;618161;"У-е ""Мырза-Акинский ЦОВП""";"Учреждение ""Мырза-Акинский центр общей врачебной практики""";55;150;164;314;78;114;192;209;315;524;152;238;390
Ошская обл.;4170600000000000;Узгенский р-н;41706255000000000;618161;"У-е ""Мырза-Акинский ЦОВП""";"Учреждение ""Мырза-Акинский центр общей врачебной практики""";56;150;177;327;85;119;204;239;349;588;157;310;467
Ошская обл.;4170600000000000;Узгенский р-н;41706255000000000;618161;"У-е ""Мырза-Акинский ЦОВП""";"Учреждение ""Мырза-Акинский центр общей врачебной практики""";57;138;176;314;74;131;205;173;297;470;123;257;380
Ошская обл.;4170600000000000;Узгенский р-н;41706255000000000;618161;"У-е ""Мырза-Акинский ЦОВП""";"Учреждение ""Мырза-Акинский центр общей врачебной практики""";58;141;151;292;91;112;203;244;294;538;165;271;436
Ошская обл.;4170600000000000;Узгенский р-н;41706255000000000;618161;"У-е ""Мырза-Акинский ЦОВП""";"Учреждение ""Мырза-Акинский центр общей врачебной практики""";59;156;146;302;92;122;214;232;320;552;159;293;452
Ошская обл.;4170600000000000;Узгенский р-н;41706255000000000;618161;"У-е ""Мырза-Акинский ЦОВП""";"Учреждение ""Мырза-Акинский центр общей врачебной практики""";60;159;168;327;102;138;240;189;437;626;143;416;559
Ошская обл.;4170600000000000;Узгенский р-н;41706255000000000;618161;"У-е ""Мырза-Акинский ЦОВП""";"Учреждение ""Мырза-Акинский центр общей врачебной практики""";61;142;184;326;99;164;263;272;420;692;205;394;599
Ошская обл.;4170600000000000;Узгенский р-н;41706255000000000;618161;"У-е ""Мырза-Акинский ЦОВП""";"Учреждение ""Мырза-Акинский центр общей врачебной практики""";62;137;214;351;107;194;301;178;455;633;155;414;569
Ошская обл.;4170600000000000;Узгенский р-н;41706255000000000;618161;"У-е ""Мырза-Акинский ЦОВП""";"Учреждение ""Мырза-Акинский центр общей врачебной практики""";63;124;173;297;94;155;249;230;435;665;215;401;616
Ошская обл.;4170600000000000;Узгенский р-н;41706255000000000;618161;"У-е ""Мырза-Акинский ЦОВП""";"Учреждение ""Мырза-Акинский центр общей врачебной практики""";64;120;165;285;92;151;243;165;326;491;151;313;464
Ошская обл.;4170600000000000;Узгенский р-н;41706255000000000;618161;"У-е ""Мырза-Акинский ЦОВП""";"Учреждение ""Мырза-Акинский центр общей врачебной практики""";65;107;159;266;89;153;242;191;312;503;151;303;454
Ошская обл.;4170600000000000;Узгенский р-н;41706255000000000;618161;"У-е ""Мырза-Акинский ЦОВП""";"Учреждение ""Мырза-Акинский центр общей врачебной практики""";66;115;140;255;95;139;234;155;230;385;124;228;352
Ошская обл.;4170600000000000;Узгенский р-н;41706255000000000;618161;"У-е ""Мырза-Акинский ЦОВП""";"Учреждение ""Мырза-Акинский центр общей врачебной практики""";67;93;101;194;85;100;185;130;291;421;124;291;415
Ошская обл.;4170600000000000;Узгенский р-н;41706255000000000;618161;"У-е ""Мырза-Акинский ЦОВП""";"Учреждение ""Мырза-Акинский центр общей врачебной практики""";68;77;90;167;66;87;153;159;249;408;155;248;403
Ошская обл.;4170600000000000;Узгенский р-н;41706255000000000;618161;"У-е ""Мырза-Акинский ЦОВП""";"Учреждение ""Мырза-Акинский центр общей врачебной практики""";69;88;102;190;82;99;181;139;261;400;137;260;397
Ошская обл.;4170600000000000;Узгенский р-н;41706255000000000;618161;"У-е ""Мырза-Акинский ЦОВП""";"Учреждение ""Мырза-Акинский центр общей врачебной практики""";70;63;97;160;58;97;155;147;240;387;147;233;380
Ошская обл.;4170600000000000;Узгенский р-н;41706255000000000;618161;"У-е ""Мырза-Акинский ЦОВП""";"Учреждение ""Мырза-Акинский центр общей врачебной практики""";71;64;104;168;63;102;165;102;285;387;99;284;383
Ошская обл.;4170600000000000;Узгенский р-н;41706255000000000;618161;"У-е ""Мырза-Акинский ЦОВП""";"Учреждение ""Мырза-Акинский центр общей врачебной практики""";72;39;90;129;39;90;129;60;192;252;60;192;252
Ошская обл.;4170600000000000;Узгенский р-н;41706255000000000;618161;"У-е ""Мырза-Акинский ЦОВП""";"Учреждение ""Мырза-Акинский центр общей врачебной практики""";73;54;75;129;52;75;127;32;180;212;32;180;212
Ошская обл.;4170600000000000;Узгенский р-н;41706255000000000;618161;"У-е ""Мырза-Акинский ЦОВП""";"Учреждение ""Мырза-Акинский центр общей врачебной практики""";74;34;50;84;32;50;82;130;160;290;128;158;286
Ошская обл.;4170600000000000;Узгенский р-н;41706255000000000;618161;"У-е ""Мырза-Акинский ЦОВП""";"Учреждение ""Мырза-Акинский центр общей врачебной практики""";75;42;71;113;41;69;110;70;113;183;63;112;175
Ошская обл.;4170600000000000;Узгенский р-н;41706255000000000;618161;"У-е ""Мырза-Акинский ЦОВП""";"Учреждение ""Мырза-Акинский центр общей врачебной практики""";76;30;37;67;29;37;66;72;97;169;72;97;169
Ошская обл.;4170600000000000;Узгенский р-н;41706255000000000;618161;"У-е ""Мырза-Акинский ЦОВП""";"Учреждение ""Мырза-Акинский центр общей врачебной практики""";77;30;33;63;29;32;61;41;88;129;41;88;129
Ошская обл.;4170600000000000;Узгенский р-н;41706255000000000;618161;"У-е ""Мырза-Акинский ЦОВП""";"Учреждение ""Мырза-Акинский центр общей врачебной практики""";78;10;27;37;10;26;36;25;52;77;25;52;77
Ошская обл.;4170600000000000;Узгенский р-н;41706255000000000;618161;"У-е ""Мырза-Акинский ЦОВП""";"Учреждение ""Мырза-Акинский центр общей врачебной практики""";79;5;12;17;4;12;16;0;36;36;0;36;36
Ошская обл.;4170600000000000;Узгенский р-н;41706255000000000;618161;"У-е ""Мырза-Акинский ЦОВП""";"Учреждение ""Мырза-Акинский центр общей врачебной практики""";80;2;13;15;2;13;15;11;44;55;11;44;55
Ошская обл.;4170600000000000;Узгенский р-н;41706255000000000;618161;"У-е ""Мырза-Акинский ЦОВП""";"Учреждение ""Мырза-Акинский центр общей врачебной практики""";81;16;11;27;15;10;25;20;12;32;20;12;32
Ошская обл.;4170600000000000;Узгенский р-н;41706255000000000;618161;"У-е ""Мырза-Акинский ЦОВП""";"Учреждение ""Мырза-Акинский центр общей врачебной практики""";82;16;13;29;16;13;29;42;15;57;26;15;41
Ошская обл.;4170600000000000;Узгенский р-н;41706255000000000;618161;"У-е ""Мырза-Акинский ЦОВП""";"Учреждение ""Мырза-Акинский центр общей врачебной практики""";83;11;20;31;10;20;30;20;46;66;20;43;63
Ошская обл.;4170600000000000;Узгенский р-н;41706255000000000;618161;"У-е ""Мырза-Акинский ЦОВП""";"Учреждение ""Мырза-Акинский центр общей врачебной практики""";84;15;37;52;15;37;52;30;71;101;30;71;101
Ошская обл.;4170600000000000;Узгенский р-н;41706255000000000;618161;"У-е ""Мырза-Акинский ЦОВП""";"Учреждение ""Мырза-Акинский центр общей врачебной практики""";85;6;17;23;6;16;22;6;34;40;6;34;40
Ошская обл.;4170600000000000;Узгенский р-н;41706255000000000;618161;"У-е ""Мырза-Акинский ЦОВП""";"Учреждение ""Мырза-Акинский центр общей врачебной практики""";86;4;17;21;4;16;20;17;21;38;17;15;32
Ошская обл.;4170600000000000;Узгенский р-н;41706255000000000;618161;"У-е ""Мырза-Акинский ЦОВП""";"Учреждение ""Мырза-Акинский центр общей врачебной практики""";87;5;13;18;5;13;18;30;17;47;30;17;47
Ошская обл.;4170600000000000;Узгенский р-н;41706255000000000;618161;"У-е ""Мырза-Акинский ЦОВП""";"Учреждение ""Мырза-Акинский центр общей врачебной практики""";88;3;19;22;3;19;22;6;13;19;6;13;19
Ошская обл.;4170600000000000;Узгенский р-н;41706255000000000;618161;"У-е ""Мырза-Акинский ЦОВП""";"Учреждение ""Мырза-Акинский центр общей врачебной практики""";89;3;8;11;3;8;11;1;5;6;0;5;5
Ошская обл.;4170600000000000;Узгенский р-н;41706255000000000;618161;"У-е ""Мырза-Акинский ЦОВП""";"Учреждение ""Мырза-Акинский центр общей врачебной практики""";90;3;5;8;3;5;8;0;7;7;0;7;7
Ошская обл.;4170600000000000;Узгенский р-н;41706255000000000;618161;"У-е ""Мырза-Акинский ЦОВП""";"Учреждение ""Мырза-Акинский центр общей врачебной практики""";91;0;3;3;0;3;3;0;7;7;0;7;7
Ошская обл.;4170600000000000;Узгенский р-н;41706255000000000;618161;"У-е ""Мырза-Акинский ЦОВП""";"Учреждение ""Мырза-Акинский центр общей врачебной практики""";92;2;10;12;2;10;12;2;7;9;2;7;9
Ошская обл.;4170600000000000;Узгенский р-н;41706255000000000;618161;"У-е ""Мырза-Акинский ЦОВП""";"Учреждение ""Мырза-Акинский центр общей врачебной практики""";93;1;3;4;1;2;3;0;4;4;0;3;3
Ошская обл.;4170600000000000;Узгенский р-н;41706255000000000;618161;"У-е ""Мырза-Акинский ЦОВП""";"Учреждение ""Мырза-Акинский центр общей врачебной практики""";94;2;10;12;2;10;12;1;10;11;1;10;11
Ошская обл.;4170600000000000;Узгенский р-н;41706255000000000;618161;"У-е ""Мырза-Акинский ЦОВП""";"Учреждение ""Мырза-Акинский центр общей врачебной практики""";96;1;4;5;1;4;5;0;1;1;0;1;1
Ошская обл.;4170600000000000;Кара-Сууйский р-н;41706226000000000;618491;"У-е ""Центр общеврачебной практики Папан""";"Учреждение ""Центр общеврачебной практики Папан""";0;100;86;186;100;86;186;224;226;450;224;226;450
Ошская обл.;4170600000000000;Кара-Сууйский р-н;41706226000000000;618491;"У-е ""Центр общеврачебной практики Папан""";"Учреждение ""Центр общеврачебной практики Папан""";1;130;134;264;130;134;264;153;129;282;153;129;282
Ошская обл.;4170600000000000;Кара-Сууйский р-н;41706226000000000;618491;"У-е ""Центр общеврачебной практики Папан""";"Учреждение ""Центр общеврачебной практики Папан""";2;161;154;315;161;154;315;118;124;242;118;124;242
Ошская обл.;4170600000000000;Кара-Сууйский р-н;41706226000000000;618491;"У-е ""Центр общеврачебной практики Папан""";"Учреждение ""Центр общеврачебной практики Папан""";3;162;167;329;162;167;329;74;54;128;74;54;128
Ошская обл.;4170600000000000;Кара-Сууйский р-н;41706226000000000;618491;"У-е ""Центр общеврачебной практики Папан""";"Учреждение ""Центр общеврачебной практики Папан""";4;154;160;314;154;160;314;63;71;134;63;71;134
Ошская обл.;4170600000000000;Кара-Сууйский р-н;41706226000000000;618491;"У-е ""Центр общеврачебной практики Папан""";"Учреждение ""Центр общеврачебной практики Папан""";5;191;172;363;191;172;363;108;84;192;108;84;192
Ошская обл.;4170600000000000;Кара-Сууйский р-н;41706226000000000;618491;"У-е ""Центр общеврачебной практики Папан""";"Учреждение ""Центр общеврачебной практики Папан""";6;177;194;371;177;194;371;95;76;171;95;76;171
Ошская обл.;4170600000000000;Кара-Сууйский р-н;41706226000000000;618491;"У-е ""Центр общеврачебной практики Папан""";"Учреждение ""Центр общеврачебной практики Папан""";7;167;202;369;167;202;369;27;38;65;27;38;65
Ошская обл.;4170600000000000;Кара-Сууйский р-н;41706226000000000;618491;"У-е ""Центр общеврачебной практики Папан""";"Учреждение ""Центр общеврачебной практики Папан""";8;149;289;438;149;289;438;19;23;42;19;23;42
Ошская обл.;4170600000000000;Кара-Сууйский р-н;41706226000000000;618491;"У-е ""Центр общеврачебной практики Папан""";"Учреждение ""Центр общеврачебной практики Папан""";9;173;232;405;173;232;405;26;23;49;26;23;49
Ошская обл.;4170600000000000;Кара-Сууйский р-н;41706226000000000;618491;"У-е ""Центр общеврачебной практики Папан""";"Учреждение ""Центр общеврачебной практики Папан""";10;181;293;474;181;293;474;27;32;59;27;32;59
Ошская обл.;4170600000000000;Кара-Сууйский р-н;41706226000000000;618491;"У-е ""Центр общеврачебной практики Папан""";"Учреждение ""Центр общеврачебной практики Папан""";11;177;292;469;177;292;469;28;37;65;28;37;65
Ошская обл.;4170600000000000;Кара-Сууйский р-н;41706226000000000;618491;"У-е ""Центр общеврачебной практики Папан""";"Учреждение ""Центр общеврачебной практики Папан""";12;156;275;431;156;275;431;35;42;77;35;42;77
Ошская обл.;4170600000000000;Кара-Сууйский р-н;41706226000000000;618491;"У-е ""Центр общеврачебной практики Папан""";"Учреждение ""Центр общеврачебной практики Папан""";13;161;252;413;161;252;413;25;38;63;25;38;63
Ошская обл.;4170600000000000;Кара-Сууйский р-н;41706226000000000;618491;"У-е ""Центр общеврачебной практики Папан""";"Учреждение ""Центр общеврачебной практики Папан""";14;141;246;387;141;246;387;23;36;59;23;36;59
Ошская обл.;4170600000000000;Кара-Сууйский р-н;41706226000000000;618491;"У-е ""Центр общеврачебной практики Папан""";"Учреждение ""Центр общеврачебной практики Папан""";15;113;216;329;113;216;329;40;63;103;40;63;103
Ошская обл.;4170600000000000;Кара-Сууйский р-н;41706226000000000;618491;"У-е ""Центр общеврачебной практики Папан""";"Учреждение ""Центр общеврачебной практики Папан""";16;147;207;354;147;207;354;30;61;91;30;61;91
Ошская обл.;4170600000000000;Кара-Сууйский р-н;41706226000000000;618491;"У-е ""Центр общеврачебной практики Папан""";"Учреждение ""Центр общеврачебной практики Папан""";17;107;206;313;95;192;287;45;42;87;41;39;80
Ошская обл.;4170600000000000;Кара-Сууйский р-н;41706226000000000;618491;"У-е ""Центр общеврачебной практики Папан""";"Учреждение ""Центр общеврачебной практики Папан""";18;101;196;297;70;170;240;68;43;111;42;26;68
Ошская обл.;4170600000000000;Кара-Сууйский р-н;41706226000000000;618491;"У-е ""Центр общеврачебной практики Папан""";"Учреждение ""Центр общеврачебной практики Папан""";19;100;149;249;29;62;91;59;78;137;4;15;19
Ошская обл.;4170600000000000;Кара-Сууйский р-н;41706226000000000;618491;"У-е ""Центр общеврачебной практики Папан""";"Учреждение ""Центр общеврачебной практики Папан""";20;92;93;185;5;5;10;71;73;144;1;5;6
Ошская обл.;4170600000000000;Кара-Сууйский р-н;41706226000000000;618491;"У-е ""Центр общеврачебной практики Папан""";"Учреждение ""Центр общеврачебной практики Папан""";21;119;103;222;3;14;17;24;81;105;3;27;30
Ошская обл.;4170600000000000;Кара-Сууйский р-н;41706226000000000;618491;"У-е ""Центр общеврачебной практики Папан""";"Учреждение ""Центр общеврачебной практики Папан""";22;98;90;188;4;10;14;38;74;112;8;37;45
Ошская обл.;4170600000000000;Кара-Сууйский р-н;41706226000000000;618491;"У-е ""Центр общеврачебной практики Папан""";"Учреждение ""Центр общеврачебной практики Папан""";23;94;95;189;8;21;29;49;101;150;18;39;57
Ошская обл.;4170600000000000;Кара-Сууйский р-н;41706226000000000;618491;"У-е ""Центр общеврачебной практики Папан""";"Учреждение ""Центр общеврачебной практики Папан""";24;105;87;192;3;23;26;28;145;173;3;70;73
Ошская обл.;4170600000000000;Кара-Сууйский р-н;41706226000000000;618491;"У-е ""Центр общеврачебной практики Папан""";"Учреждение ""Центр общеврачебной практики Папан""";25;123;122;245;7;32;39;28;102;130;7;40;47
Ошская обл.;4170600000000000;Кара-Сууйский р-н;41706226000000000;618491;"У-е ""Центр общеврачебной практики Папан""";"Учреждение ""Центр общеврачебной практики Папан""";26;95;97;192;15;31;46;37;127;164;6;51;57
Ошская обл.;4170600000000000;Кара-Сууйский р-н;41706226000000000;618491;"У-е ""Центр общеврачебной практики Папан""";"Учреждение ""Центр общеврачебной практики Папан""";27;143;117;260;26;26;52;42;143;185;13;45;58
Ошская обл.;4170600000000000;Кара-Сууйский р-н;41706226000000000;618491;"У-е ""Центр общеврачебной практики Папан""";"Учреждение ""Центр общеврачебной практики Папан""";28;120;128;248;33;34;67;32;73;105;6;27;33
Ошская обл.;4170600000000000;Кара-Сууйский р-н;41706226000000000;618491;"У-е ""Центр общеврачебной практики Папан""";"Учреждение ""Центр общеврачебной практики Папан""";29;123;112;235;38;36;74;42;60;102;17;36;53
Ошская обл.;4170600000000000;Кара-Сууйский р-н;41706226000000000;618491;"У-е ""Центр общеврачебной практики Папан""";"Учреждение ""Центр общеврачебной практики Папан""";30;127;120;247;34;49;83;38;55;93;17;38;55
Ошская обл.;4170600000000000;Кара-Сууйский р-н;41706226000000000;618491;"У-е ""Центр общеврачебной практики Папан""";"Учреждение ""Центр общеврачебной практики Папан""";31;105;106;211;39;42;81;47;35;82;15;25;40
Ошская обл.;4170600000000000;Кара-Сууйский р-н;41706226000000000;618491;"У-е ""Центр общеврачебной практики Папан""";"Учреждение ""Центр общеврачебной практики Папан""";32;110;143;253;52;51;103;34;67;101;21;48;69
Ошская обл.;4170600000000000;Кара-Сууйский р-н;41706226000000000;618491;"У-е ""Центр общеврачебной практики Папан""";"Учреждение ""Центр общеврачебной практики Папан""";33;138;121;259;52;51;103;59;112;171;30;69;99
Ошская обл.;4170600000000000;Кара-Сууйский р-н;41706226000000000;618491;"У-е ""Центр общеврачебной практики Папан""";"Учреждение ""Центр общеврачебной практики Папан""";34;146;129;275;48;48;96;43;56;99;9;27;36
Ошская обл.;4170600000000000;Кара-Сууйский р-н;41706226000000000;618491;"У-е ""Центр общеврачебной практики Папан""";"Учреждение ""Центр общеврачебной практики Папан""";35;115;99;214;43;34;77;41;75;116;28;40;68
Ошская обл.;4170600000000000;Кара-Сууйский р-н;41706226000000000;618491;"У-е ""Центр общеврачебной практики Папан""";"Учреждение ""Центр общеврачебной практики Папан""";36;94;94;188;42;43;85;44;101;145;33;27;60
Ошская обл.;4170600000000000;Кара-Сууйский р-н;41706226000000000;618491;"У-е ""Центр общеврачебной практики Папан""";"Учреждение ""Центр общеврачебной практики Папан""";37;110;102;212;45;44;89;46;38;84;16;28;44
Ошская обл.;4170600000000000;Кара-Сууйский р-н;41706226000000000;618491;"У-е ""Центр общеврачебной практики Папан""";"Учреждение ""Центр общеврачебной практики Папан""";38;118;91;209;45;36;81;55;45;100;17;31;48
Ошская обл.;4170600000000000;Кара-Сууйский р-н;41706226000000000;618491;"У-е ""Центр общеврачебной практики Папан""";"Учреждение ""Центр общеврачебной практики Папан""";39;91;97;188;35;43;78;26;30;56;16;16;32
Ошская обл.;4170600000000000;Кара-Сууйский р-н;41706226000000000;618491;"У-е ""Центр общеврачебной практики Папан""";"Учреждение ""Центр общеврачебной практики Папан""";40;82;70;152;39;30;69;18;38;56;11;23;34
Ошская обл.;4170600000000000;Кара-Сууйский р-н;41706226000000000;618491;"У-е ""Центр общеврачебной практики Папан""";"Учреждение ""Центр общеврачебной практики Папан""";41;80;78;158;33;34;67;18;47;65;8;16;24
Ошская обл.;4170600000000000;Кара-Сууйский р-н;41706226000000000;618491;"У-е ""Центр общеврачебной практики Папан""";"Учреждение ""Центр общеврачебной практики Папан""";42;80;78;158;34;36;70;21;41;62;8;19;27
Ошская обл.;4170600000000000;Кара-Сууйский р-н;41706226000000000;618491;"У-е ""Центр общеврачебной практики Папан""";"Учреждение ""Центр общеврачебной практики Папан""";43;69;59;128;22;34;56;22;43;65;6;26;32
Ошская обл.;4170600000000000;Кара-Сууйский р-н;41706226000000000;618491;"У-е ""Центр общеврачебной практики Папан""";"Учреждение ""Центр общеврачебной практики Папан""";44;66;71;137;24;34;58;30;23;53;14;12;26
Ошская обл.;4170600000000000;Кара-Сууйский р-н;41706226000000000;618491;"У-е ""Центр общеврачебной практики Папан""";"Учреждение ""Центр общеврачебной практики Папан""";45;72;69;141;17;22;39;23;15;38;9;5;14
Ошская обл.;4170600000000000;Кара-Сууйский р-н;41706226000000000;618491;"У-е ""Центр общеврачебной практики Папан""";"Учреждение ""Центр общеврачебной практики Папан""";46;61;79;140;21;26;47;20;18;38;5;11;16
Ошская обл.;4170600000000000;Кара-Сууйский р-н;41706226000000000;618491;"У-е ""Центр общеврачебной практики Папан""";"Учреждение ""Центр общеврачебной практики Папан""";47;75;60;135;28;32;60;11;25;36;7;21;28
Ошская обл.;4170600000000000;Кара-Сууйский р-н;41706226000000000;618491;"У-е ""Центр общеврачебной практики Папан""";"Учреждение ""Центр общеврачебной практики Папан""";48;59;77;136;16;26;42;27;37;64;10;24;34
Ошская обл.;4170600000000000;Кара-Сууйский р-н;41706226000000000;618491;"У-е ""Центр общеврачебной практики Папан""";"Учреждение ""Центр общеврачебной практики Папан""";49;61;66;127;23;29;52;30;37;67;11;18;29
Ошская обл.;4170600000000000;Кара-Сууйский р-н;41706226000000000;618491;"У-е ""Центр общеврачебной практики Папан""";"Учреждение ""Центр общеврачебной практики Папан""";50;67;81;148;21;25;46;32;21;53;20;14;34
Ошская обл.;4170600000000000;Кара-Сууйский р-н;41706226000000000;618491;"У-е ""Центр общеврачебной практики Папан""";"Учреждение ""Центр общеврачебной практики Папан""";51;65;61;126;19;22;41;22;43;65;6;31;37
Ошская обл.;4170600000000000;Кара-Сууйский р-н;41706226000000000;618491;"У-е ""Центр общеврачебной практики Папан""";"Учреждение ""Центр общеврачебной практики Папан""";52;75;68;143;21;25;46;18;36;54;6;13;19
Ошская обл.;4170600000000000;Кара-Сууйский р-н;41706226000000000;618491;"У-е ""Центр общеврачебной практики Папан""";"Учреждение ""Центр общеврачебной практики Папан""";53;71;66;137;19;24;43;16;42;58;7;26;33
Ошская обл.;4170600000000000;Кара-Сууйский р-н;41706226000000000;618491;"У-е ""Центр общеврачебной практики Папан""";"Учреждение ""Центр общеврачебной практики Папан""";54;42;58;100;15;24;39;17;47;64;7;39;46
Ошская обл.;4170600000000000;Кара-Сууйский р-н;41706226000000000;618491;"У-е ""Центр общеврачебной практики Папан""";"Учреждение ""Центр общеврачебной практики Папан""";55;56;75;131;24;36;60;44;29;73;22;23;45
Ошская обл.;4170600000000000;Кара-Сууйский р-н;41706226000000000;618491;"У-е ""Центр общеврачебной практики Папан""";"Учреждение ""Центр общеврачебной практики Папан""";56;59;65;124;22;37;59;56;29;85;48;23;71
Ошская обл.;4170600000000000;Кара-Сууйский р-н;41706226000000000;618491;"У-е ""Центр общеврачебной практики Папан""";"Учреждение ""Центр общеврачебной практики Папан""";57;51;63;114;22;45;67;25;38;63;9;23;32
Ошская обл.;4170600000000000;Кара-Сууйский р-н;41706226000000000;618491;"У-е ""Центр общеврачебной практики Папан""";"Учреждение ""Центр общеврачебной практики Папан""";58;54;65;119;21;43;64;53;30;83;39;26;65
Ошская обл.;4170600000000000;Кара-Сууйский р-н;41706226000000000;618491;"У-е ""Центр общеврачебной практики Папан""";"Учреждение ""Центр общеврачебной практики Папан""";59;55;47;102;33;33;66;33;38;71;25;34;59
Ошская обл.;4170600000000000;Кара-Сууйский р-н;41706226000000000;618491;"У-е ""Центр общеврачебной практики Папан""";"Учреждение ""Центр общеврачебной практики Папан""";60;52;49;101;30;41;71;27;29;56;8;26;34
Ошская обл.;4170600000000000;Кара-Сууйский р-н;41706226000000000;618491;"У-е ""Центр общеврачебной практики Папан""";"Учреждение ""Центр общеврачебной практики Папан""";61;57;52;109;28;42;70;40;61;101;37;58;95
Ошская обл.;4170600000000000;Кара-Сууйский р-н;41706226000000000;618491;"У-е ""Центр общеврачебной практики Папан""";"Учреждение ""Центр общеврачебной практики Папан""";62;51;74;125;31;61;92;43;48;91;28;46;74
Ошская обл.;4170600000000000;Кара-Сууйский р-н;41706226000000000;618491;"У-е ""Центр общеврачебной практики Папан""";"Учреждение ""Центр общеврачебной практики Папан""";63;43;46;89;33;42;75;14;41;55;10;41;51
Ошская обл.;4170600000000000;Кара-Сууйский р-н;41706226000000000;618491;"У-е ""Центр общеврачебной практики Папан""";"Учреждение ""Центр общеврачебной практики Папан""";64;50;77;127;37;71;108;22;34;56;17;32;49
Ошская обл.;4170600000000000;Кара-Сууйский р-н;41706226000000000;618491;"У-е ""Центр общеврачебной практики Папан""";"Учреждение ""Центр общеврачебной практики Папан""";65;37;53;90;31;49;80;30;38;68;29;38;67
Ошская обл.;4170600000000000;Кара-Сууйский р-н;41706226000000000;618491;"У-е ""Центр общеврачебной практики Папан""";"Учреждение ""Центр общеврачебной практики Папан""";66;37;63;100;36;61;97;10;37;47;10;37;47
Ошская обл.;4170600000000000;Кара-Сууйский р-н;41706226000000000;618491;"У-е ""Центр общеврачебной практики Папан""";"Учреждение ""Центр общеврачебной практики Папан""";67;38;52;90;33;46;79;15;20;35;14;17;31
Ошская обл.;4170600000000000;Кара-Сууйский р-н;41706226000000000;618491;"У-е ""Центр общеврачебной практики Папан""";"Учреждение ""Центр общеврачебной практики Папан""";68;17;43;60;15;42;57;15;12;27;14;11;25
Ошская обл.;4170600000000000;Кара-Сууйский р-н;41706226000000000;618491;"У-е ""Центр общеврачебной практики Папан""";"Учреждение ""Центр общеврачебной практики Папан""";69;27;31;58;26;30;56;12;18;30;12;15;27
Ошская обл.;4170600000000000;Кара-Сууйский р-н;41706226000000000;618491;"У-е ""Центр общеврачебной практики Папан""";"Учреждение ""Центр общеврачебной практики Папан""";70;23;37;60;23;35;58;5;19;24;5;19;24
Ошская обл.;4170600000000000;Кара-Сууйский р-н;41706226000000000;618491;"У-е ""Центр общеврачебной практики Папан""";"Учреждение ""Центр общеврачебной практики Папан""";71;22;26;48;20;26;46;10;30;40;10;30;40
Ошская обл.;4170600000000000;Кара-Сууйский р-н;41706226000000000;618491;"У-е ""Центр общеврачебной практики Папан""";"Учреждение ""Центр общеврачебной практики Папан""";72;29;33;62;27;33;60;7;20;27;6;20;26
Ошская обл.;4170600000000000;Кара-Сууйский р-н;41706226000000000;618491;"У-е ""Центр общеврачебной практики Папан""";"Учреждение ""Центр общеврачебной практики Папан""";73;16;26;42;16;26;42;6;19;25;6;18;24
Ошская обл.;4170600000000000;Кара-Сууйский р-н;41706226000000000;618491;"У-е ""Центр общеврачебной практики Папан""";"Учреждение ""Центр общеврачебной практики Папан""";74;9;31;40;9;30;39;2;9;11;2;9;11
Ошская обл.;4170600000000000;Кара-Сууйский р-н;41706226000000000;618491;"У-е ""Центр общеврачебной практики Папан""";"Учреждение ""Центр общеврачебной практики Папан""";75;16;23;39;15;20;35;3;14;17;2;5;7
Ошская обл.;4170600000000000;Кара-Сууйский р-н;41706226000000000;618491;"У-е ""Центр общеврачебной практики Папан""";"Учреждение ""Центр общеврачебной практики Папан""";76;9;17;26;9;17;26;8;5;13;8;4;12
Ошская обл.;4170600000000000;Кара-Сууйский р-н;41706226000000000;618491;"У-е ""Центр общеврачебной практики Папан""";"Учреждение ""Центр общеврачебной практики Папан""";77;15;13;28;15;13;28;10;11;21;10;11;21
Ошская обл.;4170600000000000;Кара-Сууйский р-н;41706226000000000;618491;"У-е ""Центр общеврачебной практики Папан""";"Учреждение ""Центр общеврачебной практики Папан""";78;5;18;23;5;17;22;1;1;2;1;1;2
Ошская обл.;4170600000000000;Кара-Сууйский р-н;41706226000000000;618491;"У-е ""Центр общеврачебной практики Папан""";"Учреждение ""Центр общеврачебной практики Папан""";79;6;8;14;6;7;13;2;1;3;2;1;3
Ошская обл.;4170600000000000;Кара-Сууйский р-н;41706226000000000;618491;"У-е ""Центр общеврачебной практики Папан""";"Учреждение ""Центр общеврачебной практики Папан""";80;5;2;7;5;2;7;0;3;3;0;3;3
Ошская обл.;4170600000000000;Кара-Сууйский р-н;41706226000000000;618491;"У-е ""Центр общеврачебной практики Папан""";"Учреждение ""Центр общеврачебной практики Папан""";81;1;7;8;1;7;8;0;8;8;0;8;8
Ошская обл.;4170600000000000;Кара-Сууйский р-н;41706226000000000;618491;"У-е ""Центр общеврачебной практики Папан""";"Учреждение ""Центр общеврачебной практики Папан""";82;4;15;19;4;14;18;1;4;5;1;4;5
Ошская обл.;4170600000000000;Кара-Сууйский р-н;41706226000000000;618491;"У-е ""Центр общеврачебной практики Папан""";"Учреждение ""Центр общеврачебной практики Папан""";83;2;6;8;2;6;8;0;1;1;0;0;0
Ошская обл.;4170600000000000;Кара-Сууйский р-н;41706226000000000;618491;"У-е ""Центр общеврачебной практики Папан""";"Учреждение ""Центр общеврачебной практики Папан""";84;8;34;42;8;32;40;1;2;3;1;1;2
Ошская обл.;4170600000000000;Кара-Сууйский р-н;41706226000000000;618491;"У-е ""Центр общеврачебной практики Папан""";"Учреждение ""Центр общеврачебной практики Папан""";86;4;19;23;4;19;23;2;2;4;2;2;4
Ошская обл.;4170600000000000;Кара-Сууйский р-н;41706226000000000;618491;"У-е ""Центр общеврачебной практики Папан""";"Учреждение ""Центр общеврачебной практики Папан""";89;7;14;21;7;14;21;0;1;1;0;1;1
Ошская обл.;4170600000000000;Кара-Сууйский р-н;41706226000000000;618491;"У-е ""Центр общеврачебной практики Папан""";"Учреждение ""Центр общеврачебной практики Папан""";90;2;10;12;2;9;11;0;1;1;0;1;1
Ошская обл.;4170600000000000;Алайский р-н;41706207000000000;641491;"У-е ""ЦОВП Алайского района Ошской области""";"Учреждение ""Центр общеврачебной практики Алайского района Ошской области""";0;534;536;1070;534;536;1070;5341;5544;10885;5341;5544;10885
Ошская обл.;4170600000000000;Алайский р-н;41706207000000000;641491;"У-е ""ЦОВП Алайского района Ошской области""";"Учреждение ""Центр общеврачебной практики Алайского района Ошской области""";1;648;660;1308;648;660;1308;2533;2284;4817;2533;2284;4817
Ошская обл.;4170600000000000;Алайский р-н;41706207000000000;641491;"У-е ""ЦОВП Алайского района Ошской области""";"Учреждение ""Центр общеврачебной практики Алайского района Ошской области""";2;756;734;1490;756;734;1490;1992;1700;3692;1992;1700;3692
Ошская обл.;4170600000000000;Алайский р-н;41706207000000000;641491;"У-е ""ЦОВП Алайского района Ошской области""";"Учреждение ""Центр общеврачебной практики Алайского района Ошской области""";3;842;837;1679;842;837;1679;1461;1346;2807;1461;1346;2807
Ошская обл.;4170600000000000;Алайский р-н;41706207000000000;641491;"У-е ""ЦОВП Алайского района Ошской области""";"Учреждение ""Центр общеврачебной практики Алайского района Ошской области""";4;862;809;1671;862;809;1671;1346;1275;2621;1346;1275;2621
Ошская обл.;4170600000000000;Алайский р-н;41706207000000000;641491;"У-е ""ЦОВП Алайского района Ошской области""";"Учреждение ""Центр общеврачебной практики Алайского района Ошской области""";5;910;880;1790;910;880;1790;1345;1238;2583;1345;1238;2583
Ошская обл.;4170600000000000;Алайский р-н;41706207000000000;641491;"У-е ""ЦОВП Алайского района Ошской области""";"Учреждение ""Центр общеврачебной практики Алайского района Ошской области""";6;898;1058;1956;898;1058;1956;1492;1436;2928;1492;1436;2928
Ошская обл.;4170600000000000;Алайский р-н;41706207000000000;641491;"У-е ""ЦОВП Алайского района Ошской области""";"Учреждение ""Центр общеврачебной практики Алайского района Ошской области""";7;890;968;1858;890;968;1858;963;898;1861;963;898;1861
Ошская обл.;4170600000000000;Алайский р-н;41706207000000000;641491;"У-е ""ЦОВП Алайского района Ошской области""";"Учреждение ""Центр общеврачебной практики Алайского района Ошской области""";8;982;987;1969;982;987;1969;933;876;1809;933;876;1809
Ошская обл.;4170600000000000;Алайский р-н;41706207000000000;641491;"У-е ""ЦОВП Алайского района Ошской области""";"Учреждение ""Центр общеврачебной практики Алайского района Ошской области""";9;939;1004;1943;939;1004;1943;843;912;1755;843;912;1755
Ошская обл.;4170600000000000;Алайский р-н;41706207000000000;641491;"У-е ""ЦОВП Алайского района Ошской области""";"Учреждение ""Центр общеврачебной практики Алайского района Ошской области""";10;956;1023;1979;956;1023;1979;938;976;1914;938;976;1914
Ошская обл.;4170600000000000;Алайский р-н;41706207000000000;641491;"У-е ""ЦОВП Алайского района Ошской области""";"Учреждение ""Центр общеврачебной практики Алайского района Ошской области""";11;1048;1228;2276;1048;1228;2276;1034;1053;2087;1034;1053;2087
Ошская обл.;4170600000000000;Алайский р-н;41706207000000000;641491;"У-е ""ЦОВП Алайского района Ошской области""";"Учреждение ""Центр общеврачебной практики Алайского района Ошской области""";12;955;1229;2184;955;1229;2184;836;786;1622;836;786;1622
Ошская обл.;4170600000000000;Алайский р-н;41706207000000000;641491;"У-е ""ЦОВП Алайского района Ошской области""";"Учреждение ""Центр общеврачебной практики Алайского района Ошской области""";13;915;1186;2101;915;1186;2101;760;805;1565;760;805;1565
Ошская обл.;4170600000000000;Алайский р-н;41706207000000000;641491;"У-е ""ЦОВП Алайского района Ошской области""";"Учреждение ""Центр общеврачебной практики Алайского района Ошской области""";14;852;1127;1979;852;1127;1979;872;909;1781;872;909;1781
Ошская обл.;4170600000000000;Алайский р-н;41706207000000000;641491;"У-е ""ЦОВП Алайского района Ошской области""";"Учреждение ""Центр общеврачебной практики Алайского района Ошской области""";15;811;997;1808;811;997;1808;1088;1025;2113;1088;1025;2113
Ошская обл.;4170600000000000;Алайский р-н;41706207000000000;641491;"У-е ""ЦОВП Алайского района Ошской области""";"Учреждение ""Центр общеврачебной практики Алайского района Ошской области""";16;776;977;1753;776;977;1753;1041;1057;2098;975;971;1946
Ошская обл.;4170600000000000;Алайский р-н;41706207000000000;641491;"У-е ""ЦОВП Алайского района Ошской области""";"Учреждение ""Центр общеврачебной практики Алайского района Ошской области""";17;765;958;1723;648;845;1493;986;890;1876;783;699;1482
Ошская обл.;4170600000000000;Алайский р-н;41706207000000000;641491;"У-е ""ЦОВП Алайского района Ошской области""";"Учреждение ""Центр общеврачебной практики Алайского района Ошской области""";18;646;828;1474;512;712;1224;1787;738;2525;1203;556;1759
Ошская обл.;4170600000000000;Алайский р-н;41706207000000000;641491;"У-е ""ЦОВП Алайского района Ошской области""";"Учреждение ""Центр общеврачебной практики Алайского района Ошской области""";19;628;555;1183;187;179;366;948;638;1586;243;292;535
Ошская обл.;4170600000000000;Алайский р-н;41706207000000000;641491;"У-е ""ЦОВП Алайского района Ошской области""";"Учреждение ""Центр общеврачебной практики Алайского района Ошской области""";20;625;532;1157;137;146;283;689;975;1664;188;488;676
Ошская обл.;4170600000000000;Алайский р-н;41706207000000000;641491;"У-е ""ЦОВП Алайского района Ошской области""";"Учреждение ""Центр общеврачебной практики Алайского района Ошской области""";21;610;469;1079;194;175;369;622;1165;1787;245;695;940
Ошская обл.;4170600000000000;Алайский р-н;41706207000000000;641491;"У-е ""ЦОВП Алайского района Ошской области""";"Учреждение ""Центр общеврачебной практики Алайского района Ошской области""";22;524;499;1023;230;250;480;606;1198;1804;268;749;1017
Ошская обл.;4170600000000000;Алайский р-н;41706207000000000;641491;"У-е ""ЦОВП Алайского района Ошской области""";"Учреждение ""Центр общеврачебной практики Алайского района Ошской области""";23;541;502;1043;125;219;344;537;1205;1742;118;782;900
Ошская обл.;4170600000000000;Алайский р-н;41706207000000000;641491;"У-е ""ЦОВП Алайского района Ошской области""";"Учреждение ""Центр общеврачебной практики Алайского района Ошской области""";24;446;437;883;80;182;262;499;1354;1853;140;790;930
Ошская обл.;4170600000000000;Алайский р-н;41706207000000000;641491;"У-е ""ЦОВП Алайского района Ошской области""";"Учреждение ""Центр общеврачебной практики Алайского района Ошской области""";25;531;471;1002;92;176;268;517;1418;1935;142;815;957
Ошская обл.;4170600000000000;Алайский р-н;41706207000000000;641491;"У-е ""ЦОВП Алайского района Ошской области""";"Учреждение ""Центр общеврачебной практики Алайского района Ошской области""";26;534;464;998;110;172;282;566;1185;1751;217;750;967
Ошская обл.;4170600000000000;Алайский р-н;41706207000000000;641491;"У-е ""ЦОВП Алайского района Ошской области""";"Учреждение ""Центр общеврачебной практики Алайского района Ошской области""";27;537;441;978;124;188;312;513;1363;1876;180;938;1118
Ошская обл.;4170600000000000;Алайский р-н;41706207000000000;641491;"У-е ""ЦОВП Алайского района Ошской области""";"Учреждение ""Центр общеврачебной практики Алайского района Ошской области""";28;511;421;932;121;209;330;603;1541;2144;263;1040;1303
Ошская обл.;4170600000000000;Алайский р-н;41706207000000000;641491;"У-е ""ЦОВП Алайского района Ошской области""";"Учреждение ""Центр общеврачебной практики Алайского района Ошской области""";29;521;485;1006;153;216;369;573;1772;2345;301;1255;1556
Ошская обл.;4170600000000000;Алайский р-н;41706207000000000;641491;"У-е ""ЦОВП Алайского района Ошской области""";"Учреждение ""Центр общеврачебной практики Алайского района Ошской области""";30;542;513;1055;256;293;549;562;1618;2180;370;1207;1577
Ошская обл.;4170600000000000;Алайский р-н;41706207000000000;641491;"У-е ""ЦОВП Алайского района Ошской области""";"Учреждение ""Центр общеврачебной практики Алайского района Ошской области""";31;508;473;981;273;272;545;606;1817;2423;369;1288;1657
Ошская обл.;4170600000000000;Алайский р-н;41706207000000000;641491;"У-е ""ЦОВП Алайского района Ошской области""";"Учреждение ""Центр общеврачебной практики Алайского района Ошской области""";32;593;524;1117;306;315;621;831;1583;2414;473;1230;1703
Ошская обл.;4170600000000000;Алайский р-н;41706207000000000;641491;"У-е ""ЦОВП Алайского района Ошской области""";"Учреждение ""Центр общеврачебной практики Алайского района Ошской области""";33;575;501;1076;336;315;651;636;1515;2151;399;1231;1630
Ошская обл.;4170600000000000;Алайский р-н;41706207000000000;641491;"У-е ""ЦОВП Алайского района Ошской области""";"Учреждение ""Центр общеврачебной практики Алайского района Ошской области""";34;561;513;1074;305;327;632;626;1710;2336;426;1305;1731
Ошская обл.;4170600000000000;Алайский р-н;41706207000000000;641491;"У-е ""ЦОВП Алайского района Ошской области""";"Учреждение ""Центр общеврачебной практики Алайского района Ошской области""";35;544;513;1057;307;336;643;750;1632;2382;499;1276;1775
Ошская обл.;4170600000000000;Алайский р-н;41706207000000000;641491;"У-е ""ЦОВП Алайского района Ошской области""";"Учреждение ""Центр общеврачебной практики Алайского района Ошской области""";36;499;466;965;278;300;578;777;1444;2221;526;1078;1604
Ошская обл.;4170600000000000;Алайский р-н;41706207000000000;641491;"У-е ""ЦОВП Алайского района Ошской области""";"Учреждение ""Центр общеврачебной практики Алайского района Ошской области""";37;526;503;1029;295;329;624;772;1544;2316;511;1296;1807
Ошская обл.;4170600000000000;Алайский р-н;41706207000000000;641491;"У-е ""ЦОВП Алайского района Ошской области""";"Учреждение ""Центр общеврачебной практики Алайского района Ошской области""";38;502;487;989;297;319;616;609;1504;2113;403;1214;1617
Ошская обл.;4170600000000000;Алайский р-н;41706207000000000;641491;"У-е ""ЦОВП Алайского района Ошской области""";"Учреждение ""Центр общеврачебной практики Алайского района Ошской области""";39;454;485;939;238;311;549;600;1430;2030;389;1184;1573
Ошская обл.;4170600000000000;Алайский р-н;41706207000000000;641491;"У-е ""ЦОВП Алайского района Ошской области""";"Учреждение ""Центр общеврачебной практики Алайского района Ошской области""";40;446;438;884;246;283;529;623;1351;1974;430;1065;1495
Ошская обл.;4170600000000000;Алайский р-н;41706207000000000;641491;"У-е ""ЦОВП Алайского района Ошской области""";"Учреждение ""Центр общеврачебной практики Алайского района Ошской области""";41;400;431;831;217;285;502;592;1216;1808;355;936;1291
Ошская обл.;4170600000000000;Алайский р-н;41706207000000000;641491;"У-е ""ЦОВП Алайского района Ошской области""";"Учреждение ""Центр общеврачебной практики Алайского района Ошской области""";42;417;395;812;221;267;488;594;1115;1709;393;897;1290
Ошская обл.;4170600000000000;Алайский р-н;41706207000000000;641491;"У-е ""ЦОВП Алайского района Ошской области""";"Учреждение ""Центр общеврачебной практики Алайского района Ошской области""";43;367;344;711;181;232;413;525;1085;1610;320;786;1106
Ошская обл.;4170600000000000;Алайский р-н;41706207000000000;641491;"У-е ""ЦОВП Алайского района Ошской области""";"Учреждение ""Центр общеврачебной практики Алайского района Ошской области""";44;365;350;715;183;235;418;567;1108;1675;342;949;1291
Ошская обл.;4170600000000000;Алайский р-н;41706207000000000;641491;"У-е ""ЦОВП Алайского района Ошской области""";"Учреждение ""Центр общеврачебной практики Алайского района Ошской области""";45;356;341;697;169;239;408;668;1031;1699;415;844;1259
Ошская обл.;4170600000000000;Алайский р-н;41706207000000000;641491;"У-е ""ЦОВП Алайского района Ошской области""";"Учреждение ""Центр общеврачебной практики Алайского района Ошской области""";46;353;329;682;173;192;365;504;1000;1504;284;795;1079
Ошская обл.;4170600000000000;Алайский р-н;41706207000000000;641491;"У-е ""ЦОВП Алайского района Ошской области""";"Учреждение ""Центр общеврачебной практики Алайского района Ошской области""";47;339;331;670;145;232;377;589;1224;1813;352;1023;1375
Ошская обл.;4170600000000000;Алайский р-н;41706207000000000;641491;"У-е ""ЦОВП Алайского района Ошской области""";"Учреждение ""Центр общеврачебной практики Алайского района Ошской области""";48;356;312;668;156;201;357;549;900;1449;284;728;1012
Ошская обл.;4170600000000000;Алайский р-н;41706207000000000;641491;"У-е ""ЦОВП Алайского района Ошской области""";"Учреждение ""Центр общеврачебной практики Алайского района Ошской области""";49;340;303;643;173;201;374;526;815;1341;298;641;939
Ошская обл.;4170600000000000;Алайский р-н;41706207000000000;641491;"У-е ""ЦОВП Алайского района Ошской области""";"Учреждение ""Центр общеврачебной практики Алайского района Ошской области""";50;302;272;574;140;198;338;565;890;1455;336;789;1125
Ошская обл.;4170600000000000;Алайский р-н;41706207000000000;641491;"У-е ""ЦОВП Алайского района Ошской области""";"Учреждение ""Центр общеврачебной практики Алайского района Ошской области""";51;296;277;573;148;212;360;636;1063;1699;414;935;1349
Ошская обл.;4170600000000000;Алайский р-н;41706207000000000;641491;"У-е ""ЦОВП Алайского района Ошской области""";"Учреждение ""Центр общеврачебной практики Алайского района Ошской области""";52;318;298;616;165;227;392;647;1016;1663;411;835;1246
Ошская обл.;4170600000000000;Алайский р-н;41706207000000000;641491;"У-е ""ЦОВП Алайского района Ошской области""";"Учреждение ""Центр общеврачебной практики Алайского района Ошской области""";53;283;301;584;162;218;380;514;1033;1547;364;870;1234
Ошская обл.;4170600000000000;Алайский р-н;41706207000000000;641491;"У-е ""ЦОВП Алайского района Ошской области""";"Учреждение ""Центр общеврачебной практики Алайского района Ошской области""";54;275;276;551;165;211;376;584;1017;1601;456;867;1323
Ошская обл.;4170600000000000;Алайский р-н;41706207000000000;641491;"У-е ""ЦОВП Алайского района Ошской области""";"Учреждение ""Центр общеврачебной практики Алайского района Ошской области""";55;251;270;521;162;205;367;590;1061;1651;423;916;1339
Ошская обл.;4170600000000000;Алайский р-н;41706207000000000;641491;"У-е ""ЦОВП Алайского района Ошской области""";"Учреждение ""Центр общеврачебной практики Алайского района Ошской области""";56;265;282;547;172;235;407;642;1179;1821;500;1002;1502
Ошская обл.;4170600000000000;Алайский р-н;41706207000000000;641491;"У-е ""ЦОВП Алайского района Ошской области""";"Учреждение ""Центр общеврачебной практики Алайского района Ошской области""";57;220;295;515;154;256;410;680;1100;1780;488;958;1446
Ошская обл.;4170600000000000;Алайский р-н;41706207000000000;641491;"У-е ""ЦОВП Алайского района Ошской области""";"Учреждение ""Центр общеврачебной практики Алайского района Ошской области""";58;272;276;548;189;225;414;774;1069;1843;582;922;1504
Ошская обл.;4170600000000000;Алайский р-н;41706207000000000;641491;"У-е ""ЦОВП Алайского района Ошской области""";"Учреждение ""Центр общеврачебной практики Алайского района Ошской области""";59;262;271;533;206;238;444;622;988;1610;514;885;1399
Ошская обл.;4170600000000000;Алайский р-н;41706207000000000;641491;"У-е ""ЦОВП Алайского района Ошской области""";"Учреждение ""Центр общеврачебной практики Алайского района Ошской области""";60;239;306;545;188;268;456;664;1108;1772;566;1035;1601
Ошская обл.;4170600000000000;Алайский р-н;41706207000000000;641491;"У-е ""ЦОВП Алайского района Ошской области""";"Учреждение ""Центр общеврачебной практики Алайского района Ошской области""";61;219;300;519;194;272;466;636;1326;1962;581;1065;1646
Ошская обл.;4170600000000000;Алайский р-н;41706207000000000;641491;"У-е ""ЦОВП Алайского района Ошской области""";"Учреждение ""Центр общеврачебной практики Алайского района Ошской области""";62;218;283;501;184;255;439;754;1099;1853;691;1022;1713
Ошская обл.;4170600000000000;Алайский р-н;41706207000000000;641491;"У-е ""ЦОВП Алайского района Ошской области""";"Учреждение ""Центр общеврачебной практики Алайского района Ошской области""";63;264;294;558;230;268;498;652;928;1580;605;840;1445
Ошская обл.;4170600000000000;Алайский р-н;41706207000000000;641491;"У-е ""ЦОВП Алайского района Ошской области""";"Учреждение ""Центр общеврачебной практики Алайского района Ошской области""";64;220;267;487;199;242;441;768;1047;1815;719;903;1622
Ошская обл.;4170600000000000;Алайский р-н;41706207000000000;641491;"У-е ""ЦОВП Алайского района Ошской области""";"Учреждение ""Центр общеврачебной практики Алайского района Ошской области""";65;215;231;446;195;198;393;627;958;1585;554;859;1413
Ошская обл.;4170600000000000;Алайский р-н;41706207000000000;641491;"У-е ""ЦОВП Алайского района Ошской области""";"Учреждение ""Центр общеврачебной практики Алайского района Ошской области""";66;169;235;404;145;215;360;537;968;1505;471;831;1302
Ошская обл.;4170600000000000;Алайский р-н;41706207000000000;641491;"У-е ""ЦОВП Алайского района Ошской области""";"Учреждение ""Центр общеврачебной практики Алайского района Ошской области""";67;159;223;382;139;188;327;547;866;1413;492;718;1210
Ошская обл.;4170600000000000;Алайский р-н;41706207000000000;641491;"У-е ""ЦОВП Алайского района Ошской области""";"Учреждение ""Центр общеврачебной практики Алайского района Ошской области""";68;173;220;393;151;191;342;450;798;1248;402;697;1099
Ошская обл.;4170600000000000;Алайский р-н;41706207000000000;641491;"У-е ""ЦОВП Алайского района Ошской области""";"Учреждение ""Центр общеврачебной практики Алайского района Ошской области""";69;121;148;269;106;135;241;390;713;1103;306;585;891
Ошская обл.;4170600000000000;Алайский р-н;41706207000000000;641491;"У-е ""ЦОВП Алайского района Ошской области""";"Учреждение ""Центр общеврачебной практики Алайского района Ошской области""";70;116;170;286;92;130;222;542;645;1187;467;492;959
Ошская обл.;4170600000000000;Алайский р-н;41706207000000000;641491;"У-е ""ЦОВП Алайского района Ошской области""";"Учреждение ""Центр общеврачебной практики Алайского района Ошской области""";71;119;142;261;97;114;211;432;616;1048;369;475;844
Ошская обл.;4170600000000000;Алайский р-н;41706207000000000;641491;"У-е ""ЦОВП Алайского района Ошской области""";"Учреждение ""Центр общеврачебной практики Алайского района Ошской области""";72;96;159;255;80;127;207;417;643;1060;319;547;866
Ошская обл.;4170600000000000;Алайский р-н;41706207000000000;641491;"У-е ""ЦОВП Алайского района Ошской области""";"Учреждение ""Центр общеврачебной практики Алайского района Ошской области""";73;80;114;194;65;96;161;336;496;832;252;399;651
Ошская обл.;4170600000000000;Алайский р-н;41706207000000000;641491;"У-е ""ЦОВП Алайского района Ошской области""";"Учреждение ""Центр общеврачебной практики Алайского района Ошской области""";74;65;116;181;53;89;142;275;464;739;254;393;647
Ошская обл.;4170600000000000;Алайский р-н;41706207000000000;641491;"У-е ""ЦОВП Алайского района Ошской области""";"Учреждение ""Центр общеврачебной практики Алайского района Ошской области""";75;60;99;159;50;83;133;176;385;561;157;330;487
Ошская обл.;4170600000000000;Алайский р-н;41706207000000000;641491;"У-е ""ЦОВП Алайского района Ошской области""";"Учреждение ""Центр общеврачебной практики Алайского района Ошской области""";76;58;97;155;50;83;133;247;308;555;234;262;496
Ошская обл.;4170600000000000;Алайский р-н;41706207000000000;641491;"У-е ""ЦОВП Алайского района Ошской области""";"Учреждение ""Центр общеврачебной практики Алайского района Ошской области""";77;43;83;126;41;67;108;151;330;481;132;247;379
Ошская обл.;4170600000000000;Алайский р-н;41706207000000000;641491;"У-е ""ЦОВП Алайского района Ошской области""";"Учреждение ""Центр общеврачебной практики Алайского района Ошской области""";78;40;68;108;37;56;93;76;164;240;73;132;205
Ошская обл.;4170600000000000;Алайский р-н;41706207000000000;641491;"У-е ""ЦОВП Алайского района Ошской области""";"Учреждение ""Центр общеврачебной практики Алайского района Ошской области""";79;19;33;52;14;28;42;73;73;146;68;63;131
Ошская обл.;4170600000000000;Алайский р-н;41706207000000000;641491;"У-е ""ЦОВП Алайского района Ошской области""";"Учреждение ""Центр общеврачебной практики Алайского района Ошской области""";80;18;24;42;15;19;34;44;72;116;38;57;95
Ошская обл.;4170600000000000;Алайский р-н;41706207000000000;641491;"У-е ""ЦОВП Алайского района Ошской области""";"Учреждение ""Центр общеврачебной практики Алайского района Ошской области""";81;19;19;38;17;15;32;76;172;248;76;151;227
Ошская обл.;4170600000000000;Алайский р-н;41706207000000000;641491;"У-е ""ЦОВП Алайского района Ошской области""";"Учреждение ""Центр общеврачебной практики Алайского района Ошской области""";82;43;62;105;41;54;95;192;156;348;189;139;328
Ошская обл.;4170600000000000;Алайский р-н;41706207000000000;641491;"У-е ""ЦОВП Алайского района Ошской области""";"Учреждение ""Центр общеврачебной практики Алайского района Ошской области""";83;28;45;73;25;39;64;111;232;343;96;212;308
Ошская обл.;4170600000000000;Алайский р-н;41706207000000000;641491;"У-е ""ЦОВП Алайского района Ошской области""";"Учреждение ""Центр общеврачебной практики Алайского района Ошской области""";84;40;77;117;31;70;101;122;205;327;112;188;300
Ошская обл.;4170600000000000;Алайский р-н;41706207000000000;641491;"У-е ""ЦОВП Алайского района Ошской области""";"Учреждение ""Центр общеврачебной практики Алайского района Ошской области""";85;27;49;76;24;44;68;130;198;328;117;173;290
Ошская обл.;4170600000000000;Алайский р-н;41706207000000000;641491;"У-е ""ЦОВП Алайского района Ошской области""";"Учреждение ""Центр общеврачебной практики Алайского района Ошской области""";86;33;48;81;26;44;70;133;148;281;115;138;253
Ошская обл.;4170600000000000;Алайский р-н;41706207000000000;641491;"У-е ""ЦОВП Алайского района Ошской области""";"Учреждение ""Центр общеврачебной практики Алайского района Ошской области""";87;15;53;68;11;51;62;57;140;197;49;117;166
Ошская обл.;4170600000000000;Алайский р-н;41706207000000000;641491;"У-е ""ЦОВП Алайского района Ошской области""";"Учреждение ""Центр общеврачебной практики Алайского района Ошской области""";88;16;34;50;13;28;41;40;90;130;37;65;102
Ошская обл.;4170600000000000;Алайский р-н;41706207000000000;641491;"У-е ""ЦОВП Алайского района Ошской области""";"Учреждение ""Центр общеврачебной практики Алайского района Ошской области""";89;10;28;38;8;25;33;32;89;121;32;88;120
Ошская обл.;4170600000000000;Алайский р-н;41706207000000000;641491;"У-е ""ЦОВП Алайского района Ошской области""";"Учреждение ""Центр общеврачебной практики Алайского района Ошской области""";90;3;21;24;3;19;22;33;72;105;33;69;102
Ошская обл.;4170600000000000;Алайский р-н;41706207000000000;641491;"У-е ""ЦОВП Алайского района Ошской области""";"Учреждение ""Центр общеврачебной практики Алайского района Ошской области""";91;8;25;33;8;19;27;17;77;94;17;63;80
Ошская обл.;4170600000000000;Алайский р-н;41706207000000000;641491;"У-е ""ЦОВП Алайского района Ошской области""";"Учреждение ""Центр общеврачебной практики Алайского района Ошской области""";92;9;21;30;8;17;25;11;21;32;9;20;29
Ошская обл.;4170600000000000;Алайский р-н;41706207000000000;641491;"У-е ""ЦОВП Алайского района Ошской области""";"Учреждение ""Центр общеврачебной практики Алайского района Ошской области""";93;3;5;8;2;3;5;9;36;45;8;35;43
Ошская обл.;4170600000000000;Алайский р-н;41706207000000000;641491;"У-е ""ЦОВП Алайского района Ошской области""";"Учреждение ""Центр общеврачебной практики Алайского района Ошской области""";94;5;19;24;5;19;24;8;21;29;8;21;29
Ошская обл.;4170600000000000;Алайский р-н;41706207000000000;641491;"У-е ""ЦОВП Алайского района Ошской области""";"Учреждение ""Центр общеврачебной практики Алайского района Ошской области""";95;1;6;7;1;6;7;5;21;26;5;21;26
Ошская обл.;4170600000000000;Алайский р-н;41706207000000000;641491;"У-е ""ЦОВП Алайского района Ошской области""";"Учреждение ""Центр общеврачебной практики Алайского района Ошской области""";96;2;9;11;2;7;9;10;12;22;3;8;11
Ошская обл.;4170600000000000;Алайский р-н;41706207000000000;641491;"У-е ""ЦОВП Алайского района Ошской области""";"Учреждение ""Центр общеврачебной практики Алайского района Ошской области""";97;3;1;4;2;0;2;3;0;3;1;0;1
Ошская обл.;4170600000000000;Алайский р-н;41706207000000000;641491;"У-е ""ЦОВП Алайского района Ошской области""";"Учреждение ""Центр общеврачебной практики Алайского района Ошской области""";98;0;1;1;0;1;1;0;8;8;0;8;8
Ошская обл.;4170600000000000;Алайский р-н;41706207000000000;641491;"У-е ""ЦОВП Алайского района Ошской области""";"Учреждение ""Центр общеврачебной практики Алайского района Ошской области""";99;0;1;1;0;1;1;0;1;1;0;1;1
Ошская обл.;4170600000000000;Алайский р-н;41706207000000000;641491;"У-е ""ЦОВП Алайского района Ошской области""";"Учреждение ""Центр общеврачебной практики Алайского района Ошской области""";103;0;1;1;0;1;1;0;3;3;0;3;3
Ошская обл.;4170600000000000;Алайский р-н;41706207000000000;641491;"У-е ""ЦОВП Алайского района Ошской области""";"Учреждение ""Центр общеврачебной практики Алайского района Ошской области""";104;0;2;2;0;2;2;0;3;3;0;3;3
Ошская обл.;4170600000000000;Араванский р-н;41706211000000000;641531;"У-е ""ЦОВП Араванского района Ошской области""";"Учреждение ""Центр общеврачебной практики Араванского района Ошской области""";0;856;806;1662;856;806;1662;6038;5152;11190;6038;5152;11190
Ошская обл.;4170600000000000;Араванский р-н;41706211000000000;641531;"У-е ""ЦОВП Араванского района Ошской области""";"Учреждение ""Центр общеврачебной практики Араванского района Ошской области""";1;1560;1423;2983;1560;1423;2983;3076;2857;5933;3076;2857;5933
Ошская обл.;4170600000000000;Араванский р-н;41706211000000000;641531;"У-е ""ЦОВП Араванского района Ошской области""";"Учреждение ""Центр общеврачебной практики Араванского района Ошской области""";2;1700;1670;3370;1700;1670;3370;2068;1896;3964;2068;1896;3964
Ошская обл.;4170600000000000;Араванский р-н;41706211000000000;641531;"У-е ""ЦОВП Араванского района Ошской области""";"Учреждение ""Центр общеврачебной практики Араванского района Ошской области""";3;1747;1680;3427;1747;1680;3427;1718;1245;2963;1718;1245;2963
Ошская обл.;4170600000000000;Араванский р-н;41706211000000000;641531;"У-е ""ЦОВП Араванского района Ошской области""";"Учреждение ""Центр общеврачебной практики Араванского района Ошской области""";4;1675;1680;3355;1675;1680;3355;1481;1177;2658;1481;1177;2658
Ошская обл.;4170600000000000;Араванский р-н;41706211000000000;641531;"У-е ""ЦОВП Араванского района Ошской области""";"Учреждение ""Центр общеврачебной практики Араванского района Ошской области""";5;1678;1597;3275;1678;1597;3275;1474;1240;2714;1474;1240;2714
Ошская обл.;4170600000000000;Араванский р-н;41706211000000000;641531;"У-е ""ЦОВП Араванского района Ошской области""";"Учреждение ""Центр общеврачебной практики Араванского района Ошской области""";6;1624;1892;3516;1624;1892;3516;1484;1626;3110;1484;1626;3110
Ошская обл.;4170600000000000;Араванский р-н;41706211000000000;641531;"У-е ""ЦОВП Араванского района Ошской области""";"Учреждение ""Центр общеврачебной практики Араванского района Ошской области""";7;1474;1943;3417;1474;1943;3417;879;836;1715;879;836;1715
Ошская обл.;4170600000000000;Араванский р-н;41706211000000000;641531;"У-е ""ЦОВП Араванского района Ошской области""";"Учреждение ""Центр общеврачебной практики Араванского района Ошской области""";8;1378;2055;3433;1378;2055;3433;829;702;1531;829;702;1531
Ошская обл.;4170600000000000;Араванский р-н;41706211000000000;641531;"У-е ""ЦОВП Араванского района Ошской области""";"Учреждение ""Центр общеврачебной практики Араванского района Ошской области""";9;1436;2421;3857;1436;2421;3857;782;733;1515;782;733;1515
Ошская обл.;4170600000000000;Араванский р-н;41706211000000000;641531;"У-е ""ЦОВП Араванского района Ошской области""";"Учреждение ""Центр общеврачебной практики Араванского района Ошской области""";10;1366;2477;3843;1366;2477;3843;743;756;1499;743;756;1499
Ошская обл.;4170600000000000;Араванский р-н;41706211000000000;641531;"У-е ""ЦОВП Араванского района Ошской области""";"Учреждение ""Центр общеврачебной практики Араванского района Ошской области""";11;1290;2176;3466;1290;2176;3466;707;739;1446;707;739;1446
Ошская обл.;4170600000000000;Араванский р-н;41706211000000000;641531;"У-е ""ЦОВП Араванского района Ошской области""";"Учреждение ""Центр общеврачебной практики Араванского района Ошской области""";12;1246;2009;3255;1246;2009;3255;594;548;1142;594;548;1142
Ошская обл.;4170600000000000;Араванский р-н;41706211000000000;641531;"У-е ""ЦОВП Араванского района Ошской области""";"Учреждение ""Центр общеврачебной практики Араванского района Ошской области""";13;1213;1869;3082;1213;1869;3082;676;736;1412;676;736;1412
Ошская обл.;4170600000000000;Араванский р-н;41706211000000000;641531;"У-е ""ЦОВП Араванского района Ошской области""";"Учреждение ""Центр общеврачебной практики Араванского района Ошской области""";14;1279;1881;3160;1279;1881;3160;734;855;1589;734;855;1589
Ошская обл.;4170600000000000;Араванский р-н;41706211000000000;641531;"У-е ""ЦОВП Араванского района Ошской области""";"Учреждение ""Центр общеврачебной практики Араванского района Ошской области""";15;1099;1674;2773;1099;1674;2773;893;763;1656;893;763;1656
Ошская обл.;4170600000000000;Араванский р-н;41706211000000000;641531;"У-е ""ЦОВП Араванского района Ошской области""";"Учреждение ""Центр общеврачебной практики Араванского района Ошской области""";16;1076;1493;2569;1076;1493;2569;787;770;1557;773;750;1523
Ошская обл.;4170600000000000;Араванский р-н;41706211000000000;641531;"У-е ""ЦОВП Араванского района Ошской области""";"Учреждение ""Центр общеврачебной практики Араванского района Ошской области""";17;963;1359;2322;928;1319;2247;1015;890;1905;946;836;1782
Ошская обл.;4170600000000000;Араванский р-н;41706211000000000;641531;"У-е ""ЦОВП Араванского района Ошской области""";"Учреждение ""Центр общеврачебной практики Араванского района Ошской области""";18;915;1248;2163;854;1196;2050;929;1473;2402;843;1168;2011
Ошская обл.;4170600000000000;Араванский р-н;41706211000000000;641531;"У-е ""ЦОВП Араванского района Ошской области""";"Учреждение ""Центр общеврачебной практики Араванского района Ошской области""";19;960;1117;2077;537;727;1264;715;1722;2437;263;694;957
Ошская обл.;4170600000000000;Араванский р-н;41706211000000000;641531;"У-е ""ЦОВП Араванского района Ошской области""";"Учреждение ""Центр общеврачебной практики Араванского района Ошской области""";20;872;875;1747;52;224;276;599;1782;2381;55;593;648
Ошская обл.;4170600000000000;Араванский р-н;41706211000000000;641531;"У-е ""ЦОВП Араванского района Ошской области""";"Учреждение ""Центр общеврачебной практики Араванского района Ошской области""";21;883;887;1770;50;220;270;560;1602;2162;90;579;669
Ошская обл.;4170600000000000;Араванский р-н;41706211000000000;641531;"У-е ""ЦОВП Араванского района Ошской области""";"Учреждение ""Центр общеврачебной практики Араванского района Ошской области""";22;842;984;1826;171;353;524;498;1770;2268;119;772;891
Ошская обл.;4170600000000000;Араванский р-н;41706211000000000;641531;"У-е ""ЦОВП Араванского района Ошской области""";"Учреждение ""Центр общеврачебной практики Араванского района Ошской области""";23;865;929;1794;80;350;430;595;1981;2576;72;904;976
Ошская обл.;4170600000000000;Араванский р-н;41706211000000000;641531;"У-е ""ЦОВП Араванского района Ошской области""";"Учреждение ""Центр общеврачебной практики Араванского района Ошской области""";24;871;981;1852;75;431;506;521;1698;2219;80;888;968
Ошская обл.;4170600000000000;Араванский р-н;41706211000000000;641531;"У-е ""ЦОВП Араванского района Ошской области""";"Учреждение ""Центр общеврачебной практики Араванского района Ошской области""";25;880;935;1815;84;408;492;707;2070;2777;152;1092;1244
Ошская обл.;4170600000000000;Араванский р-н;41706211000000000;641531;"У-е ""ЦОВП Араванского района Ошской области""";"Учреждение ""Центр общеврачебной практики Араванского района Ошской области""";26;959;1069;2028;113;444;557;727;1960;2687;132;1027;1159
Ошская обл.;4170600000000000;Араванский р-н;41706211000000000;641531;"У-е ""ЦОВП Араванского района Ошской области""";"Учреждение ""Центр общеврачебной практики Араванского района Ошской области""";27;1006;1029;2035;126;464;590;720;2007;2727;136;1153;1289
Ошская обл.;4170600000000000;Араванский р-н;41706211000000000;641531;"У-е ""ЦОВП Араванского района Ошской области""";"Учреждение ""Центр общеврачебной практики Араванского района Ошской области""";28;1072;1137;2209;167;538;705;763;2269;3032;185;1283;1468
Ошская обл.;4170600000000000;Араванский р-н;41706211000000000;641531;"У-е ""ЦОВП Араванского района Ошской области""";"Учреждение ""Центр общеврачебной практики Араванского района Ошской области""";29;1112;1149;2261;215;508;723;901;2070;2971;266;1244;1510
Ошская обл.;4170600000000000;Араванский р-н;41706211000000000;641531;"У-е ""ЦОВП Араванского района Ошской области""";"Учреждение ""Центр общеврачебной практики Араванского района Ошской области""";30;1137;1187;2324;388;558;946;838;1939;2777;432;1182;1614
Ошская обл.;4170600000000000;Араванский р-н;41706211000000000;641531;"У-е ""ЦОВП Араванского района Ошской области""";"Учреждение ""Центр общеврачебной практики Араванского района Ошской области""";31;1085;1134;2219;421;620;1041;840;1946;2786;349;1217;1566
Ошская обл.;4170600000000000;Араванский р-н;41706211000000000;641531;"У-е ""ЦОВП Араванского района Ошской области""";"Учреждение ""Центр общеврачебной практики Араванского района Ошской области""";32;1114;1234;2348;479;697;1176;880;1830;2710;432;1253;1685
Ошская обл.;4170600000000000;Араванский р-н;41706211000000000;641531;"У-е ""ЦОВП Араванского района Ошской области""";"Учреждение ""Центр общеврачебной практики Араванского района Ошской области""";33;1049;1084;2133;466;617;1083;867;1751;2618;464;1274;1738
Ошская обл.;4170600000000000;Араванский р-н;41706211000000000;641531;"У-е ""ЦОВП Араванского района Ошской области""";"Учреждение ""Центр общеврачебной практики Араванского района Ошской области""";34;1091;1171;2262;535;719;1254;711;1669;2380;346;1186;1532
Ошская обл.;4170600000000000;Араванский р-н;41706211000000000;641531;"У-е ""ЦОВП Араванского района Ошской области""";"Учреждение ""Центр общеврачебной практики Араванского района Ошской области""";35;1005;1041;2046;498;636;1134;804;1576;2380;416;1171;1587
Ошская обл.;4170600000000000;Араванский р-н;41706211000000000;641531;"У-е ""ЦОВП Араванского района Ошской области""";"Учреждение ""Центр общеврачебной практики Араванского района Ошской области""";36;937;997;1934;474;660;1134;826;1670;2496;494;1255;1749
Ошская обл.;4170600000000000;Араванский р-н;41706211000000000;641531;"У-е ""ЦОВП Араванского района Ошской области""";"Учреждение ""Центр общеврачебной практики Араванского района Ошской области""";37;1025;1085;2110;535;691;1226;778;1481;2259;470;1140;1610
Ошская обл.;4170600000000000;Араванский р-н;41706211000000000;641531;"У-е ""ЦОВП Араванского района Ошской области""";"Учреждение ""Центр общеврачебной практики Араванского района Ошской области""";38;940;994;1934;510;633;1143;745;1352;2097;444;1006;1450
Ошская обл.;4170600000000000;Араванский р-н;41706211000000000;641531;"У-е ""ЦОВП Араванского района Ошской области""";"Учреждение ""Центр общеврачебной практики Араванского района Ошской области""";39;845;942;1787;452;598;1050;678;1164;1842;399;957;1356
Ошская обл.;4170600000000000;Араванский р-н;41706211000000000;641531;"У-е ""ЦОВП Араванского района Ошской области""";"Учреждение ""Центр общеврачебной практики Араванского района Ошской области""";40;747;823;1570;424;552;976;690;963;1653;434;723;1157
Ошская обл.;4170600000000000;Араванский р-н;41706211000000000;641531;"У-е ""ЦОВП Араванского района Ошской области""";"Учреждение ""Центр общеврачебной практики Араванского района Ошской области""";41;799;836;1635;469;518;987;655;985;1640;439;725;1164
Ошская обл.;4170600000000000;Араванский р-н;41706211000000000;641531;"У-е ""ЦОВП Араванского района Ошской области""";"Учреждение ""Центр общеврачебной практики Араванского района Ошской области""";42;734;795;1529;409;490;899;646;936;1582;383;669;1052
Ошская обл.;4170600000000000;Араванский р-н;41706211000000000;641531;"У-е ""ЦОВП Араванского района Ошской области""";"Учреждение ""Центр общеврачебной практики Араванского района Ошской области""";43;653;703;1356;374;415;789;546;842;1388;375;561;936
Ошская обл.;4170600000000000;Араванский р-н;41706211000000000;641531;"У-е ""ЦОВП Араванского района Ошской области""";"Учреждение ""Центр общеврачебной практики Араванского района Ошской области""";44;625;716;1341;348;408;756;568;810;1378;373;544;917
Ошская обл.;4170600000000000;Араванский р-н;41706211000000000;641531;"У-е ""ЦОВП Араванского района Ошской области""";"Учреждение ""Центр общеврачебной практики Араванского района Ошской области""";45;659;645;1304;370;362;732;636;903;1539;406;601;1007
Ошская обл.;4170600000000000;Араванский р-н;41706211000000000;641531;"У-е ""ЦОВП Араванского района Ошской области""";"Учреждение ""Центр общеврачебной практики Араванского района Ошской области""";46;626;692;1318;329;365;694;656;939;1595;370;600;970
Ошская обл.;4170600000000000;Араванский р-н;41706211000000000;641531;"У-е ""ЦОВП Араванского района Ошской области""";"Учреждение ""Центр общеврачебной практики Араванского района Ошской области""";47;640;651;1291;325;340;665;642;843;1485;348;502;850
Ошская обл.;4170600000000000;Араванский р-н;41706211000000000;641531;"У-е ""ЦОВП Араванского района Ошской области""";"Учреждение ""Центр общеврачебной практики Араванского района Ошской области""";48;586;644;1230;303;331;634;603;736;1339;325;468;793
Ошская обл.;4170600000000000;Араванский р-н;41706211000000000;641531;"У-е ""ЦОВП Араванского района Ошской области""";"Учреждение ""Центр общеврачебной практики Араванского района Ошской области""";49;577;675;1252;288;342;630;577;930;1507;300;549;849
Ошская обл.;4170600000000000;Араванский р-н;41706211000000000;641531;"У-е ""ЦОВП Араванского района Ошской области""";"Учреждение ""Центр общеврачебной практики Араванского района Ошской области""";50;566;621;1187;263;278;541;635;930;1565;344;559;903
Ошская обл.;4170600000000000;Араванский р-н;41706211000000000;641531;"У-е ""ЦОВП Араванского района Ошской области""";"Учреждение ""Центр общеврачебной практики Араванского района Ошской области""";51;573;593;1166;282;291;573;645;892;1537;327;541;868
Ошская обл.;4170600000000000;Араванский р-н;41706211000000000;641531;"У-е ""ЦОВП Араванского района Ошской области""";"Учреждение ""Центр общеврачебной практики Араванского района Ошской области""";52;607;654;1261;290;360;650;705;1035;1740;345;664;1009
Ошская обл.;4170600000000000;Араванский р-н;41706211000000000;641531;"У-е ""ЦОВП Араванского района Ошской области""";"Учреждение ""Центр общеврачебной практики Араванского района Ошской области""";53;599;657;1256;280;340;620;603;1080;1683;335;640;975
Ошская обл.;4170600000000000;Араванский р-н;41706211000000000;641531;"У-е ""ЦОВП Араванского района Ошской области""";"Учреждение ""Центр общеврачебной практики Араванского района Ошской области""";54;600;637;1237;307;321;628;733;1149;1882;406;690;1096
Ошская обл.;4170600000000000;Араванский р-н;41706211000000000;641531;"У-е ""ЦОВП Араванского района Ошской области""";"Учреждение ""Центр общеврачебной практики Араванского района Ошской области""";55;528;679;1207;268;379;647;668;1118;1786;416;741;1157
Ошская обл.;4170600000000000;Араванский р-н;41706211000000000;641531;"У-е ""ЦОВП Араванского района Ошской области""";"Учреждение ""Центр общеврачебной практики Араванского района Ошской области""";56;591;641;1232;298;367;665;864;1154;2018;495;836;1331
Ошская обл.;4170600000000000;Араванский р-н;41706211000000000;641531;"У-е ""ЦОВП Араванского района Ошской области""";"Учреждение ""Центр общеврачебной практики Араванского района Ошской области""";57;562;606;1168;315;363;678;879;1098;1977;599;798;1397
Ошская обл.;4170600000000000;Араванский р-н;41706211000000000;641531;"У-е ""ЦОВП Араванского района Ошской области""";"Учреждение ""Центр общеврачебной практики Араванского района Ошской области""";58;576;653;1229;310;413;723;871;1129;2000;509;802;1311
Ошская обл.;4170600000000000;Араванский р-н;41706211000000000;641531;"У-е ""ЦОВП Араванского района Ошской области""";"Учреждение ""Центр общеврачебной практики Араванского района Ошской области""";59;552;618;1170;307;401;708;790;1100;1890;527;865;1392
Ошская обл.;4170600000000000;Араванский р-н;41706211000000000;641531;"У-е ""ЦОВП Араванского района Ошской области""";"Учреждение ""Центр общеврачебной практики Араванского района Ошской области""";60;485;581;1066;285;430;715;844;1131;1975;593;936;1529
Ошская обл.;4170600000000000;Араванский р-н;41706211000000000;641531;"У-е ""ЦОВП Араванского района Ошской области""";"Учреждение ""Центр общеврачебной практики Араванского района Ошской области""";61;551;641;1192;349;504;853;755;1025;1780;545;905;1450
Ошская обл.;4170600000000000;Араванский р-н;41706211000000000;641531;"У-е ""ЦОВП Араванского района Ошской области""";"Учреждение ""Центр общеврачебной практики Араванского района Ошской области""";62;472;572;1044;293;478;771;794;1119;1913;620;983;1603
Ошская обл.;4170600000000000;Араванский р-н;41706211000000000;641531;"У-е ""ЦОВП Араванского района Ошской области""";"Учреждение ""Центр общеврачебной практики Араванского района Ошской области""";63;490;581;1071;349;507;856;736;1132;1868;588;1020;1608
Ошская обл.;4170600000000000;Араванский р-н;41706211000000000;641531;"У-е ""ЦОВП Араванского района Ошской области""";"Учреждение ""Центр общеврачебной практики Араванского района Ошской области""";64;431;585;1016;306;517;823;617;970;1587;517;913;1430
Ошская обл.;4170600000000000;Араванский р-н;41706211000000000;641531;"У-е ""ЦОВП Араванского района Ошской области""";"Учреждение ""Центр общеврачебной практики Араванского района Ошской области""";65;412;504;916;304;482;786;653;1047;1700;565;995;1560
Ошская обл.;4170600000000000;Араванский р-н;41706211000000000;641531;"У-е ""ЦОВП Араванского района Ошской области""";"Учреждение ""Центр общеврачебной практики Араванского района Ошской области""";66;386;513;899;327;481;808;552;840;1392;501;800;1301
Ошская обл.;4170600000000000;Араванский р-н;41706211000000000;641531;"У-е ""ЦОВП Араванского района Ошской области""";"Учреждение ""Центр общеврачебной практики Араванского района Ошской области""";67;349;433;782;312;409;721;574;729;1303;523;717;1240
Ошская обл.;4170600000000000;Араванский р-н;41706211000000000;641531;"У-е ""ЦОВП Араванского района Ошской области""";"Учреждение ""Центр общеврачебной практики Араванского района Ошской области""";68;281;369;650;255;358;613;419;790;1209;381;784;1165
Ошская обл.;4170600000000000;Араванский р-н;41706211000000000;641531;"У-е ""ЦОВП Араванского района Ошской области""";"Учреждение ""Центр общеврачебной практики Араванского района Ошской области""";69;224;315;539;206;303;509;278;639;917;256;620;876
Ошская обл.;4170600000000000;Араванский р-н;41706211000000000;641531;"У-е ""ЦОВП Араванского района Ошской области""";"Учреждение ""Центр общеврачебной практики Араванского района Ошской области""";70;208;292;500;190;287;477;299;552;851;283;526;809
Ошская обл.;4170600000000000;Араванский р-н;41706211000000000;641531;"У-е ""ЦОВП Араванского района Ошской области""";"Учреждение ""Центр общеврачебной практики Араванского района Ошской области""";71;193;229;422;187;219;406;382;602;984;382;582;964
Ошская обл.;4170600000000000;Араванский р-н;41706211000000000;641531;"У-е ""ЦОВП Араванского района Ошской области""";"Учреждение ""Центр общеврачебной практики Араванского района Ошской области""";72;186;249;435;183;239;422;321;481;802;316;458;774
Ошская обл.;4170600000000000;Араванский р-н;41706211000000000;641531;"У-е ""ЦОВП Араванского района Ошской области""";"Учреждение ""Центр общеврачебной практики Араванского района Ошской области""";73;153;230;383;149;224;373;292;482;774;274;465;739
Ошская обл.;4170600000000000;Араванский р-н;41706211000000000;641531;"У-е ""ЦОВП Араванского района Ошской области""";"Учреждение ""Центр общеврачебной практики Араванского района Ошской области""";74;154;186;340;150;181;331;272;384;656;268;361;629
Ошская обл.;4170600000000000;Араванский р-н;41706211000000000;641531;"У-е ""ЦОВП Араванского района Ошской области""";"Учреждение ""Центр общеврачебной практики Араванского района Ошской области""";75;102;155;257;101;153;254;173;258;431;167;230;397
Ошская обл.;4170600000000000;Араванский р-н;41706211000000000;641531;"У-е ""ЦОВП Араванского района Ошской области""";"Учреждение ""Центр общеврачебной практики Араванского района Ошской области""";76;75;117;192;75;112;187;109;248;357;104;239;343
Ошская обл.;4170600000000000;Араванский р-н;41706211000000000;641531;"У-е ""ЦОВП Араванского района Ошской области""";"Учреждение ""Центр общеврачебной практики Араванского района Ошской области""";77;77;109;186;73;108;181;104;243;347;96;222;318
Ошская обл.;4170600000000000;Араванский р-н;41706211000000000;641531;"У-е ""ЦОВП Араванского района Ошской области""";"Учреждение ""Центр общеврачебной практики Араванского района Ошской области""";78;61;93;154;60;92;152;85;136;221;81;124;205
Ошская обл.;4170600000000000;Араванский р-н;41706211000000000;641531;"У-е ""ЦОВП Араванского района Ошской области""";"Учреждение ""Центр общеврачебной практики Араванского района Ошской области""";79;23;62;85;21;59;80;38;107;145;37;97;134
Ошская обл.;4170600000000000;Араванский р-н;41706211000000000;641531;"У-е ""ЦОВП Араванского района Ошской области""";"Учреждение ""Центр общеврачебной практики Араванского района Ошской области""";80;34;43;77;32;41;73;52;63;115;49;58;107
Ошская обл.;4170600000000000;Араванский р-н;41706211000000000;641531;"У-е ""ЦОВП Араванского района Ошской области""";"Учреждение ""Центр общеврачебной практики Араванского района Ошской области""";81;23;50;73;22;47;69;61;80;141;60;73;133
Ошская обл.;4170600000000000;Араванский р-н;41706211000000000;641531;"У-е ""ЦОВП Араванского района Ошской области""";"Учреждение ""Центр общеврачебной практики Араванского района Ошской области""";82;54;80;134;52;79;131;73;87;160;73;87;160
Ошская обл.;4170600000000000;Араванский р-н;41706211000000000;641531;"У-е ""ЦОВП Араванского района Ошской области""";"Учреждение ""Центр общеврачебной практики Араванского района Ошской области""";83;34;65;99;34;64;98;53;85;138;52;85;137
Ошская обл.;4170600000000000;Араванский р-н;41706211000000000;641531;"У-е ""ЦОВП Араванского района Ошской области""";"Учреждение ""Центр общеврачебной практики Араванского района Ошской области""";84;71;103;174;70;98;168;62;94;156;54;87;141
Ошская обл.;4170600000000000;Араванский р-н;41706211000000000;641531;"У-е ""ЦОВП Араванского района Ошской области""";"Учреждение ""Центр общеврачебной практики Араванского района Ошской области""";85;45;82;127;43;81;124;71;88;159;54;85;139
Ошская обл.;4170600000000000;Араванский р-н;41706211000000000;641531;"У-е ""ЦОВП Араванского района Ошской области""";"Учреждение ""Центр общеврачебной практики Араванского района Ошской области""";86;32;71;103;28;69;97;55;58;113;49;54;103
Ошская обл.;4170600000000000;Араванский р-н;41706211000000000;641531;"У-е ""ЦОВП Араванского района Ошской области""";"Учреждение ""Центр общеврачебной практики Араванского района Ошской области""";87;32;64;96;31;62;93;28;46;74;23;41;64
Ошская обл.;4170600000000000;Араванский р-н;41706211000000000;641531;"У-е ""ЦОВП Араванского района Ошской области""";"Учреждение ""Центр общеврачебной практики Араванского района Ошской области""";88;21;73;94;20;73;93;23;31;54;23;31;54
Ошская обл.;4170600000000000;Араванский р-н;41706211000000000;641531;"У-е ""ЦОВП Араванского района Ошской области""";"Учреждение ""Центр общеврачебной практики Араванского района Ошской области""";89;26;43;69;26;41;67;12;31;43;12;22;34
Ошская обл.;4170600000000000;Араванский р-н;41706211000000000;641531;"У-е ""ЦОВП Араванского района Ошской области""";"Учреждение ""Центр общеврачебной практики Араванского района Ошской области""";90;14;51;65;14;51;65;18;19;37;14;19;33
Ошская обл.;4170600000000000;Араванский р-н;41706211000000000;641531;"У-е ""ЦОВП Араванского района Ошской области""";"Учреждение ""Центр общеврачебной практики Араванского района Ошской области""";91;13;50;63;12;50;62;7;10;17;5;10;15
Ошская обл.;4170600000000000;Араванский р-н;41706211000000000;641531;"У-е ""ЦОВП Араванского района Ошской области""";"Учреждение ""Центр общеврачебной практики Араванского района Ошской области""";92;12;44;56;11;41;52;3;7;10;3;2;5
Ошская обл.;4170600000000000;Араванский р-н;41706211000000000;641531;"У-е ""ЦОВП Араванского района Ошской области""";"Учреждение ""Центр общеврачебной практики Араванского района Ошской области""";93;4;25;29;4;25;29;4;9;13;4;9;13
Ошская обл.;4170600000000000;Араванский р-н;41706211000000000;641531;"У-е ""ЦОВП Араванского района Ошской области""";"Учреждение ""Центр общеврачебной практики Араванского района Ошской области""";94;5;36;41;5;36;41;8;5;13;8;5;13
Ошская обл.;4170600000000000;Араванский р-н;41706211000000000;641531;"У-е ""ЦОВП Араванского района Ошской области""";"Учреждение ""Центр общеврачебной практики Араванского района Ошской области""";95;10;25;35;9;25;34;4;2;6;4;2;6
Ошская обл.;4170600000000000;Араванский р-н;41706211000000000;641531;"У-е ""ЦОВП Араванского района Ошской области""";"Учреждение ""Центр общеврачебной практики Араванского района Ошской области""";96;2;18;20;2;18;20;2;5;7;2;5;7
Ошская обл.;4170600000000000;Араванский р-н;41706211000000000;641531;"У-е ""ЦОВП Араванского района Ошской области""";"Учреждение ""Центр общеврачебной практики Араванского района Ошской области""";97;1;10;11;1;10;11;0;2;2;0;2;2
Ошская обл.;4170600000000000;Араванский р-н;41706211000000000;641531;"У-е ""ЦОВП Араванского района Ошской области""";"Учреждение ""Центр общеврачебной практики Араванского района Ошской области""";98;1;11;12;1;11;12;0;3;3;0;3;3
Ошская обл.;4170600000000000;Араванский р-н;41706211000000000;641531;"У-е ""ЦОВП Араванского района Ошской области""";"Учреждение ""Центр общеврачебной практики Араванского района Ошской области""";102;0;3;3;0;3;3;0;4;4;0;4;4
Ошская обл.;4170600000000000;Чон-Алайский р-н;41706259000000000;618201;"У-е ""ЦОВП им. Абибиллы Молдоболотова""";"Учреждение ""Центр общеврачебной практики им.Абибиллы Молдоболотова"" Чон-Алайского района";0;219;216;435;219;216;435;2214;2100;4314;2214;2100;4314
Ошская обл.;4170600000000000;Чон-Алайский р-н;41706259000000000;618201;"У-е ""ЦОВП им. Абибиллы Молдоболотова""";"Учреждение ""Центр общеврачебной практики им.Абибиллы Молдоболотова"" Чон-Алайского района";1;329;287;616;329;287;616;989;929;1918;989;929;1918
Ошская обл.;4170600000000000;Чон-Алайский р-н;41706259000000000;618201;"У-е ""ЦОВП им. Абибиллы Молдоболотова""";"Учреждение ""Центр общеврачебной практики им.Абибиллы Молдоболотова"" Чон-Алайского района";2;371;354;725;371;354;725;813;663;1476;813;663;1476
Ошская обл.;4170600000000000;Чон-Алайский р-н;41706259000000000;618201;"У-е ""ЦОВП им. Абибиллы Молдоболотова""";"Учреждение ""Центр общеврачебной практики им.Абибиллы Молдоболотова"" Чон-Алайского района";3;461;378;839;461;378;839;500;481;981;500;481;981
Ошская обл.;4170600000000000;Чон-Алайский р-н;41706259000000000;618201;"У-е ""ЦОВП им. Абибиллы Молдоболотова""";"Учреждение ""Центр общеврачебной практики им.Абибиллы Молдоболотова"" Чон-Алайского района";4;419;377;796;419;377;796;431;356;787;431;356;787
Ошская обл.;4170600000000000;Чон-Алайский р-н;41706259000000000;618201;"У-е ""ЦОВП им. Абибиллы Молдоболотова""";"Учреждение ""Центр общеврачебной практики им.Абибиллы Молдоболотова"" Чон-Алайского района";5;438;407;845;438;407;845;397;426;823;397;426;823
Ошская обл.;4170600000000000;Чон-Алайский р-н;41706259000000000;618201;"У-е ""ЦОВП им. Абибиллы Молдоболотова""";"Учреждение ""Центр общеврачебной практики им.Абибиллы Молдоболотова"" Чон-Алайского района";6;484;424;908;484;424;908;370;388;758;370;388;758
Ошская обл.;4170600000000000;Чон-Алайский р-н;41706259000000000;618201;"У-е ""ЦОВП им. Абибиллы Молдоболотова""";"Учреждение ""Центр общеврачебной практики им.Абибиллы Молдоболотова"" Чон-Алайского района";7;420;381;801;420;381;801;277;248;525;277;248;525
Ошская обл.;4170600000000000;Чон-Алайский р-н;41706259000000000;618201;"У-е ""ЦОВП им. Абибиллы Молдоболотова""";"Учреждение ""Центр общеврачебной практики им.Абибиллы Молдоболотова"" Чон-Алайского района";8;366;397;763;366;397;763;269;247;516;269;247;516
Ошская обл.;4170600000000000;Чон-Алайский р-н;41706259000000000;618201;"У-е ""ЦОВП им. Абибиллы Молдоболотова""";"Учреждение ""Центр общеврачебной практики им.Абибиллы Молдоболотова"" Чон-Алайского района";9;404;437;841;404;437;841;250;192;442;250;192;442
Ошская обл.;4170600000000000;Чон-Алайский р-н;41706259000000000;618201;"У-е ""ЦОВП им. Абибиллы Молдоболотова""";"Учреждение ""Центр общеврачебной практики им.Абибиллы Молдоболотова"" Чон-Алайского района";10;411;371;782;411;371;782;239;300;539;239;300;539
Ошская обл.;4170600000000000;Чон-Алайский р-н;41706259000000000;618201;"У-е ""ЦОВП им. Абибиллы Молдоболотова""";"Учреждение ""Центр общеврачебной практики им.Абибиллы Молдоболотова"" Чон-Алайского района";11;396;381;777;396;381;777;284;305;589;284;305;589
Ошская обл.;4170600000000000;Чон-Алайский р-н;41706259000000000;618201;"У-е ""ЦОВП им. Абибиллы Молдоболотова""";"Учреждение ""Центр общеврачебной практики им.Абибиллы Молдоболотова"" Чон-Алайского района";12;407;374;781;407;374;781;245;187;432;245;187;432
Ошская обл.;4170600000000000;Чон-Алайский р-н;41706259000000000;618201;"У-е ""ЦОВП им. Абибиллы Молдоболотова""";"Учреждение ""Центр общеврачебной практики им.Абибиллы Молдоболотова"" Чон-Алайского района";13;382;389;771;382;389;771;247;193;440;247;193;440
Ошская обл.;4170600000000000;Чон-Алайский р-н;41706259000000000;618201;"У-е ""ЦОВП им. Абибиллы Молдоболотова""";"Учреждение ""Центр общеврачебной практики им.Абибиллы Молдоболотова"" Чон-Алайского района";14;297;268;565;297;268;565;272;226;498;272;226;498
Ошская обл.;4170600000000000;Чон-Алайский р-н;41706259000000000;618201;"У-е ""ЦОВП им. Абибиллы Молдоболотова""";"Учреждение ""Центр общеврачебной практики им.Абибиллы Молдоболотова"" Чон-Алайского района";15;281;262;543;281;262;543;310;275;585;310;275;585
Ошская обл.;4170600000000000;Чон-Алайский р-н;41706259000000000;618201;"У-е ""ЦОВП им. Абибиллы Молдоболотова""";"Учреждение ""Центр общеврачебной практики им.Абибиллы Молдоболотова"" Чон-Алайского района";16;303;298;601;303;298;601;272;281;553;257;277;534
Ошская обл.;4170600000000000;Чон-Алайский р-н;41706259000000000;618201;"У-е ""ЦОВП им. Абибиллы Молдоболотова""";"Учреждение ""Центр общеврачебной практики им.Абибиллы Молдоболотова"" Чон-Алайского района";17;252;228;480;239;219;458;209;243;452;193;213;406
Ошская обл.;4170600000000000;Чон-Алайский р-н;41706259000000000;618201;"У-е ""ЦОВП им. Абибиллы Молдоболотова""";"Учреждение ""Центр общеврачебной практики им.Абибиллы Молдоболотова"" Чон-Алайского района";18;244;251;495;204;202;406;291;285;576;176;168;344
Ошская обл.;4170600000000000;Чон-Алайский р-н;41706259000000000;618201;"У-е ""ЦОВП им. Абибиллы Молдоболотова""";"Учреждение ""Центр общеврачебной практики им.Абибиллы Молдоболотова"" Чон-Алайского района";19;239;239;478;64;66;130;248;274;522;50;98;148
Ошская обл.;4170600000000000;Чон-Алайский р-н;41706259000000000;618201;"У-е ""ЦОВП им. Абибиллы Молдоболотова""";"Учреждение ""Центр общеврачебной практики им.Абибиллы Молдоболотова"" Чон-Алайского района";20;287;211;498;51;54;105;199;449;648;52;187;239
Ошская обл.;4170600000000000;Чон-Алайский р-н;41706259000000000;618201;"У-е ""ЦОВП им. Абибиллы Молдоболотова""";"Учреждение ""Центр общеврачебной практики им.Абибиллы Молдоболотова"" Чон-Алайского района";21;253;224;477;71;94;165;160;555;715;82;401;483
Ошская обл.;4170600000000000;Чон-Алайский р-н;41706259000000000;618201;"У-е ""ЦОВП им. Абибиллы Молдоболотова""";"Учреждение ""Центр общеврачебной практики им.Абибиллы Молдоболотова"" Чон-Алайского района";22;232;179;411;102;109;211;147;572;719;55;464;519
Ошская обл.;4170600000000000;Чон-Алайский р-н;41706259000000000;618201;"У-е ""ЦОВП им. Абибиллы Молдоболотова""";"Учреждение ""Центр общеврачебной практики им.Абибиллы Молдоболотова"" Чон-Алайского района";23;226;178;404;56;101;157;169;588;757;52;409;461
Ошская обл.;4170600000000000;Чон-Алайский р-н;41706259000000000;618201;"У-е ""ЦОВП им. Абибиллы Молдоболотова""";"Учреждение ""Центр общеврачебной практики им.Абибиллы Молдоболотова"" Чон-Алайского района";24;248;168;416;58;100;158;186;694;880;64;509;573
Ошская обл.;4170600000000000;Чон-Алайский р-н;41706259000000000;618201;"У-е ""ЦОВП им. Абибиллы Молдоболотова""";"Учреждение ""Центр общеврачебной практики им.Абибиллы Молдоболотова"" Чон-Алайского района";25;204;140;344;49;97;146;214;502;716;81;362;443
Ошская обл.;4170600000000000;Чон-Алайский р-н;41706259000000000;618201;"У-е ""ЦОВП им. Абибиллы Молдоболотова""";"Учреждение ""Центр общеврачебной практики им.Абибиллы Молдоболотова"" Чон-Алайского района";26;230;132;362;70;83;153;189;469;658;80;366;446
Ошская обл.;4170600000000000;Чон-Алайский р-н;41706259000000000;618201;"У-е ""ЦОВП им. Абибиллы Молдоболотова""";"Учреждение ""Центр общеврачебной практики им.Абибиллы Молдоболотова"" Чон-Алайского района";27;225;157;382;77;119;196;193;663;856;71;542;613
Ошская обл.;4170600000000000;Чон-Алайский р-н;41706259000000000;618201;"У-е ""ЦОВП им. Абибиллы Молдоболотова""";"Учреждение ""Центр общеврачебной практики им.Абибиллы Молдоболотова"" Чон-Алайского района";28;245;187;432;81;131;212;217;612;829;110;446;556
Ошская обл.;4170600000000000;Чон-Алайский р-н;41706259000000000;618201;"У-е ""ЦОВП им. Абибиллы Молдоболотова""";"Учреждение ""Центр общеврачебной практики им.Абибиллы Молдоболотова"" Чон-Алайского района";29;222;146;368;95;114;209;248;515;763;153;448;601
Ошская обл.;4170600000000000;Чон-Алайский р-н;41706259000000000;618201;"У-е ""ЦОВП им. Абибиллы Молдоболотова""";"Учреждение ""Центр общеврачебной практики им.Абибиллы Молдоболотова"" Чон-Алайского района";30;255;151;406;123;122;245;213;612;825;125;543;668
Ошская обл.;4170600000000000;Чон-Алайский р-н;41706259000000000;618201;"У-е ""ЦОВП им. Абибиллы Молдоболотова""";"Учреждение ""Центр общеврачебной практики им.Абибиллы Молдоболотова"" Чон-Алайского района";31;189;162;351;105;129;234;237;579;816;143;516;659
Ошская обл.;4170600000000000;Чон-Алайский р-н;41706259000000000;618201;"У-е ""ЦОВП им. Абибиллы Молдоболотова""";"Учреждение ""Центр общеврачебной практики им.Абибиллы Молдоболотова"" Чон-Алайского района";32;226;147;373;119;121;240;266;607;873;190;512;702
Ошская обл.;4170600000000000;Чон-Алайский р-н;41706259000000000;618201;"У-е ""ЦОВП им. Абибиллы Молдоболотова""";"Учреждение ""Центр общеврачебной практики им.Абибиллы Молдоболотова"" Чон-Алайского района";33;203;139;342;116;114;230;212;501;713;134;468;602
Ошская обл.;4170600000000000;Чон-Алайский р-н;41706259000000000;618201;"У-е ""ЦОВП им. Абибиллы Молдоболотова""";"Учреждение ""Центр общеврачебной практики им.Абибиллы Молдоболотова"" Чон-Алайского района";34;190;176;366;89;150;239;211;590;801;129;481;610
Ошская обл.;4170600000000000;Чон-Алайский р-н;41706259000000000;618201;"У-е ""ЦОВП им. Абибиллы Молдоболотова""";"Учреждение ""Центр общеврачебной практики им.Абибиллы Молдоболотова"" Чон-Алайского района";35;161;126;287;107;107;214;245;524;769;185;462;647
Ошская обл.;4170600000000000;Чон-Алайский р-н;41706259000000000;618201;"У-е ""ЦОВП им. Абибиллы Молдоболотова""";"Учреждение ""Центр общеврачебной практики им.Абибиллы Молдоболотова"" Чон-Алайского района";36;172;156;328;105;138;243;224;540;764;181;478;659
Ошская обл.;4170600000000000;Чон-Алайский р-н;41706259000000000;618201;"У-е ""ЦОВП им. Абибиллы Молдоболотова""";"Учреждение ""Центр общеврачебной практики им.Абибиллы Молдоболотова"" Чон-Алайского района";37;149;148;297;93;128;221;211;475;686;133;416;549
Ошская обл.;4170600000000000;Чон-Алайский р-н;41706259000000000;618201;"У-е ""ЦОВП им. Абибиллы Молдоболотова""";"Учреждение ""Центр общеврачебной практики им.Абибиллы Молдоболотова"" Чон-Алайского района";38;166;114;280;101;103;204;229;474;703;179;437;616
Ошская обл.;4170600000000000;Чон-Алайский р-н;41706259000000000;618201;"У-е ""ЦОВП им. Абибиллы Молдоболотова""";"Учреждение ""Центр общеврачебной практики им.Абибиллы Молдоболотова"" Чон-Алайского района";39;161;160;321;106;138;244;196;431;627;120;396;516
Ошская обл.;4170600000000000;Чон-Алайский р-н;41706259000000000;618201;"У-е ""ЦОВП им. Абибиллы Молдоболотова""";"Учреждение ""Центр общеврачебной практики им.Абибиллы Молдоболотова"" Чон-Алайского района";40;146;151;297;89;132;221;179;450;629;137;405;542
Ошская обл.;4170600000000000;Чон-Алайский р-н;41706259000000000;618201;"У-е ""ЦОВП им. Абибиллы Молдоболотова""";"Учреждение ""Центр общеврачебной практики им.Абибиллы Молдоболотова"" Чон-Алайского района";41;132;125;257;89;106;195;175;381;556;127;328;455
Ошская обл.;4170600000000000;Чон-Алайский р-н;41706259000000000;618201;"У-е ""ЦОВП им. Абибиллы Молдоболотова""";"Учреждение ""Центр общеврачебной практики им.Абибиллы Молдоболотова"" Чон-Алайского района";42;145;144;289;90;120;210;183;353;536;138;304;442
Ошская обл.;4170600000000000;Чон-Алайский р-н;41706259000000000;618201;"У-е ""ЦОВП им. Абибиллы Молдоболотова""";"Учреждение ""Центр общеврачебной практики им.Абибиллы Молдоболотова"" Чон-Алайского района";43;131;125;256;85;108;193;216;409;625;153;362;515
Ошская обл.;4170600000000000;Чон-Алайский р-н;41706259000000000;618201;"У-е ""ЦОВП им. Абибиллы Молдоболотова""";"Учреждение ""Центр общеврачебной практики им.Абибиллы Молдоболотова"" Чон-Алайского района";44;121;133;254;76;111;187;159;325;484;100;298;398
Ошская обл.;4170600000000000;Чон-Алайский р-н;41706259000000000;618201;"У-е ""ЦОВП им. Абибиллы Молдоболотова""";"Учреждение ""Центр общеврачебной практики им.Абибиллы Молдоболотова"" Чон-Алайского района";45;111;113;224;69;95;164;182;305;487;145;267;412
Ошская обл.;4170600000000000;Чон-Алайский р-н;41706259000000000;618201;"У-е ""ЦОВП им. Абибиллы Молдоболотова""";"Учреждение ""Центр общеврачебной практики им.Абибиллы Молдоболотова"" Чон-Алайского района";46;124;119;243;88;99;187;214;306;520;141;271;412
Ошская обл.;4170600000000000;Чон-Алайский р-н;41706259000000000;618201;"У-е ""ЦОВП им. Абибиллы Молдоболотова""";"Учреждение ""Центр общеврачебной практики им.Абибиллы Молдоболотова"" Чон-Алайского района";47;112;110;222;75;87;162;210;267;477;170;234;404
Ошская обл.;4170600000000000;Чон-Алайский р-н;41706259000000000;618201;"У-е ""ЦОВП им. Абибиллы Молдоболотова""";"Учреждение ""Центр общеврачебной практики им.Абибиллы Молдоболотова"" Чон-Алайского района";48;120;135;255;81;118;199;178;369;547;149;325;474
Ошская обл.;4170600000000000;Чон-Алайский р-н;41706259000000000;618201;"У-е ""ЦОВП им. Абибиллы Молдоболотова""";"Учреждение ""Центр общеврачебной практики им.Абибиллы Молдоболотова"" Чон-Алайского района";49;116;121;237;82;107;189;188;259;447;148;244;392
Ошская обл.;4170600000000000;Чон-Алайский р-н;41706259000000000;618201;"У-е ""ЦОВП им. Абибиллы Молдоболотова""";"Учреждение ""Центр общеврачебной практики им.Абибиллы Молдоболотова"" Чон-Алайского района";50;102;107;209;63;100;163;207;328;535;151;322;473
Ошская обл.;4170600000000000;Чон-Алайский р-н;41706259000000000;618201;"У-е ""ЦОВП им. Абибиллы Молдоболотова""";"Учреждение ""Центр общеврачебной практики им.Абибиллы Молдоболотова"" Чон-Алайского района";51;109;111;220;75;104;179;157;210;367;126;198;324
Ошская обл.;4170600000000000;Чон-Алайский р-н;41706259000000000;618201;"У-е ""ЦОВП им. Абибиллы Молдоболотова""";"Учреждение ""Центр общеврачебной практики им.Абибиллы Молдоболотова"" Чон-Алайского района";52;94;98;192;69;94;163;179;309;488;127;305;432
Ошская обл.;4170600000000000;Чон-Алайский р-н;41706259000000000;618201;"У-е ""ЦОВП им. Абибиллы Молдоболотова""";"Учреждение ""Центр общеврачебной практики им.Абибиллы Молдоболотова"" Чон-Алайского района";53;106;109;215;73;103;176;129;288;417;100;273;373
Ошская обл.;4170600000000000;Чон-Алайский р-н;41706259000000000;618201;"У-е ""ЦОВП им. Абибиллы Молдоболотова""";"Учреждение ""Центр общеврачебной практики им.Абибиллы Молдоболотова"" Чон-Алайского района";54;76;80;156;51;78;129;192;205;397;132;196;328
Ошская обл.;4170600000000000;Чон-Алайский р-н;41706259000000000;618201;"У-е ""ЦОВП им. Абибиллы Молдоболотова""";"Учреждение ""Центр общеврачебной практики им.Абибиллы Молдоболотова"" Чон-Алайского района";55;90;108;198;65;104;169;208;237;445;165;232;397
Ошская обл.;4170600000000000;Чон-Алайский р-н;41706259000000000;618201;"У-е ""ЦОВП им. Абибиллы Молдоболотова""";"Учреждение ""Центр общеврачебной практики им.Абибиллы Молдоболотова"" Чон-Алайского района";56;99;85;184;81;84;165;190;219;409;165;210;375
Ошская обл.;4170600000000000;Чон-Алайский р-н;41706259000000000;618201;"У-е ""ЦОВП им. Абибиллы Молдоболотова""";"Учреждение ""Центр общеврачебной практики им.Абибиллы Молдоболотова"" Чон-Алайского района";57;78;96;174;62;94;156;170;219;389;161;214;375
Ошская обл.;4170600000000000;Чон-Алайский р-н;41706259000000000;618201;"У-е ""ЦОВП им. Абибиллы Молдоболотова""";"Учреждение ""Центр общеврачебной практики им.Абибиллы Молдоболотова"" Чон-Алайского района";58;79;74;153;72;73;145;191;180;371;188;179;367
Ошская обл.;4170600000000000;Чон-Алайский р-н;41706259000000000;618201;"У-е ""ЦОВП им. Абибиллы Молдоболотова""";"Учреждение ""Центр общеврачебной практики им.Абибиллы Молдоболотова"" Чон-Алайского района";59;86;96;182;82;95;177;165;233;398;162;225;387
Ошская обл.;4170600000000000;Чон-Алайский р-н;41706259000000000;618201;"У-е ""ЦОВП им. Абибиллы Молдоболотова""";"Учреждение ""Центр общеврачебной практики им.Абибиллы Молдоболотова"" Чон-Алайского района";60;87;78;165;84;77;161;194;181;375;191;176;367
Ошская обл.;4170600000000000;Чон-Алайский р-н;41706259000000000;618201;"У-е ""ЦОВП им. Абибиллы Молдоболотова""";"Учреждение ""Центр общеврачебной практики им.Абибиллы Молдоболотова"" Чон-Алайского района";61;80;91;171;79;86;165;192;200;392;190;191;381
Ошская обл.;4170600000000000;Чон-Алайский р-н;41706259000000000;618201;"У-е ""ЦОВП им. Абибиллы Молдоболотова""";"Учреждение ""Центр общеврачебной практики им.Абибиллы Молдоболотова"" Чон-Алайского района";62;80;73;153;79;72;151;138;201;339;136;190;326
Ошская обл.;4170600000000000;Чон-Алайский р-н;41706259000000000;618201;"У-е ""ЦОВП им. Абибиллы Молдоболотова""";"Учреждение ""Центр общеврачебной практики им.Абибиллы Молдоболотова"" Чон-Алайского района";63;78;89;167;75;86;161;100;193;293;93;191;284
Ошская обл.;4170600000000000;Чон-Алайский р-н;41706259000000000;618201;"У-е ""ЦОВП им. Абибиллы Молдоболотова""";"Учреждение ""Центр общеврачебной практики им.Абибиллы Молдоболотова"" Чон-Алайского района";64;69;70;139;64;70;134;111;173;284;105;170;275
Ошская обл.;4170600000000000;Чон-Алайский р-н;41706259000000000;618201;"У-е ""ЦОВП им. Абибиллы Молдоболотова""";"Учреждение ""Центр общеврачебной практики им.Абибиллы Молдоболотова"" Чон-Алайского района";65;64;76;140;63;71;134;121;192;313;112;184;296
Ошская обл.;4170600000000000;Чон-Алайский р-н;41706259000000000;618201;"У-е ""ЦОВП им. Абибиллы Молдоболотова""";"Учреждение ""Центр общеврачебной практики им.Абибиллы Молдоболотова"" Чон-Алайского района";66;64;66;130;61;63;124;125;116;241;123;107;230
Ошская обл.;4170600000000000;Чон-Алайский р-н;41706259000000000;618201;"У-е ""ЦОВП им. Абибиллы Молдоболотова""";"Учреждение ""Центр общеврачебной практики им.Абибиллы Молдоболотова"" Чон-Алайского района";67;42;53;95;41;53;94;130;157;287;122;150;272
Ошская обл.;4170600000000000;Чон-Алайский р-н;41706259000000000;618201;"У-е ""ЦОВП им. Абибиллы Молдоболотова""";"Учреждение ""Центр общеврачебной практики им.Абибиллы Молдоболотова"" Чон-Алайского района";68;56;65;121;55;61;116;98;123;221;96;116;212
Ошская обл.;4170600000000000;Чон-Алайский р-н;41706259000000000;618201;"У-е ""ЦОВП им. Абибиллы Молдоболотова""";"Учреждение ""Центр общеврачебной практики им.Абибиллы Молдоболотова"" Чон-Алайского района";69;42;46;88;41;46;87;83;123;206;78;123;201
Ошская обл.;4170600000000000;Чон-Алайский р-н;41706259000000000;618201;"У-е ""ЦОВП им. Абибиллы Молдоболотова""";"Учреждение ""Центр общеврачебной практики им.Абибиллы Молдоболотова"" Чон-Алайского района";70;37;41;78;36;41;77;79;122;201;71;122;193
Ошская обл.;4170600000000000;Чон-Алайский р-н;41706259000000000;618201;"У-е ""ЦОВП им. Абибиллы Молдоболотова""";"Учреждение ""Центр общеврачебной практики им.Абибиллы Молдоболотова"" Чон-Алайского района";71;32;40;72;30;40;70;87;100;187;79;100;179
Ошская обл.;4170600000000000;Чон-Алайский р-н;41706259000000000;618201;"У-е ""ЦОВП им. Абибиллы Молдоболотова""";"Учреждение ""Центр общеврачебной практики им.Абибиллы Молдоболотова"" Чон-Алайского района";72;36;30;66;33;29;62;52;105;157;52;105;157
Ошская обл.;4170600000000000;Чон-Алайский р-н;41706259000000000;618201;"У-е ""ЦОВП им. Абибиллы Молдоболотова""";"Учреждение ""Центр общеврачебной практики им.Абибиллы Молдоболотова"" Чон-Алайского района";73;24;37;61;24;36;60;88;120;208;86;120;206
Ошская обл.;4170600000000000;Чон-Алайский р-н;41706259000000000;618201;"У-е ""ЦОВП им. Абибиллы Молдоболотова""";"Учреждение ""Центр общеврачебной практики им.Абибиллы Молдоболотова"" Чон-Алайского района";74;32;32;64;31;32;63;61;76;137;60;74;134
Ошская обл.;4170600000000000;Чон-Алайский р-н;41706259000000000;618201;"У-е ""ЦОВП им. Абибиллы Молдоболотова""";"Учреждение ""Центр общеврачебной практики им.Абибиллы Молдоболотова"" Чон-Алайского района";75;19;28;47;19;28;47;50;82;132;50;82;132
Ошская обл.;4170600000000000;Чон-Алайский р-н;41706259000000000;618201;"У-е ""ЦОВП им. Абибиллы Молдоболотова""";"Учреждение ""Центр общеврачебной практики им.Абибиллы Молдоболотова"" Чон-Алайского района";76;28;27;55;28;27;55;50;53;103;50;53;103
Ошская обл.;4170600000000000;Чон-Алайский р-н;41706259000000000;618201;"У-е ""ЦОВП им. Абибиллы Молдоболотова""";"Учреждение ""Центр общеврачебной практики им.Абибиллы Молдоболотова"" Чон-Алайского района";77;9;16;25;9;15;24;19;20;39;19;20;39
Ошская обл.;4170600000000000;Чон-Алайский р-н;41706259000000000;618201;"У-е ""ЦОВП им. Абибиллы Молдоболотова""";"Учреждение ""Центр общеврачебной практики им.Абибиллы Молдоболотова"" Чон-Алайского района";78;13;12;25;13;12;25;22;30;52;22;30;52
Ошская обл.;4170600000000000;Чон-Алайский р-н;41706259000000000;618201;"У-е ""ЦОВП им. Абибиллы Молдоболотова""";"Учреждение ""Центр общеврачебной практики им.Абибиллы Молдоболотова"" Чон-Алайского района";79;12;14;26;11;14;25;14;22;36;14;22;36
Ошская обл.;4170600000000000;Чон-Алайский р-н;41706259000000000;618201;"У-е ""ЦОВП им. Абибиллы Молдоболотова""";"Учреждение ""Центр общеврачебной практики им.Абибиллы Молдоболотова"" Чон-Алайского района";80;6;4;10;5;4;9;10;24;34;8;24;32
Ошская обл.;4170600000000000;Чон-Алайский р-н;41706259000000000;618201;"У-е ""ЦОВП им. Абибиллы Молдоболотова""";"Учреждение ""Центр общеврачебной практики им.Абибиллы Молдоболотова"" Чон-Алайского района";81;6;6;12;6;6;12;21;25;46;21;25;46
Ошская обл.;4170600000000000;Чон-Алайский р-н;41706259000000000;618201;"У-е ""ЦОВП им. Абибиллы Молдоболотова""";"Учреждение ""Центр общеврачебной практики им.Абибиллы Молдоболотова"" Чон-Алайского района";82;12;12;24;11;12;23;27;10;37;23;10;33
Ошская обл.;4170600000000000;Чон-Алайский р-н;41706259000000000;618201;"У-е ""ЦОВП им. Абибиллы Молдоболотова""";"Учреждение ""Центр общеврачебной практики им.Абибиллы Молдоболотова"" Чон-Алайского района";83;8;2;10;8;2;10;43;23;66;43;23;66
Ошская обл.;4170600000000000;Чон-Алайский р-н;41706259000000000;618201;"У-е ""ЦОВП им. Абибиллы Молдоболотова""";"Учреждение ""Центр общеврачебной практики им.Абибиллы Молдоболотова"" Чон-Алайского района";84;8;25;33;8;25;33;19;40;59;19;40;59
Ошская обл.;4170600000000000;Чон-Алайский р-н;41706259000000000;618201;"У-е ""ЦОВП им. Абибиллы Молдоболотова""";"Учреждение ""Центр общеврачебной практики им.Абибиллы Молдоболотова"" Чон-Алайского района";85;9;4;13;8;4;12;26;11;37;26;11;37
Ошская обл.;4170600000000000;Чон-Алайский р-н;41706259000000000;618201;"У-е ""ЦОВП им. Абибиллы Молдоболотова""";"Учреждение ""Центр общеврачебной практики им.Абибиллы Молдоболотова"" Чон-Алайского района";86;4;8;12;4;8;12;35;13;48;35;13;48
Ошская обл.;4170600000000000;Чон-Алайский р-н;41706259000000000;618201;"У-е ""ЦОВП им. Абибиллы Молдоболотова""";"Учреждение ""Центр общеврачебной практики им.Абибиллы Молдоболотова"" Чон-Алайского района";87;6;5;11;6;5;11;32;18;50;32;18;50
Ошская обл.;4170600000000000;Чон-Алайский р-н;41706259000000000;618201;"У-е ""ЦОВП им. Абибиллы Молдоболотова""";"Учреждение ""Центр общеврачебной практики им.Абибиллы Молдоболотова"" Чон-Алайского района";88;5;7;12;5;6;11;14;30;44;14;29;43
Ошская обл.;4170600000000000;Чон-Алайский р-н;41706259000000000;618201;"У-е ""ЦОВП им. Абибиллы Молдоболотова""";"Учреждение ""Центр общеврачебной практики им.Абибиллы Молдоболотова"" Чон-Алайского района";89;3;8;11;3;8;11;2;12;14;2;12;14
Ошская обл.;4170600000000000;Чон-Алайский р-н;41706259000000000;618201;"У-е ""ЦОВП им. Абибиллы Молдоболотова""";"Учреждение ""Центр общеврачебной практики им.Абибиллы Молдоболотова"" Чон-Алайского района";90;4;6;10;4;6;10;4;12;16;4;8;12
Ошская обл.;4170600000000000;Чон-Алайский р-н;41706259000000000;618201;"У-е ""ЦОВП им. Абибиллы Молдоболотова""";"Учреждение ""Центр общеврачебной практики им.Абибиллы Молдоболотова"" Чон-Алайского района";91;1;3;4;1;2;3;1;1;2;1;0;1
Ошская обл.;4170600000000000;Чон-Алайский р-н;41706259000000000;618201;"У-е ""ЦОВП им. Абибиллы Молдоболотова""";"Учреждение ""Центр общеврачебной практики им.Абибиллы Молдоболотова"" Чон-Алайского района";92;2;2;4;2;2;4;5;2;7;5;2;7
Ошская обл.;4170600000000000;Чон-Алайский р-н;41706259000000000;618201;"У-е ""ЦОВП им. Абибиллы Молдоболотова""";"Учреждение ""Центр общеврачебной практики им.Абибиллы Молдоболотова"" Чон-Алайского района";93;2;0;2;2;0;2;3;5;8;3;5;8
Ошская обл.;4170600000000000;Чон-Алайский р-н;41706259000000000;618201;"У-е ""ЦОВП им. Абибиллы Молдоболотова""";"Учреждение ""Центр общеврачебной практики им.Абибиллы Молдоболотова"" Чон-Алайского района";94;1;4;5;1;3;4;2;5;7;2;5;7
Ошская обл.;4170600000000000;Чон-Алайский р-н;41706259000000000;618201;"У-е ""ЦОВП им. Абибиллы Молдоболотова""";"Учреждение ""Центр общеврачебной практики им.Абибиллы Молдоболотова"" Чон-Алайского района";95;0;1;1;0;1;1;4;0;4;4;0;4
Ошская обл.;4170600000000000;Чон-Алайский р-н;41706259000000000;618201;"У-е ""ЦОВП им. Абибиллы Молдоболотова""";"Учреждение ""Центр общеврачебной практики им.Абибиллы Молдоболотова"" Чон-Алайского района";96;2;0;2;2;0;2;2;0;2;2;0;2
Ошская обл.;4170600000000000;Чон-Алайский р-н;41706259000000000;618201;"У-е ""ЦОВП им. Абибиллы Молдоболотова""";"Учреждение ""Центр общеврачебной практики им.Абибиллы Молдоболотова"" Чон-Алайского района";97;1;0;1;1;0;1;1;0;1;1;0;1
Ошская обл.;4170600000000000;Чон-Алайский р-н;41706259000000000;618201;"У-е ""ЦОВП им. Абибиллы Молдоболотова""";"Учреждение ""Центр общеврачебной практики им.Абибиллы Молдоболотова"" Чон-Алайского района";99;0;0;0;0;0;0;1;0;1;1;0;1
Ошская обл.;4170600000000000;Узгенский р-н;41706255000000000;618151;"У-е ""ЦОВП им. Ж. Токторбаева""";"Учреждение ""Куршабский  центр общеврачебный практики им. Ж. Токторбаева""";0;552;539;1091;552;539;1091;3581;3255;6836;3581;3255;6836
Ошская обл.;4170600000000000;Узгенский р-н;41706255000000000;618151;"У-е ""ЦОВП им. Ж. Токторбаева""";"Учреждение ""Куршабский  центр общеврачебный практики им. Ж. Токторбаева""";1;730;692;1422;730;692;1422;1656;1454;3110;1656;1454;3110
Ошская обл.;4170600000000000;Узгенский р-н;41706255000000000;618151;"У-е ""ЦОВП им. Ж. Токторбаева""";"Учреждение ""Куршабский  центр общеврачебный практики им. Ж. Токторбаева""";2;709;727;1436;709;727;1436;1233;1203;2436;1233;1203;2436
Ошская обл.;4170600000000000;Узгенский р-н;41706255000000000;618151;"У-е ""ЦОВП им. Ж. Токторбаева""";"Учреждение ""Куршабский  центр общеврачебный практики им. Ж. Токторбаева""";3;751;733;1484;751;733;1484;841;694;1535;841;694;1535
Ошская обл.;4170600000000000;Узгенский р-н;41706255000000000;618151;"У-е ""ЦОВП им. Ж. Токторбаева""";"Учреждение ""Куршабский  центр общеврачебный практики им. Ж. Токторбаева""";4;708;754;1462;708;754;1462;700;757;1457;700;757;1457
Ошская обл.;4170600000000000;Узгенский р-н;41706255000000000;618151;"У-е ""ЦОВП им. Ж. Токторбаева""";"Учреждение ""Куршабский  центр общеврачебный практики им. Ж. Токторбаева""";5;770;724;1494;770;724;1494;691;748;1439;691;748;1439
Ошская обл.;4170600000000000;Узгенский р-н;41706255000000000;618151;"У-е ""ЦОВП им. Ж. Токторбаева""";"Учреждение ""Куршабский  центр общеврачебный практики им. Ж. Токторбаева""";6;745;764;1509;745;764;1509;773;720;1493;773;720;1493
Ошская обл.;4170600000000000;Узгенский р-н;41706255000000000;618151;"У-е ""ЦОВП им. Ж. Токторбаева""";"Учреждение ""Куршабский  центр общеврачебный практики им. Ж. Токторбаева""";7;702;629;1331;702;629;1331;355;298;653;355;298;653
Ошская обл.;4170600000000000;Узгенский р-н;41706255000000000;618151;"У-е ""ЦОВП им. Ж. Токторбаева""";"Учреждение ""Куршабский  центр общеврачебный практики им. Ж. Токторбаева""";8;690;599;1289;690;599;1289;288;301;589;288;301;589
Ошская обл.;4170600000000000;Узгенский р-н;41706255000000000;618151;"У-е ""ЦОВП им. Ж. Токторбаева""";"Учреждение ""Куршабский  центр общеврачебный практики им. Ж. Токторбаева""";9;586;594;1180;586;594;1180;207;261;468;207;261;468
Ошская обл.;4170600000000000;Узгенский р-н;41706255000000000;618151;"У-е ""ЦОВП им. Ж. Токторбаева""";"Учреждение ""Куршабский  центр общеврачебный практики им. Ж. Токторбаева""";10;611;584;1195;611;584;1195;253;293;546;253;293;546
Ошская обл.;4170600000000000;Узгенский р-н;41706255000000000;618151;"У-е ""ЦОВП им. Ж. Токторбаева""";"Учреждение ""Куршабский  центр общеврачебный практики им. Ж. Токторбаева""";11;609;634;1243;609;634;1243;215;241;456;215;241;456
Ошская обл.;4170600000000000;Узгенский р-н;41706255000000000;618151;"У-е ""ЦОВП им. Ж. Токторбаева""";"Учреждение ""Куршабский  центр общеврачебный практики им. Ж. Токторбаева""";12;586;547;1133;586;547;1133;233;195;428;233;195;428
Ошская обл.;4170600000000000;Узгенский р-н;41706255000000000;618151;"У-е ""ЦОВП им. Ж. Токторбаева""";"Учреждение ""Куршабский  центр общеврачебный практики им. Ж. Токторбаева""";13;598;561;1159;598;561;1159;232;223;455;232;223;455
Ошская обл.;4170600000000000;Узгенский р-н;41706255000000000;618151;"У-е ""ЦОВП им. Ж. Токторбаева""";"Учреждение ""Куршабский  центр общеврачебный практики им. Ж. Токторбаева""";14;642;648;1290;642;648;1290;217;233;450;217;233;450
Ошская обл.;4170600000000000;Узгенский р-н;41706255000000000;618151;"У-е ""ЦОВП им. Ж. Токторбаева""";"Учреждение ""Куршабский  центр общеврачебный практики им. Ж. Токторбаева""";15;561;550;1111;561;550;1111;217;231;448;217;231;448
Ошская обл.;4170600000000000;Узгенский р-н;41706255000000000;618151;"У-е ""ЦОВП им. Ж. Токторбаева""";"Учреждение ""Куршабский  центр общеврачебный практики им. Ж. Токторбаева""";16;539;490;1029;539;490;1029;158;193;351;153;184;337
Ошская обл.;4170600000000000;Узгенский р-н;41706255000000000;618151;"У-е ""ЦОВП им. Ж. Токторбаева""";"Учреждение ""Куршабский  центр общеврачебный практики им. Ж. Токторбаева""";17;498;516;1014;440;449;889;221;257;478;202;206;408
Ошская обл.;4170600000000000;Узгенский р-н;41706255000000000;618151;"У-е ""ЦОВП им. Ж. Токторбаева""";"Учреждение ""Куршабский  центр общеврачебный практики им. Ж. Токторбаева""";18;501;527;1028;438;461;899;177;376;553;109;248;357
Ошская обл.;4170600000000000;Узгенский р-н;41706255000000000;618151;"У-е ""ЦОВП им. Ж. Токторбаева""";"Учреждение ""Куршабский  центр общеврачебный практики им. Ж. Токторбаева""";19;517;502;1019;92;92;184;166;435;601;28;72;100
Ошская обл.;4170600000000000;Узгенский р-н;41706255000000000;618151;"У-е ""ЦОВП им. Ж. Токторбаева""";"Учреждение ""Куршабский  центр общеврачебный практики им. Ж. Токторбаева""";20;498;461;959;9;34;43;135;493;628;25;105;130
Ошская обл.;4170600000000000;Узгенский р-н;41706255000000000;618151;"У-е ""ЦОВП им. Ж. Токторбаева""";"Учреждение ""Куршабский  центр общеврачебный практики им. Ж. Токторбаева""";21;452;499;951;17;55;72;107;653;760;22;190;212
Ошская обл.;4170600000000000;Узгенский р-н;41706255000000000;618151;"У-е ""ЦОВП им. Ж. Токторбаева""";"Учреждение ""Куршабский  центр общеврачебный практики им. Ж. Токторбаева""";22;447;424;871;18;65;83;125;615;740;23;184;207
Ошская обл.;4170600000000000;Узгенский р-н;41706255000000000;618151;"У-е ""ЦОВП им. Ж. Токторбаева""";"Учреждение ""Куршабский  центр общеврачебный практики им. Ж. Токторбаева""";23;451;405;856;22;79;101;128;483;611;13;161;174
Ошская обл.;4170600000000000;Узгенский р-н;41706255000000000;618151;"У-е ""ЦОВП им. Ж. Токторбаева""";"Учреждение ""Куршабский  центр общеврачебный практики им. Ж. Токторбаева""";24;394;389;783;25;104;129;94;696;790;10;271;281
Ошская обл.;4170600000000000;Узгенский р-н;41706255000000000;618151;"У-е ""ЦОВП им. Ж. Токторбаева""";"Учреждение ""Куршабский  центр общеврачебный практики им. Ж. Токторбаева""";25;434;426;860;32;117;149;117;721;838;23;311;334
Ошская обл.;4170600000000000;Узгенский р-н;41706255000000000;618151;"У-е ""ЦОВП им. Ж. Токторбаева""";"Учреждение ""Куршабский  центр общеврачебный практики им. Ж. Токторбаева""";26;521;488;1009;54;182;236;159;647;806;22;358;380
Ошская обл.;4170600000000000;Узгенский р-н;41706255000000000;618151;"У-е ""ЦОВП им. Ж. Токторбаева""";"Учреждение ""Куршабский  центр общеврачебный практики им. Ж. Токторбаева""";27;471;465;936;53;185;238;197;734;931;46;403;449
Ошская обл.;4170600000000000;Узгенский р-н;41706255000000000;618151;"У-е ""ЦОВП им. Ж. Токторбаева""";"Учреждение ""Куршабский  центр общеврачебный практики им. Ж. Токторбаева""";28;506;475;981;70;200;270;193;822;1015;56;452;508
Ошская обл.;4170600000000000;Узгенский р-н;41706255000000000;618151;"У-е ""ЦОВП им. Ж. Токторбаева""";"Учреждение ""Куршабский  центр общеврачебный практики им. Ж. Токторбаева""";29;493;489;982;102;227;329;153;689;842;57;460;517
Ошская обл.;4170600000000000;Узгенский р-н;41706255000000000;618151;"У-е ""ЦОВП им. Ж. Токторбаева""";"Учреждение ""Куршабский  центр общеврачебный практики им. Ж. Токторбаева""";30;505;498;1003;234;293;527;162;837;999;107;562;669
Ошская обл.;4170600000000000;Узгенский р-н;41706255000000000;618151;"У-е ""ЦОВП им. Ж. Токторбаева""";"Учреждение ""Куршабский  центр общеврачебный практики им. Ж. Токторбаева""";31;511;508;1019;276;315;591;200;772;972;137;551;688
Ошская обл.;4170600000000000;Узгенский р-н;41706255000000000;618151;"У-е ""ЦОВП им. Ж. Токторбаева""";"Учреждение ""Куршабский  центр общеврачебный практики им. Ж. Токторбаева""";32;569;536;1105;303;371;674;237;795;1032;156;605;761
Ошская обл.;4170600000000000;Узгенский р-н;41706255000000000;618151;"У-е ""ЦОВП им. Ж. Токторбаева""";"Учреждение ""Куршабский  центр общеврачебный практики им. Ж. Токторбаева""";33;550;490;1040;297;329;626;218;730;948;156;579;735
Ошская обл.;4170600000000000;Узгенский р-н;41706255000000000;618151;"У-е ""ЦОВП им. Ж. Токторбаева""";"Учреждение ""Куршабский  центр общеврачебный практики им. Ж. Токторбаева""";34;544;509;1053;305;344;649;225;716;941;143;522;665
Ошская обл.;4170600000000000;Узгенский р-н;41706255000000000;618151;"У-е ""ЦОВП им. Ж. Токторбаева""";"Учреждение ""Куршабский  центр общеврачебный практики им. Ж. Токторбаева""";35;501;438;939;278;306;584;243;555;798;173;451;624
Ошская обл.;4170600000000000;Узгенский р-н;41706255000000000;618151;"У-е ""ЦОВП им. Ж. Токторбаева""";"Учреждение ""Куршабский  центр общеврачебный практики им. Ж. Токторбаева""";36;518;452;970;321;313;634;212;586;798;140;433;573
Ошская обл.;4170600000000000;Узгенский р-н;41706255000000000;618151;"У-е ""ЦОВП им. Ж. Токторбаева""";"Учреждение ""Куршабский  центр общеврачебный практики им. Ж. Токторбаева""";37;474;456;930;304;318;622;201;518;719;149;366;515
Ошская обл.;4170600000000000;Узгенский р-н;41706255000000000;618151;"У-е ""ЦОВП им. Ж. Токторбаева""";"Учреждение ""Куршабский  центр общеврачебный практики им. Ж. Токторбаева""";38;446;399;845;271;278;549;148;425;573;107;317;424
Ошская обл.;4170600000000000;Узгенский р-н;41706255000000000;618151;"У-е ""ЦОВП им. Ж. Токторбаева""";"Учреждение ""Куршабский  центр общеврачебный практики им. Ж. Токторбаева""";39;393;374;767;246;266;512;169;359;528;119;275;394
Ошская обл.;4170600000000000;Узгенский р-н;41706255000000000;618151;"У-е ""ЦОВП им. Ж. Токторбаева""";"Учреждение ""Куршабский  центр общеврачебный практики им. Ж. Токторбаева""";40;385;349;734;238;251;489;152;330;482;108;262;370
Ошская обл.;4170600000000000;Узгенский р-н;41706255000000000;618151;"У-е ""ЦОВП им. Ж. Токторбаева""";"Учреждение ""Куршабский  центр общеврачебный практики им. Ж. Токторбаева""";41;354;329;683;213;234;447;193;315;508;140;259;399
Ошская обл.;4170600000000000;Узгенский р-н;41706255000000000;618151;"У-е ""ЦОВП им. Ж. Токторбаева""";"Учреждение ""Куршабский  центр общеврачебный практики им. Ж. Токторбаева""";42;310;322;632;186;220;406;148;303;451;77;236;313
Ошская обл.;4170600000000000;Узгенский р-н;41706255000000000;618151;"У-е ""ЦОВП им. Ж. Токторбаева""";"Учреждение ""Куршабский  центр общеврачебный практики им. Ж. Токторбаева""";43;293;304;597;158;208;366;145;337;482;91;290;381
Ошская обл.;4170600000000000;Узгенский р-н;41706255000000000;618151;"У-е ""ЦОВП им. Ж. Токторбаева""";"Учреждение ""Куршабский  центр общеврачебный практики им. Ж. Токторбаева""";44;254;286;540;147;190;337;139;260;399;103;209;312
Ошская обл.;4170600000000000;Узгенский р-н;41706255000000000;618151;"У-е ""ЦОВП им. Ж. Токторбаева""";"Учреждение ""Куршабский  центр общеврачебный практики им. Ж. Токторбаева""";45;263;287;550;134;178;312;138;247;385;64;181;245
Ошская обл.;4170600000000000;Узгенский р-н;41706255000000000;618151;"У-е ""ЦОВП им. Ж. Токторбаева""";"Учреждение ""Куршабский  центр общеврачебный практики им. Ж. Токторбаева""";46;276;236;512;146;133;279;144;254;398;87;191;278
Ошская обл.;4170600000000000;Узгенский р-н;41706255000000000;618151;"У-е ""ЦОВП им. Ж. Токторбаева""";"Учреждение ""Куршабский  центр общеврачебный практики им. Ж. Токторбаева""";47;248;246;494;119;154;273;147;213;360;94;147;241
Ошская обл.;4170600000000000;Узгенский р-н;41706255000000000;618151;"У-е ""ЦОВП им. Ж. Токторбаева""";"Учреждение ""Куршабский  центр общеврачебный практики им. Ж. Токторбаева""";48;287;231;518;143;128;271;121;234;355;64;161;225
Ошская обл.;4170600000000000;Узгенский р-н;41706255000000000;618151;"У-е ""ЦОВП им. Ж. Токторбаева""";"Учреждение ""Куршабский  центр общеврачебный практики им. Ж. Токторбаева""";49;231;218;449;98;120;218;136;288;424;91;171;262
Ошская обл.;4170600000000000;Узгенский р-н;41706255000000000;618151;"У-е ""ЦОВП им. Ж. Токторбаева""";"Учреждение ""Куршабский  центр общеврачебный практики им. Ж. Токторбаева""";50;221;231;452;108;126;234;102;262;364;52;190;242
Ошская обл.;4170600000000000;Узгенский р-н;41706255000000000;618151;"У-е ""ЦОВП им. Ж. Токторбаева""";"Учреждение ""Куршабский  центр общеврачебный практики им. Ж. Токторбаева""";51;248;236;484;114;116;230;136;258;394;84;193;277
Ошская обл.;4170600000000000;Узгенский р-н;41706255000000000;618151;"У-е ""ЦОВП им. Ж. Токторбаева""";"Учреждение ""Куршабский  центр общеврачебный практики им. Ж. Токторбаева""";52;239;251;490;115;137;252;170;308;478;58;201;259
Ошская обл.;4170600000000000;Узгенский р-н;41706255000000000;618151;"У-е ""ЦОВП им. Ж. Токторбаева""";"Учреждение ""Куршабский  центр общеврачебный практики им. Ж. Токторбаева""";53;227;232;459;90;130;220;164;336;500;86;251;337
Ошская обл.;4170600000000000;Узгенский р-н;41706255000000000;618151;"У-е ""ЦОВП им. Ж. Токторбаева""";"Учреждение ""Куршабский  центр общеврачебный практики им. Ж. Токторбаева""";54;243;242;485;109;146;255;186;367;553;92;289;381
Ошская обл.;4170600000000000;Узгенский р-н;41706255000000000;618151;"У-е ""ЦОВП им. Ж. Токторбаева""";"Учреждение ""Куршабский  центр общеврачебный практики им. Ж. Токторбаева""";55;231;232;463;110;141;251;170;411;581;88;284;372
Ошская обл.;4170600000000000;Узгенский р-н;41706255000000000;618151;"У-е ""ЦОВП им. Ж. Токторбаева""";"Учреждение ""Куршабский  центр общеврачебный практики им. Ж. Токторбаева""";56;219;228;447;97;140;237;138;444;582;74;310;384
Ошская обл.;4170600000000000;Узгенский р-н;41706255000000000;618151;"У-е ""ЦОВП им. Ж. Токторбаева""";"Учреждение ""Куршабский  центр общеврачебный практики им. Ж. Токторбаева""";57;225;242;467;126;158;284;225;453;678;156;360;516
Ошская обл.;4170600000000000;Узгенский р-н;41706255000000000;618151;"У-е ""ЦОВП им. Ж. Токторбаева""";"Учреждение ""Куршабский  центр общеврачебный практики им. Ж. Токторбаева""";58;218;246;464;109;182;291;185;425;610;124;349;473
Ошская обл.;4170600000000000;Узгенский р-н;41706255000000000;618151;"У-е ""ЦОВП им. Ж. Токторбаева""";"Учреждение ""Куршабский  центр общеврачебный практики им. Ж. Токторбаева""";59;223;253;476;128;172;300;256;471;727;162;408;570
Ошская обл.;4170600000000000;Узгенский р-н;41706255000000000;618151;"У-е ""ЦОВП им. Ж. Токторбаева""";"Учреждение ""Куршабский  центр общеврачебный практики им. Ж. Токторбаева""";60;203;237;440;123;178;301;231;511;742;158;454;612
Ошская обл.;4170600000000000;Узгенский р-н;41706255000000000;618151;"У-е ""ЦОВП им. Ж. Токторбаева""";"Учреждение ""Куршабский  центр общеврачебный практики им. Ж. Токторбаева""";61;228;251;479;148;187;335;259;538;797;205;480;685
Ошская обл.;4170600000000000;Узгенский р-н;41706255000000000;618151;"У-е ""ЦОВП им. Ж. Токторбаева""";"Учреждение ""Куршабский  центр общеврачебный практики им. Ж. Токторбаева""";62;233;271;504;172;228;400;317;500;817;249;428;677
Ошская обл.;4170600000000000;Узгенский р-н;41706255000000000;618151;"У-е ""ЦОВП им. Ж. Токторбаева""";"Учреждение ""Куршабский  центр общеврачебный практики им. Ж. Токторбаева""";63;232;261;493;173;217;390;264;442;706;229;387;616
Ошская обл.;4170600000000000;Узгенский р-н;41706255000000000;618151;"У-е ""ЦОВП им. Ж. Токторбаева""";"Учреждение ""Куршабский  центр общеврачебный практики им. Ж. Токторбаева""";64;191;224;415;142;192;334;235;468;703;212;437;649
Ошская обл.;4170600000000000;Узгенский р-н;41706255000000000;618151;"У-е ""ЦОВП им. Ж. Токторбаева""";"Учреждение ""Куршабский  центр общеврачебный практики им. Ж. Токторбаева""";65;159;191;350;123;181;304;220;512;732;194;499;693
Ошская обл.;4170600000000000;Узгенский р-н;41706255000000000;618151;"У-е ""ЦОВП им. Ж. Токторбаева""";"Учреждение ""Куршабский  центр общеврачебный практики им. Ж. Токторбаева""";66;179;237;416;166;232;398;200;533;733;193;527;720
Ошская обл.;4170600000000000;Узгенский р-н;41706255000000000;618151;"У-е ""ЦОВП им. Ж. Токторбаева""";"Учреждение ""Куршабский  центр общеврачебный практики им. Ж. Токторбаева""";67;121;195;316;115;187;302;262;467;729;251;467;718
Ошская обл.;4170600000000000;Узгенский р-н;41706255000000000;618151;"У-е ""ЦОВП им. Ж. Токторбаева""";"Учреждение ""Куршабский  центр общеврачебный практики им. Ж. Токторбаева""";68;152;172;324;143;172;315;215;363;578;207;363;570
Ошская обл.;4170600000000000;Узгенский р-н;41706255000000000;618151;"У-е ""ЦОВП им. Ж. Токторбаева""";"Учреждение ""Куршабский  центр общеврачебный практики им. Ж. Токторбаева""";69;126;139;265;117;136;253;141;383;524;136;381;517
Ошская обл.;4170600000000000;Узгенский р-н;41706255000000000;618151;"У-е ""ЦОВП им. Ж. Токторбаева""";"Учреждение ""Куршабский  центр общеврачебный практики им. Ж. Токторбаева""";70;106;135;241;97;133;230;165;279;444;161;278;439
Ошская обл.;4170600000000000;Узгенский р-н;41706255000000000;618151;"У-е ""ЦОВП им. Ж. Токторбаева""";"Учреждение ""Куршабский  центр общеврачебный практики им. Ж. Токторбаева""";71;91;116;207;84;110;194;140;208;348;136;206;342
Ошская обл.;4170600000000000;Узгенский р-н;41706255000000000;618151;"У-е ""ЦОВП им. Ж. Токторбаева""";"Учреждение ""Куршабский  центр общеврачебный практики им. Ж. Токторбаева""";72;83;105;188;73;102;175;132;204;336;128;200;328
Ошская обл.;4170600000000000;Узгенский р-н;41706255000000000;618151;"У-е ""ЦОВП им. Ж. Токторбаева""";"Учреждение ""Куршабский  центр общеврачебный практики им. Ж. Токторбаева""";73;66;117;183;61;108;169;106;235;341;104;228;332
Ошская обл.;4170600000000000;Узгенский р-н;41706255000000000;618151;"У-е ""ЦОВП им. Ж. Токторбаева""";"Учреждение ""Куршабский  центр общеврачебный практики им. Ж. Токторбаева""";74;52;113;165;50;109;159;62;207;269;58;207;265
Ошская обл.;4170600000000000;Узгенский р-н;41706255000000000;618151;"У-е ""ЦОВП им. Ж. Токторбаева""";"Учреждение ""Куршабский  центр общеврачебный практики им. Ж. Токторбаева""";75;61;72;133;54;66;120;89;95;184;85;95;180
Ошская обл.;4170600000000000;Узгенский р-н;41706255000000000;618151;"У-е ""ЦОВП им. Ж. Токторбаева""";"Учреждение ""Куршабский  центр общеврачебный практики им. Ж. Токторбаева""";76;41;50;91;40;49;89;89;90;179;89;88;177
Ошская обл.;4170600000000000;Узгенский р-н;41706255000000000;618151;"У-е ""ЦОВП им. Ж. Токторбаева""";"Учреждение ""Куршабский  центр общеврачебный практики им. Ж. Токторбаева""";77;32;59;91;32;55;87;45;92;137;45;92;137
Ошская обл.;4170600000000000;Узгенский р-н;41706255000000000;618151;"У-е ""ЦОВП им. Ж. Токторбаева""";"Учреждение ""Куршабский  центр общеврачебный практики им. Ж. Токторбаева""";78;20;35;55;20;33;53;37;47;84;37;40;77
Ошская обл.;4170600000000000;Узгенский р-н;41706255000000000;618151;"У-е ""ЦОВП им. Ж. Токторбаева""";"Учреждение ""Куршабский  центр общеврачебный практики им. Ж. Токторбаева""";79;14;27;41;13;24;37;25;25;50;25;25;50
Ошская обл.;4170600000000000;Узгенский р-н;41706255000000000;618151;"У-е ""ЦОВП им. Ж. Токторбаева""";"Учреждение ""Куршабский  центр общеврачебный практики им. Ж. Токторбаева""";80;11;10;21;10;10;20;14;6;20;14;6;20
Ошская обл.;4170600000000000;Узгенский р-н;41706255000000000;618151;"У-е ""ЦОВП им. Ж. Токторбаева""";"Учреждение ""Куршабский  центр общеврачебный практики им. Ж. Токторбаева""";81;17;21;38;15;19;34;15;8;23;13;8;21
Ошская обл.;4170600000000000;Узгенский р-н;41706255000000000;618151;"У-е ""ЦОВП им. Ж. Токторбаева""";"Учреждение ""Куршабский  центр общеврачебный практики им. Ж. Токторбаева""";82;20;27;47;19;23;42;38;18;56;36;18;54
Ошская обл.;4170600000000000;Узгенский р-н;41706255000000000;618151;"У-е ""ЦОВП им. Ж. Токторбаева""";"Учреждение ""Куршабский  центр общеврачебный практики им. Ж. Токторбаева""";83;7;26;33;7;23;30;17;15;32;17;13;30
Ошская обл.;4170600000000000;Узгенский р-н;41706255000000000;618151;"У-е ""ЦОВП им. Ж. Токторбаева""";"Учреждение ""Куршабский  центр общеврачебный практики им. Ж. Токторбаева""";84;25;33;58;23;31;54;23;27;50;23;27;50
Ошская обл.;4170600000000000;Узгенский р-н;41706255000000000;618151;"У-е ""ЦОВП им. Ж. Токторбаева""";"Учреждение ""Куршабский  центр общеврачебный практики им. Ж. Токторбаева""";85;14;26;40;13;24;37;23;25;48;22;23;45
Ошская обл.;4170600000000000;Узгенский р-н;41706255000000000;618151;"У-е ""ЦОВП им. Ж. Токторбаева""";"Учреждение ""Куршабский  центр общеврачебный практики им. Ж. Токторбаева""";86;9;25;34;8;22;30;20;26;46;19;26;45
Ошская обл.;4170600000000000;Узгенский р-н;41706255000000000;618151;"У-е ""ЦОВП им. Ж. Токторбаева""";"Учреждение ""Куршабский  центр общеврачебный практики им. Ж. Токторбаева""";87;6;21;27;6;17;23;2;16;18;1;16;17
Ошская обл.;4170600000000000;Узгенский р-н;41706255000000000;618151;"У-е ""ЦОВП им. Ж. Токторбаева""";"Учреждение ""Куршабский  центр общеврачебный практики им. Ж. Токторбаева""";88;7;23;30;7;21;28;3;11;14;3;9;12
Ошская обл.;4170600000000000;Узгенский р-н;41706255000000000;618151;"У-е ""ЦОВП им. Ж. Токторбаева""";"Учреждение ""Куршабский  центр общеврачебный практики им. Ж. Токторбаева""";89;4;17;21;3;15;18;7;16;23;7;15;22
Ошская обл.;4170600000000000;Узгенский р-н;41706255000000000;618151;"У-е ""ЦОВП им. Ж. Токторбаева""";"Учреждение ""Куршабский  центр общеврачебный практики им. Ж. Токторбаева""";90;4;7;11;3;7;10;3;3;6;3;3;6
Ошская обл.;4170600000000000;Узгенский р-н;41706255000000000;618151;"У-е ""ЦОВП им. Ж. Токторбаева""";"Учреждение ""Куршабский  центр общеврачебный практики им. Ж. Токторбаева""";91;6;11;17;5;7;12;5;1;6;5;1;6
Ошская обл.;4170600000000000;Узгенский р-н;41706255000000000;618151;"У-е ""ЦОВП им. Ж. Токторбаева""";"Учреждение ""Куршабский  центр общеврачебный практики им. Ж. Токторбаева""";92;5;10;15;3;5;8;0;2;2;0;2;2
Ошская обл.;4170600000000000;Узгенский р-н;41706255000000000;618151;"У-е ""ЦОВП им. Ж. Токторбаева""";"Учреждение ""Куршабский  центр общеврачебный практики им. Ж. Токторбаева""";93;2;1;3;1;1;2;3;0;3;1;0;1
Ошская обл.;4170600000000000;Узгенский р-н;41706255000000000;618151;"У-е ""ЦОВП им. Ж. Токторбаева""";"Учреждение ""Куршабский  центр общеврачебный практики им. Ж. Токторбаева""";94;1;14;15;1;13;14;0;1;1;0;1;1
Ошская обл.;4170600000000000;Узгенский р-н;41706255000000000;618151;"У-е ""ЦОВП им. Ж. Токторбаева""";"Учреждение ""Куршабский  центр общеврачебный практики им. Ж. Токторбаева""";95;1;2;3;1;1;2;1;0;1;0;0;0
Ошская обл.;4170600000000000;Узгенский р-н;41706255000000000;618151;"У-е ""ЦОВП им. Ж. Токторбаева""";"Учреждение ""Куршабский  центр общеврачебный практики им. Ж. Токторбаева""";96;4;6;10;4;4;8;0;2;2;0;2;2
Ошская обл.;4170600000000000;Узгенский р-н;41706255000000000;618151;"У-е ""ЦОВП им. Ж. Токторбаева""";"Учреждение ""Куршабский  центр общеврачебный практики им. Ж. Токторбаева""";98;1;1;2;1;1;2;0;1;1;0;1;1
Ошская обл.;4170600000000000;Кара-Кулжинский р-н;41706246000000000;641631;"У-е ""ЦОВП Кара-Кулжинского района Ошской области имени Мамытбека Жунусова""";"Учреждение ""Центр общеврачебной практики Кара- Кулжинского района Ошской области имени Мамытбека Жунусова""";0;407;391;798;407;391;798;7717;6782;14499;7717;6782;14499
Ошская обл.;4170600000000000;Кара-Кулжинский р-н;41706246000000000;641631;"У-е ""ЦОВП Кара-Кулжинского района Ошской области имени Мамытбека Жунусова""";"Учреждение ""Центр общеврачебной практики Кара- Кулжинского района Ошской области имени Мамытбека Жунусова""";1;726;736;1462;726;736;1462;3956;3759;7715;3956;3759;7715
Ошская обл.;4170600000000000;Кара-Кулжинский р-н;41706246000000000;641631;"У-е ""ЦОВП Кара-Кулжинского района Ошской области имени Мамытбека Жунусова""";"Учреждение ""Центр общеврачебной практики Кара- Кулжинского района Ошской области имени Мамытбека Жунусова""";2;780;810;1590;780;810;1590;3154;3052;6206;3154;3052;6206
Ошская обл.;4170600000000000;Кара-Кулжинский р-н;41706246000000000;641631;"У-е ""ЦОВП Кара-Кулжинского района Ошской области имени Мамытбека Жунусова""";"Учреждение ""Центр общеврачебной практики Кара- Кулжинского района Ошской области имени Мамытбека Жунусова""";3;914;820;1734;914;820;1734;2466;2296;4762;2466;2296;4762
Ошская обл.;4170600000000000;Кара-Кулжинский р-н;41706246000000000;641631;"У-е ""ЦОВП Кара-Кулжинского района Ошской области имени Мамытбека Жунусова""";"Учреждение ""Центр общеврачебной практики Кара- Кулжинского района Ошской области имени Мамытбека Жунусова""";4;901;924;1825;901;924;1825;2344;2414;4758;2344;2414;4758
Ошская обл.;4170600000000000;Кара-Кулжинский р-н;41706246000000000;641631;"У-е ""ЦОВП Кара-Кулжинского района Ошской области имени Мамытбека Жунусова""";"Учреждение ""Центр общеврачебной практики Кара- Кулжинского района Ошской области имени Мамытбека Жунусова""";5;867;901;1768;867;901;1768;2656;2581;5237;2656;2581;5237
Ошская обл.;4170600000000000;Кара-Кулжинский р-н;41706246000000000;641631;"У-е ""ЦОВП Кара-Кулжинского района Ошской области имени Мамытбека Жунусова""";"Учреждение ""Центр общеврачебной практики Кара- Кулжинского района Ошской области имени Мамытбека Жунусова""";6;920;1006;1926;920;1006;1926;2921;2693;5614;2921;2693;5614
Ошская обл.;4170600000000000;Кара-Кулжинский р-н;41706246000000000;641631;"У-е ""ЦОВП Кара-Кулжинского района Ошской области имени Мамытбека Жунусова""";"Учреждение ""Центр общеврачебной практики Кара- Кулжинского района Ошской области имени Мамытбека Жунусова""";7;840;1246;2086;840;1246;2086;1685;1686;3371;1685;1686;3371
Ошская обл.;4170600000000000;Кара-Кулжинский р-н;41706246000000000;641631;"У-е ""ЦОВП Кара-Кулжинского района Ошской области имени Мамытбека Жунусова""";"Учреждение ""Центр общеврачебной практики Кара- Кулжинского района Ошской области имени Мамытбека Жунусова""";8;870;1299;2169;870;1299;2169;1492;1258;2750;1492;1258;2750
Ошская обл.;4170600000000000;Кара-Кулжинский р-н;41706246000000000;641631;"У-е ""ЦОВП Кара-Кулжинского района Ошской области имени Мамытбека Жунусова""";"Учреждение ""Центр общеврачебной практики Кара- Кулжинского района Ошской области имени Мамытбека Жунусова""";9;857;1358;2215;857;1358;2215;1277;1229;2506;1277;1229;2506
Ошская обл.;4170600000000000;Кара-Кулжинский р-н;41706246000000000;641631;"У-е ""ЦОВП Кара-Кулжинского района Ошской области имени Мамытбека Жунусова""";"Учреждение ""Центр общеврачебной практики Кара- Кулжинского района Ошской области имени Мамытбека Жунусова""";10;893;1401;2294;893;1401;2294;1485;1348;2833;1485;1348;2833
Ошская обл.;4170600000000000;Кара-Кулжинский р-н;41706246000000000;641631;"У-е ""ЦОВП Кара-Кулжинского района Ошской области имени Мамытбека Жунусова""";"Учреждение ""Центр общеврачебной практики Кара- Кулжинского района Ошской области имени Мамытбека Жунусова""";11;894;1322;2216;894;1322;2216;1428;1287;2715;1428;1287;2715
Ошская обл.;4170600000000000;Кара-Кулжинский р-н;41706246000000000;641631;"У-е ""ЦОВП Кара-Кулжинского района Ошской области имени Мамытбека Жунусова""";"Учреждение ""Центр общеврачебной практики Кара- Кулжинского района Ошской области имени Мамытбека Жунусова""";12;884;1335;2219;884;1335;2219;1221;1171;2392;1221;1171;2392
Ошская обл.;4170600000000000;Кара-Кулжинский р-н;41706246000000000;641631;"У-е ""ЦОВП Кара-Кулжинского района Ошской области имени Мамытбека Жунусова""";"Учреждение ""Центр общеврачебной практики Кара- Кулжинского района Ошской области имени Мамытбека Жунусова""";13;791;1291;2082;791;1291;2082;1356;1371;2727;1356;1371;2727
Ошская обл.;4170600000000000;Кара-Кулжинский р-н;41706246000000000;641631;"У-е ""ЦОВП Кара-Кулжинского района Ошской области имени Мамытбека Жунусова""";"Учреждение ""Центр общеврачебной практики Кара- Кулжинского района Ошской области имени Мамытбека Жунусова""";14;804;1210;2014;804;1210;2014;1513;1457;2970;1513;1457;2970
Ошская обл.;4170600000000000;Кара-Кулжинский р-н;41706246000000000;641631;"У-е ""ЦОВП Кара-Кулжинского района Ошской области имени Мамытбека Жунусова""";"Учреждение ""Центр общеврачебной практики Кара- Кулжинского района Ошской области имени Мамытбека Жунусова""";15;782;1096;1878;782;1096;1878;1763;1429;3192;1763;1429;3192
Ошская обл.;4170600000000000;Кара-Кулжинский р-н;41706246000000000;641631;"У-е ""ЦОВП Кара-Кулжинского района Ошской области имени Мамытбека Жунусова""";"Учреждение ""Центр общеврачебной практики Кара- Кулжинского района Ошской области имени Мамытбека Жунусова""";16;732;1093;1825;732;1093;1825;1158;1388;2546;1123;1350;2473
Ошская обл.;4170600000000000;Кара-Кулжинский р-н;41706246000000000;641631;"У-е ""ЦОВП Кара-Кулжинского района Ошской области имени Мамытбека Жунусова""";"Учреждение ""Центр общеврачебной практики Кара- Кулжинского района Ошской области имени Мамытбека Жунусова""";17;706;1053;1759;666;1004;1670;1174;1113;2287;983;944;1927
Ошская обл.;4170600000000000;Кара-Кулжинский р-н;41706246000000000;641631;"У-е ""ЦОВП Кара-Кулжинского района Ошской области имени Мамытбека Жунусова""";"Учреждение ""Центр общеврачебной практики Кара- Кулжинского района Ошской области имени Мамытбека Жунусова""";18;667;1058;1725;597;1005;1602;1109;991;2100;837;693;1530
Ошская обл.;4170600000000000;Кара-Кулжинский р-н;41706246000000000;641631;"У-е ""ЦОВП Кара-Кулжинского района Ошской области имени Мамытбека Жунусова""";"Учреждение ""Центр общеврачебной практики Кара- Кулжинского района Ошской области имени Мамытбека Жунусова""";19;664;546;1210;149;138;287;1033;969;2002;203;255;458
Ошская обл.;4170600000000000;Кара-Кулжинский р-н;41706246000000000;641631;"У-е ""ЦОВП Кара-Кулжинского района Ошской области имени Мамытбека Жунусова""";"Учреждение ""Центр общеврачебной практики Кара- Кулжинского района Ошской области имени Мамытбека Жунусова""";20;651;557;1208;37;61;98;694;1006;1700;84;299;383
Ошская обл.;4170600000000000;Кара-Кулжинский р-н;41706246000000000;641631;"У-е ""ЦОВП Кара-Кулжинского района Ошской области имени Мамытбека Жунусова""";"Учреждение ""Центр общеврачебной практики Кара- Кулжинского района Ошской области имени Мамытбека Жунусова""";21;583;561;1144;37;77;114;565;1278;1843;47;437;484
Ошская обл.;4170600000000000;Кара-Кулжинский р-н;41706246000000000;641631;"У-е ""ЦОВП Кара-Кулжинского района Ошской области имени Мамытбека Жунусова""";"Учреждение ""Центр общеврачебной практики Кара- Кулжинского района Ошской области имени Мамытбека Жунусова""";22;574;522;1096;82;160;242;535;1379;1914;118;431;549
Ошская обл.;4170600000000000;Кара-Кулжинский р-н;41706246000000000;641631;"У-е ""ЦОВП Кара-Кулжинского района Ошской области имени Мамытбека Жунусова""";"Учреждение ""Центр общеврачебной практики Кара- Кулжинского района Ошской области имени Мамытбека Жунусова""";23;572;810;1382;58;457;515;553;1299;1852;100;564;664
Ошская обл.;4170600000000000;Кара-Кулжинский р-н;41706246000000000;641631;"У-е ""ЦОВП Кара-Кулжинского района Ошской области имени Мамытбека Жунусова""";"Учреждение ""Центр общеврачебной практики Кара- Кулжинского района Ошской области имени Мамытбека Жунусова""";24;573;687;1260;57;317;374;544;1452;1996;103;703;806
Ошская обл.;4170600000000000;Кара-Кулжинский р-н;41706246000000000;641631;"У-е ""ЦОВП Кара-Кулжинского района Ошской области имени Мамытбека Жунусова""";"Учреждение ""Центр общеврачебной практики Кара- Кулжинского района Ошской области имени Мамытбека Жунусова""";25;570;804;1374;50;176;226;594;1748;2342;90;985;1075
Ошская обл.;4170600000000000;Кара-Кулжинский р-н;41706246000000000;641631;"У-е ""ЦОВП Кара-Кулжинского района Ошской области имени Мамытбека Жунусова""";"Учреждение ""Центр общеврачебной практики Кара- Кулжинского района Ошской области имени Мамытбека Жунусова""";26;625;937;1562;77;209;286;615;1867;2482;146;1022;1168
Ошская обл.;4170600000000000;Кара-Кулжинский р-н;41706246000000000;641631;"У-е ""ЦОВП Кара-Кулжинского района Ошской области имени Мамытбека Жунусова""";"Учреждение ""Центр общеврачебной практики Кара- Кулжинского района Ошской области имени Мамытбека Жунусова""";27;654;780;1434;98;227;325;698;1998;2696;215;1196;1411
Ошская обл.;4170600000000000;Кара-Кулжинский р-н;41706246000000000;641631;"У-е ""ЦОВП Кара-Кулжинского района Ошской области имени Мамытбека Жунусова""";"Учреждение ""Центр общеврачебной практики Кара- Кулжинского района Ошской области имени Мамытбека Жунусова""";28;646;791;1437;115;272;387;638;2001;2639;206;1260;1466
Ошская обл.;4170600000000000;Кара-Кулжинский р-н;41706246000000000;641631;"У-е ""ЦОВП Кара-Кулжинского района Ошской области имени Мамытбека Жунусова""";"Учреждение ""Центр общеврачебной практики Кара- Кулжинского района Ошской области имени Мамытбека Жунусова""";29;622;740;1362;160;303;463;814;1990;2804;312;1437;1749
Ошская обл.;4170600000000000;Кара-Кулжинский р-н;41706246000000000;641631;"У-е ""ЦОВП Кара-Кулжинского района Ошской области имени Мамытбека Жунусова""";"Учреждение ""Центр общеврачебной практики Кара- Кулжинского района Ошской области имени Мамытбека Жунусова""";30;667;833;1500;266;351;617;741;1854;2595;369;1345;1714
Ошская обл.;4170600000000000;Кара-Кулжинский р-н;41706246000000000;641631;"У-е ""ЦОВП Кара-Кулжинского района Ошской области имени Мамытбека Жунусова""";"Учреждение ""Центр общеврачебной практики Кара- Кулжинского района Ошской области имени Мамытбека Жунусова""";31;618;717;1335;255;339;594;752;1824;2576;386;1402;1788
Ошская обл.;4170600000000000;Кара-Кулжинский р-н;41706246000000000;641631;"У-е ""ЦОВП Кара-Кулжинского района Ошской области имени Мамытбека Жунусова""";"Учреждение ""Центр общеврачебной практики Кара- Кулжинского района Ошской области имени Мамытбека Жунусова""";32;599;757;1356;292;363;655;696;1809;2505;353;1393;1746
Ошская обл.;4170600000000000;Кара-Кулжинский р-н;41706246000000000;641631;"У-е ""ЦОВП Кара-Кулжинского района Ошской области имени Мамытбека Жунусова""";"Учреждение ""Центр общеврачебной практики Кара- Кулжинского района Ошской области имени Мамытбека Жунусова""";33;597;722;1319;288;359;647;721;1828;2549;387;1386;1773
Ошская обл.;4170600000000000;Кара-Кулжинский р-н;41706246000000000;641631;"У-е ""ЦОВП Кара-Кулжинского района Ошской области имени Мамытбека Жунусова""";"Учреждение ""Центр общеврачебной практики Кара- Кулжинского района Ошской области имени Мамытбека Жунусова""";34;605;726;1331;287;336;623;694;1660;2354;387;1266;1653
Ошская обл.;4170600000000000;Кара-Кулжинский р-н;41706246000000000;641631;"У-е ""ЦОВП Кара-Кулжинского района Ошской области имени Мамытбека Жунусова""";"Учреждение ""Центр общеврачебной практики Кара- Кулжинского района Ошской области имени Мамытбека Жунусова""";35;623;712;1335;303;361;664;746;1743;2489;425;1345;1770
Ошская обл.;4170600000000000;Кара-Кулжинский р-н;41706246000000000;641631;"У-е ""ЦОВП Кара-Кулжинского района Ошской области имени Мамытбека Жунусова""";"Учреждение ""Центр общеврачебной практики Кара- Кулжинского района Ошской области имени Мамытбека Жунусова""";36;596;701;1297;274;380;654;730;1712;2442;387;1315;1702
Ошская обл.;4170600000000000;Кара-Кулжинский р-н;41706246000000000;641631;"У-е ""ЦОВП Кара-Кулжинского района Ошской области имени Мамытбека Жунусова""";"Учреждение ""Центр общеврачебной практики Кара- Кулжинского района Ошской области имени Мамытбека Жунусова""";37;571;648;1219;248;359;607;696;1422;2118;367;1135;1502
Ошская обл.;4170600000000000;Кара-Кулжинский р-н;41706246000000000;641631;"У-е ""ЦОВП Кара-Кулжинского района Ошской области имени Мамытбека Жунусова""";"Учреждение ""Центр общеврачебной практики Кара- Кулжинского района Ошской области имени Мамытбека Жунусова""";38;562;627;1189;249;323;572;610;1331;1941;299;1013;1312
Ошская обл.;4170600000000000;Кара-Кулжинский р-н;41706246000000000;641631;"У-е ""ЦОВП Кара-Кулжинского района Ошской области имени Мамытбека Жунусова""";"Учреждение ""Центр общеврачебной практики Кара- Кулжинского района Ошской области имени Мамытбека Жунусова""";39;465;600;1065;190;300;490;560;1314;1874;278;1037;1315
Ошская обл.;4170600000000000;Кара-Кулжинский р-н;41706246000000000;641631;"У-е ""ЦОВП Кара-Кулжинского района Ошской области имени Мамытбека Жунусова""";"Учреждение ""Центр общеврачебной практики Кара- Кулжинского района Ошской области имени Мамытбека Жунусова""";40;443;595;1038;184;288;472;667;1207;1874;385;923;1308
Ошская обл.;4170600000000000;Кара-Кулжинский р-н;41706246000000000;641631;"У-е ""ЦОВП Кара-Кулжинского района Ошской области имени Мамытбека Жунусова""";"Учреждение ""Центр общеврачебной практики Кара- Кулжинского района Ошской области имени Мамытбека Жунусова""";41;434;509;943;171;258;429;554;1026;1580;289;816;1105
Ошская обл.;4170600000000000;Кара-Кулжинский р-н;41706246000000000;641631;"У-е ""ЦОВП Кара-Кулжинского района Ошской области имени Мамытбека Жунусова""";"Учреждение ""Центр общеврачебной практики Кара- Кулжинского района Ошской области имени Мамытбека Жунусова""";42;410;505;915;158;245;403;623;1108;1731;299;841;1140
Ошская обл.;4170600000000000;Кара-Кулжинский р-н;41706246000000000;641631;"У-е ""ЦОВП Кара-Кулжинского района Ошской области имени Мамытбека Жунусова""";"Учреждение ""Центр общеврачебной практики Кара- Кулжинского района Ошской области имени Мамытбека Жунусова""";43;390;471;861;166;219;385;645;982;1627;341;735;1076
Ошская обл.;4170600000000000;Кара-Кулжинский р-н;41706246000000000;641631;"У-е ""ЦОВП Кара-Кулжинского района Ошской области имени Мамытбека Жунусова""";"Учреждение ""Центр общеврачебной практики Кара- Кулжинского района Ошской области имени Мамытбека Жунусова""";44;426;462;888;171;197;368;599;758;1357;257;499;756
Ошская обл.;4170600000000000;Кара-Кулжинский р-н;41706246000000000;641631;"У-е ""ЦОВП Кара-Кулжинского района Ошской области имени Мамытбека Жунусова""";"Учреждение ""Центр общеврачебной практики Кара- Кулжинского района Ошской области имени Мамытбека Жунусова""";45;326;380;706;106;148;254;470;863;1333;190;599;789
Ошская обл.;4170600000000000;Кара-Кулжинский р-н;41706246000000000;641631;"У-е ""ЦОВП Кара-Кулжинского района Ошской области имени Мамытбека Жунусова""";"Учреждение ""Центр общеврачебной практики Кара- Кулжинского района Ошской области имени Мамытбека Жунусова""";46;368;451;819;136;190;326;678;991;1669;328;671;999
Ошская обл.;4170600000000000;Кара-Кулжинский р-н;41706246000000000;641631;"У-е ""ЦОВП Кара-Кулжинского района Ошской области имени Мамытбека Жунусова""";"Учреждение ""Центр общеврачебной практики Кара- Кулжинского района Ошской области имени Мамытбека Жунусова""";47;327;426;753;122;192;314;528;887;1415;268;628;896
Ошская обл.;4170600000000000;Кара-Кулжинский р-н;41706246000000000;641631;"У-е ""ЦОВП Кара-Кулжинского района Ошской области имени Мамытбека Жунусова""";"Учреждение ""Центр общеврачебной практики Кара- Кулжинского района Ошской области имени Мамытбека Жунусова""";48;335;393;728;129;183;312;511;777;1288;265;530;795
Ошская обл.;4170600000000000;Кара-Кулжинский р-н;41706246000000000;641631;"У-е ""ЦОВП Кара-Кулжинского района Ошской области имени Мамытбека Жунусова""";"Учреждение ""Центр общеврачебной практики Кара- Кулжинского района Ошской области имени Мамытбека Жунусова""";49;327;383;710;122;177;299;572;876;1448;272;530;802
Ошская обл.;4170600000000000;Кара-Кулжинский р-н;41706246000000000;641631;"У-е ""ЦОВП Кара-Кулжинского района Ошской области имени Мамытбека Жунусова""";"Учреждение ""Центр общеврачебной практики Кара- Кулжинского района Ошской области имени Мамытбека Жунусова""";50;284;388;672;113;176;289;621;793;1414;326;561;887
Ошская обл.;4170600000000000;Кара-Кулжинский р-н;41706246000000000;641631;"У-е ""ЦОВП Кара-Кулжинского района Ошской области имени Мамытбека Жунусова""";"Учреждение ""Центр общеврачебной практики Кара- Кулжинского района Ошской области имени Мамытбека Жунусова""";51;337;349;686;139;182;321;791;857;1648;459;631;1090
Ошская обл.;4170600000000000;Кара-Кулжинский р-н;41706246000000000;641631;"У-е ""ЦОВП Кара-Кулжинского района Ошской области имени Мамытбека Жунусова""";"Учреждение ""Центр общеврачебной практики Кара- Кулжинского района Ошской области имени Мамытбека Жунусова""";52;365;361;726;158;202;360;790;865;1655;461;672;1133
Ошская обл.;4170600000000000;Кара-Кулжинский р-н;41706246000000000;641631;"У-е ""ЦОВП Кара-Кулжинского района Ошской области имени Мамытбека Жунусова""";"Учреждение ""Центр общеврачебной практики Кара- Кулжинского района Ошской области имени Мамытбека Жунусова""";53;328;327;655;136;181;317;596;938;1534;345;718;1063
Ошская обл.;4170600000000000;Кара-Кулжинский р-н;41706246000000000;641631;"У-е ""ЦОВП Кара-Кулжинского района Ошской области имени Мамытбека Жунусова""";"Учреждение ""Центр общеврачебной практики Кара- Кулжинского района Ошской области имени Мамытбека Жунусова""";54;263;344;607;104;189;293;573;1104;1677;328;871;1199
Ошская обл.;4170600000000000;Кара-Кулжинский р-н;41706246000000000;641631;"У-е ""ЦОВП Кара-Кулжинского района Ошской области имени Мамытбека Жунусова""";"Учреждение ""Центр общеврачебной практики Кара- Кулжинского района Ошской области имени Мамытбека Жунусова""";55;280;338;618;133;209;342;772;870;1642;492;699;1191
Ошская обл.;4170600000000000;Кара-Кулжинский р-н;41706246000000000;641631;"У-е ""ЦОВП Кара-Кулжинского района Ошской области имени Мамытбека Жунусова""";"Учреждение ""Центр общеврачебной практики Кара- Кулжинского района Ошской области имени Мамытбека Жунусова""";56;249;335;584;135;222;357;690;1003;1693;545;815;1360
Ошская обл.;4170600000000000;Кара-Кулжинский р-н;41706246000000000;641631;"У-е ""ЦОВП Кара-Кулжинского района Ошской области имени Мамытбека Жунусова""";"Учреждение ""Центр общеврачебной практики Кара- Кулжинского района Ошской области имени Мамытбека Жунусова""";57;256;313;569;150;208;358;688;1064;1752;508;879;1387
Ошская обл.;4170600000000000;Кара-Кулжинский р-н;41706246000000000;641631;"У-е ""ЦОВП Кара-Кулжинского района Ошской области имени Мамытбека Жунусова""";"Учреждение ""Центр общеврачебной практики Кара- Кулжинского района Ошской области имени Мамытбека Жунусова""";58;239;328;567;147;232;379;621;974;1595;388;846;1234
Ошская обл.;4170600000000000;Кара-Кулжинский р-н;41706246000000000;641631;"У-е ""ЦОВП Кара-Кулжинского района Ошской области имени Мамытбека Жунусова""";"Учреждение ""Центр общеврачебной практики Кара- Кулжинского района Ошской области имени Мамытбека Жунусова""";59;249;334;583;149;242;391;705;1019;1724;524;898;1422
Ошская обл.;4170600000000000;Кара-Кулжинский р-н;41706246000000000;641631;"У-е ""ЦОВП Кара-Кулжинского района Ошской области имени Мамытбека Жунусова""";"Учреждение ""Центр общеврачебной практики Кара- Кулжинского района Ошской области имени Мамытбека Жунусова""";60;277;316;593;184;259;443;740;1176;1916;519;1033;1552
Ошская обл.;4170600000000000;Кара-Кулжинский р-н;41706246000000000;641631;"У-е ""ЦОВП Кара-Кулжинского района Ошской области имени Мамытбека Жунусова""";"Учреждение ""Центр общеврачебной практики Кара- Кулжинского района Ошской области имени Мамытбека Жунусова""";61;237;315;552;171;269;440;678;1139;1817;557;1063;1620
Ошская обл.;4170600000000000;Кара-Кулжинский р-н;41706246000000000;641631;"У-е ""ЦОВП Кара-Кулжинского района Ошской области имени Мамытбека Жунусова""";"Учреждение ""Центр общеврачебной практики Кара- Кулжинского района Ошской области имени Мамытбека Жунусова""";62;266;335;601;216;289;505;784;1344;2128;679;1239;1918
Ошская обл.;4170600000000000;Кара-Кулжинский р-н;41706246000000000;641631;"У-е ""ЦОВП Кара-Кулжинского района Ошской области имени Мамытбека Жунусова""";"Учреждение ""Центр общеврачебной практики Кара- Кулжинского района Ошской области имени Мамытбека Жунусова""";63;286;337;623;225;284;509;893;1240;2133;736;1112;1848
Ошская обл.;4170600000000000;Кара-Кулжинский р-н;41706246000000000;641631;"У-е ""ЦОВП Кара-Кулжинского района Ошской области имени Мамытбека Жунусова""";"Учреждение ""Центр общеврачебной практики Кара- Кулжинского района Ошской области имени Мамытбека Жунусова""";64;217;327;544;162;298;460;751;1277;2028;674;1208;1882
Ошская обл.;4170600000000000;Кара-Кулжинский р-н;41706246000000000;641631;"У-е ""ЦОВП Кара-Кулжинского района Ошской области имени Мамытбека Жунусова""";"Учреждение ""Центр общеврачебной практики Кара- Кулжинского района Ошской области имени Мамытбека Жунусова""";65;202;286;488;186;265;451;817;1028;1845;758;978;1736
Ошская обл.;4170600000000000;Кара-Кулжинский р-н;41706246000000000;641631;"У-е ""ЦОВП Кара-Кулжинского района Ошской области имени Мамытбека Жунусова""";"Учреждение ""Центр общеврачебной практики Кара- Кулжинского района Ошской области имени Мамытбека Жунусова""";66;201;331;532;176;315;491;753;1192;1945;655;1156;1811
Ошская обл.;4170600000000000;Кара-Кулжинский р-н;41706246000000000;641631;"У-е ""ЦОВП Кара-Кулжинского района Ошской области имени Мамытбека Жунусова""";"Учреждение ""Центр общеврачебной практики Кара- Кулжинского района Ошской области имени Мамытбека Жунусова""";67;186;257;443;169;241;410;628;848;1476;545;836;1381
Ошская обл.;4170600000000000;Кара-Кулжинский р-н;41706246000000000;641631;"У-е ""ЦОВП Кара-Кулжинского района Ошской области имени Мамытбека Жунусова""";"Учреждение ""Центр общеврачебной практики Кара- Кулжинского района Ошской области имени Мамытбека Жунусова""";68;184;293;477;170;282;452;589;1088;1677;560;1066;1626
Ошская обл.;4170600000000000;Кара-Кулжинский р-н;41706246000000000;641631;"У-е ""ЦОВП Кара-Кулжинского района Ошской области имени Мамытбека Жунусова""";"Учреждение ""Центр общеврачебной практики Кара- Кулжинского района Ошской области имени Мамытбека Жунусова""";69;143;253;396;138;246;384;462;627;1089;435;610;1045
Ошская обл.;4170600000000000;Кара-Кулжинский р-н;41706246000000000;641631;"У-е ""ЦОВП Кара-Кулжинского района Ошской области имени Мамытбека Жунусова""";"Учреждение ""Центр общеврачебной практики Кара- Кулжинского района Ошской области имени Мамытбека Жунусова""";70;140;195;335;134;187;321;484;764;1248;473;743;1216
Ошская обл.;4170600000000000;Кара-Кулжинский р-н;41706246000000000;641631;"У-е ""ЦОВП Кара-Кулжинского района Ошской области имени Мамытбека Жунусова""";"Учреждение ""Центр общеврачебной практики Кара- Кулжинского района Ошской области имени Мамытбека Жунусова""";71;134;202;336;132;193;325;393;619;1012;380;584;964
Ошская обл.;4170600000000000;Кара-Кулжинский р-н;41706246000000000;641631;"У-е ""ЦОВП Кара-Кулжинского района Ошской области имени Мамытбека Жунусова""";"Учреждение ""Центр общеврачебной практики Кара- Кулжинского района Ошской области имени Мамытбека Жунусова""";72;113;177;290;109;174;283;417;592;1009;412;569;981
Ошская обл.;4170600000000000;Кара-Кулжинский р-н;41706246000000000;641631;"У-е ""ЦОВП Кара-Кулжинского района Ошской области имени Мамытбека Жунусова""";"Учреждение ""Центр общеврачебной практики Кара- Кулжинского района Ошской области имени Мамытбека Жунусова""";73;97;141;238;93;137;230;379;532;911;360;521;881
Ошская обл.;4170600000000000;Кара-Кулжинский р-н;41706246000000000;641631;"У-е ""ЦОВП Кара-Кулжинского района Ошской области имени Мамытбека Жунусова""";"Учреждение ""Центр общеврачебной практики Кара- Кулжинского района Ошской области имени Мамытбека Жунусова""";74;81;121;202;79;120;199;374;543;917;369;497;866
Ошская обл.;4170600000000000;Кара-Кулжинский р-н;41706246000000000;641631;"У-е ""ЦОВП Кара-Кулжинского района Ошской области имени Мамытбека Жунусова""";"Учреждение ""Центр общеврачебной практики Кара- Кулжинского района Ошской области имени Мамытбека Жунусова""";75;89;132;221;88;129;217;315;490;805;301;476;777
Ошская обл.;4170600000000000;Кара-Кулжинский р-н;41706246000000000;641631;"У-е ""ЦОВП Кара-Кулжинского района Ошской области имени Мамытбека Жунусова""";"Учреждение ""Центр общеврачебной практики Кара- Кулжинского района Ошской области имени Мамытбека Жунусова""";76;61;113;174;61;110;171;183;273;456;177;258;435
Ошская обл.;4170600000000000;Кара-Кулжинский р-н;41706246000000000;641631;"У-е ""ЦОВП Кара-Кулжинского района Ошской области имени Мамытбека Жунусова""";"Учреждение ""Центр общеврачебной практики Кара- Кулжинского района Ошской области имени Мамытбека Жунусова""";77;42;85;127;39;82;121;111;157;268;100;152;252
Ошская обл.;4170600000000000;Кара-Кулжинский р-н;41706246000000000;641631;"У-е ""ЦОВП Кара-Кулжинского района Ошской области имени Мамытбека Жунусова""";"Учреждение ""Центр общеврачебной практики Кара- Кулжинского района Ошской области имени Мамытбека Жунусова""";78;30;69;99;30;68;98;89;132;221;89;125;214
Ошская обл.;4170600000000000;Кара-Кулжинский р-н;41706246000000000;641631;"У-е ""ЦОВП Кара-Кулжинского района Ошской области имени Мамытбека Жунусова""";"Учреждение ""Центр общеврачебной практики Кара- Кулжинского района Ошской области имени Мамытбека Жунусова""";79;20;33;53;19;33;52;75;114;189;73;114;187
Ошская обл.;4170600000000000;Кара-Кулжинский р-н;41706246000000000;641631;"У-е ""ЦОВП Кара-Кулжинского района Ошской области имени Мамытбека Жунусова""";"Учреждение ""Центр общеврачебной практики Кара- Кулжинского района Ошской области имени Мамытбека Жунусова""";80;19;24;43;19;24;43;65;83;148;65;83;148
Ошская обл.;4170600000000000;Кара-Кулжинский р-н;41706246000000000;641631;"У-е ""ЦОВП Кара-Кулжинского района Ошской области имени Мамытбека Жунусова""";"Учреждение ""Центр общеврачебной практики Кара- Кулжинского района Ошской области имени Мамытбека Жунусова""";81;21;39;60;20;39;59;64;127;191;58;127;185
Ошская обл.;4170600000000000;Кара-Кулжинский р-н;41706246000000000;641631;"У-е ""ЦОВП Кара-Кулжинского района Ошской области имени Мамытбека Жунусова""";"Учреждение ""Центр общеврачебной практики Кара- Кулжинского района Ошской области имени Мамытбека Жунусова""";82;43;59;102;43;59;102;135;178;313;132;178;310
Ошская обл.;4170600000000000;Кара-Кулжинский р-н;41706246000000000;641631;"У-е ""ЦОВП Кара-Кулжинского района Ошской области имени Мамытбека Жунусова""";"Учреждение ""Центр общеврачебной практики Кара- Кулжинского района Ошской области имени Мамытбека Жунусова""";83;28;53;81;28;51;79;114;134;248;114;131;245
Ошская обл.;4170600000000000;Кара-Кулжинский р-н;41706246000000000;641631;"У-е ""ЦОВП Кара-Кулжинского района Ошской области имени Мамытбека Жунусова""";"Учреждение ""Центр общеврачебной практики Кара- Кулжинского района Ошской области имени Мамытбека Жунусова""";84;41;114;155;39;112;151;101;225;326;98;207;305
Ошская обл.;4170600000000000;Кара-Кулжинский р-н;41706246000000000;641631;"У-е ""ЦОВП Кара-Кулжинского района Ошской области имени Мамытбека Жунусова""";"Учреждение ""Центр общеврачебной практики Кара- Кулжинского района Ошской области имени Мамытбека Жунусова""";85;26;53;79;26;51;77;65;112;177;65;107;172
Ошская обл.;4170600000000000;Кара-Кулжинский р-н;41706246000000000;641631;"У-е ""ЦОВП Кара-Кулжинского района Ошской области имени Мамытбека Жунусова""";"Учреждение ""Центр общеврачебной практики Кара- Кулжинского района Ошской области имени Мамытбека Жунусова""";86;21;81;102;20;81;101;71;130;201;67;124;191
Ошская обл.;4170600000000000;Кара-Кулжинский р-н;41706246000000000;641631;"У-е ""ЦОВП Кара-Кулжинского района Ошской области имени Мамытбека Жунусова""";"Учреждение ""Центр общеврачебной практики Кара- Кулжинского района Ошской области имени Мамытбека Жунусова""";87;28;43;71;27;43;70;62;105;167;52;103;155
Ошская обл.;4170600000000000;Кара-Кулжинский р-н;41706246000000000;641631;"У-е ""ЦОВП Кара-Кулжинского района Ошской области имени Мамытбека Жунусова""";"Учреждение ""Центр общеврачебной практики Кара- Кулжинского района Ошской области имени Мамытбека Жунусова""";88;10;56;66;10;55;65;55;107;162;54;92;146
Ошская обл.;4170600000000000;Кара-Кулжинский р-н;41706246000000000;641631;"У-е ""ЦОВП Кара-Кулжинского района Ошской области имени Мамытбека Жунусова""";"Учреждение ""Центр общеврачебной практики Кара- Кулжинского района Ошской области имени Мамытбека Жунусова""";89;10;43;53;10;40;50;47;84;131;35;63;98
Ошская обл.;4170600000000000;Кара-Кулжинский р-н;41706246000000000;641631;"У-е ""ЦОВП Кара-Кулжинского района Ошской области имени Мамытбека Жунусова""";"Учреждение ""Центр общеврачебной практики Кара- Кулжинского района Ошской области имени Мамытбека Жунусова""";90;13;32;45;13;31;44;15;59;74;15;53;68
Ошская обл.;4170600000000000;Кара-Кулжинский р-н;41706246000000000;641631;"У-е ""ЦОВП Кара-Кулжинского района Ошской области имени Мамытбека Жунусова""";"Учреждение ""Центр общеврачебной практики Кара- Кулжинского района Ошской области имени Мамытбека Жунусова""";91;6;31;37;6;31;37;35;23;58;35;23;58
Ошская обл.;4170600000000000;Кара-Кулжинский р-н;41706246000000000;641631;"У-е ""ЦОВП Кара-Кулжинского района Ошской области имени Мамытбека Жунусова""";"Учреждение ""Центр общеврачебной практики Кара- Кулжинского района Ошской области имени Мамытбека Жунусова""";92;7;44;51;7;44;51;5;61;66;5;60;65
Ошская обл.;4170600000000000;Кара-Кулжинский р-н;41706246000000000;641631;"У-е ""ЦОВП Кара-Кулжинского района Ошской области имени Мамытбека Жунусова""";"Учреждение ""Центр общеврачебной практики Кара- Кулжинского района Ошской области имени Мамытбека Жунусова""";93;6;21;27;6;21;27;13;19;32;2;19;21
Ошская обл.;4170600000000000;Кара-Кулжинский р-н;41706246000000000;641631;"У-е ""ЦОВП Кара-Кулжинского района Ошской области имени Мамытбека Жунусова""";"Учреждение ""Центр общеврачебной практики Кара- Кулжинского района Ошской области имени Мамытбека Жунусова""";94;5;37;42;5;37;42;1;31;32;1;27;28
Ошская обл.;4170600000000000;Кара-Кулжинский р-н;41706246000000000;641631;"У-е ""ЦОВП Кара-Кулжинского района Ошской области имени Мамытбека Жунусова""";"Учреждение ""Центр общеврачебной практики Кара- Кулжинского района Ошской области имени Мамытбека Жунусова""";95;1;15;16;1;15;16;17;17;34;17;13;30
Ошская обл.;4170600000000000;Кара-Кулжинский р-н;41706246000000000;641631;"У-е ""ЦОВП Кара-Кулжинского района Ошской области имени Мамытбека Жунусова""";"Учреждение ""Центр общеврачебной практики Кара- Кулжинского района Ошской области имени Мамытбека Жунусова""";96;5;19;24;5;18;23;0;16;16;0;15;15
Ошская обл.;4170600000000000;Кара-Кулжинский р-н;41706246000000000;641631;"У-е ""ЦОВП Кара-Кулжинского района Ошской области имени Мамытбека Жунусова""";"Учреждение ""Центр общеврачебной практики Кара- Кулжинского района Ошской области имени Мамытбека Жунусова""";97;7;13;20;7;13;20;14;13;27;14;10;24
Ошская обл.;4170600000000000;Кара-Кулжинский р-н;41706246000000000;641631;"У-е ""ЦОВП Кара-Кулжинского района Ошской области имени Мамытбека Жунусова""";"Учреждение ""Центр общеврачебной практики Кара- Кулжинского района Ошской области имени Мамытбека Жунусова""";98;4;15;19;4;15;19;0;5;5;0;5;5
Ошская обл.;4170600000000000;Кара-Кулжинский р-н;41706246000000000;641631;"У-е ""ЦОВП Кара-Кулжинского района Ошской области имени Мамытбека Жунусова""";"Учреждение ""Центр общеврачебной практики Кара- Кулжинского района Ошской области имени Мамытбека Жунусова""";101;0;5;5;0;5;5;0;3;3;0;0;0
Бишкек г.;4171100000000000;Ленинский р-н;41711201000000000;142531;"У-е ""ЦСМ № 1 г. Бишкек""";"Учреждение ""Центр семейной медицины № 1 г. Бишкек""";0;1599;1523;3122;1599;1523;3122;28185;25084;53269;28185;25084;53269
Бишкек г.;4171100000000000;Ленинский р-н;41711201000000000;142531;"У-е ""ЦСМ № 1 г. Бишкек""";"Учреждение ""Центр семейной медицины № 1 г. Бишкек""";1;2341;2145;4486;2341;2145;4486;14410;12966;27376;14410;12966;27376
Бишкек г.;4171100000000000;Ленинский р-н;41711201000000000;142531;"У-е ""ЦСМ № 1 г. Бишкек""";"Учреждение ""Центр семейной медицины № 1 г. Бишкек""";2;2368;2279;4647;2368;2279;4647;11157;9498;20655;11157;9498;20655
Бишкек г.;4171100000000000;Ленинский р-н;41711201000000000;142531;"У-е ""ЦСМ № 1 г. Бишкек""";"Учреждение ""Центр семейной медицины № 1 г. Бишкек""";3;2574;2355;4929;2574;2355;4929;7761;6870;14631;7761;6870;14631
Бишкек г.;4171100000000000;Ленинский р-н;41711201000000000;142531;"У-е ""ЦСМ № 1 г. Бишкек""";"Учреждение ""Центр семейной медицины № 1 г. Бишкек""";4;2528;2738;5266;2528;2738;5266;6125;5567;11692;6125;5567;11692
Бишкек г.;4171100000000000;Ленинский р-н;41711201000000000;142531;"У-е ""ЦСМ № 1 г. Бишкек""";"Учреждение ""Центр семейной медицины № 1 г. Бишкек""";5;2474;2565;5039;2474;2565;5039;5773;4903;10676;5773;4903;10676
Бишкек г.;4171100000000000;Ленинский р-н;41711201000000000;142531;"У-е ""ЦСМ № 1 г. Бишкек""";"Учреждение ""Центр семейной медицины № 1 г. Бишкек""";6;2525;2814;5339;2525;2814;5339;6625;6595;13220;6625;6595;13220
Бишкек г.;4171100000000000;Ленинский р-н;41711201000000000;142531;"У-е ""ЦСМ № 1 г. Бишкек""";"Учреждение ""Центр семейной медицины № 1 г. Бишкек""";7;2352;2808;5160;2352;2808;5160;4344;4248;8592;4344;4248;8592
Бишкек г.;4171100000000000;Ленинский р-н;41711201000000000;142531;"У-е ""ЦСМ № 1 г. Бишкек""";"Учреждение ""Центр семейной медицины № 1 г. Бишкек""";8;2558;2863;5421;2558;2863;5421;3031;2762;5793;3031;2762;5793
Бишкек г.;4171100000000000;Ленинский р-н;41711201000000000;142531;"У-е ""ЦСМ № 1 г. Бишкек""";"Учреждение ""Центр семейной медицины № 1 г. Бишкек""";9;2476;2650;5126;2476;2650;5126;2636;2453;5089;2636;2453;5089
Бишкек г.;4171100000000000;Ленинский р-н;41711201000000000;142531;"У-е ""ЦСМ № 1 г. Бишкек""";"Учреждение ""Центр семейной медицины № 1 г. Бишкек""";10;2267;2618;4885;2267;2618;4885;2303;2141;4444;2303;2141;4444
Бишкек г.;4171100000000000;Ленинский р-н;41711201000000000;142531;"У-е ""ЦСМ № 1 г. Бишкек""";"Учреждение ""Центр семейной медицины № 1 г. Бишкек""";11;2209;2534;4743;2209;2534;4743;2300;2055;4355;2300;2055;4355
Бишкек г.;4171100000000000;Ленинский р-н;41711201000000000;142531;"У-е ""ЦСМ № 1 г. Бишкек""";"Учреждение ""Центр семейной медицины № 1 г. Бишкек""";12;2015;2517;4532;2015;2517;4532;2093;1934;4027;2093;1934;4027
Бишкек г.;4171100000000000;Ленинский р-н;41711201000000000;142531;"У-е ""ЦСМ № 1 г. Бишкек""";"Учреждение ""Центр семейной медицины № 1 г. Бишкек""";13;1851;2396;4247;1851;2396;4247;1763;1767;3530;1763;1767;3530
Бишкек г.;4171100000000000;Ленинский р-н;41711201000000000;142531;"У-е ""ЦСМ № 1 г. Бишкек""";"Учреждение ""Центр семейной медицины № 1 г. Бишкек""";14;1788;2309;4097;1788;2309;4097;2223;2275;4498;2223;2275;4498
Бишкек г.;4171100000000000;Ленинский р-н;41711201000000000;142531;"У-е ""ЦСМ № 1 г. Бишкек""";"Учреждение ""Центр семейной медицины № 1 г. Бишкек""";15;1832;2347;4179;1832;2347;4179;2694;2388;5082;2694;2388;5082
Бишкек г.;4171100000000000;Ленинский р-н;41711201000000000;142531;"У-е ""ЦСМ № 1 г. Бишкек""";"Учреждение ""Центр семейной медицины № 1 г. Бишкек""";16;1731;2285;4016;1731;2285;4016;2074;2400;4474;2007;2343;4350
Бишкек г.;4171100000000000;Ленинский р-н;41711201000000000;142531;"У-е ""ЦСМ № 1 г. Бишкек""";"Учреждение ""Центр семейной медицины № 1 г. Бишкек""";17;1413;1978;3391;1342;1905;3247;1889;2369;4258;1612;1962;3574
Бишкек г.;4171100000000000;Ленинский р-н;41711201000000000;142531;"У-е ""ЦСМ № 1 г. Бишкек""";"Учреждение ""Центр семейной медицины № 1 г. Бишкек""";18;1226;1873;3099;1083;1731;2814;1715;2898;4613;1131;1754;2885
Бишкек г.;4171100000000000;Ленинский р-н;41711201000000000;142531;"У-е ""ЦСМ № 1 г. Бишкек""";"Учреждение ""Центр семейной медицины № 1 г. Бишкек""";19;1010;1129;2139;319;446;765;1327;3503;4830;321;1015;1336
Бишкек г.;4171100000000000;Ленинский р-н;41711201000000000;142531;"У-е ""ЦСМ № 1 г. Бишкек""";"Учреждение ""Центр семейной медицины № 1 г. Бишкек""";20;1082;1328;2410;236;401;637;1076;4199;5275;280;1372;1652
Бишкек г.;4171100000000000;Ленинский р-н;41711201000000000;142531;"У-е ""ЦСМ № 1 г. Бишкек""";"Учреждение ""Центр семейной медицины № 1 г. Бишкек""";21;982;1275;2257;232;439;671;891;4799;5690;230;1805;2035
Бишкек г.;4171100000000000;Ленинский р-н;41711201000000000;142531;"У-е ""ЦСМ № 1 г. Бишкек""";"Учреждение ""Центр семейной медицины № 1 г. Бишкек""";22;1017;1428;2445;140;338;478;835;5486;6321;244;2200;2444
Бишкек г.;4171100000000000;Ленинский р-н;41711201000000000;142531;"У-е ""ЦСМ № 1 г. Бишкек""";"Учреждение ""Центр семейной медицины № 1 г. Бишкек""";23;912;1596;2508;184;689;873;789;5800;6589;243;2537;2780
Бишкек г.;4171100000000000;Ленинский р-н;41711201000000000;142531;"У-е ""ЦСМ № 1 г. Бишкек""";"Учреждение ""Центр семейной медицины № 1 г. Бишкек""";24;853;1564;2417;190;683;873;706;6172;6878;270;3254;3524
Бишкек г.;4171100000000000;Ленинский р-н;41711201000000000;142531;"У-е ""ЦСМ № 1 г. Бишкек""";"Учреждение ""Центр семейной медицины № 1 г. Бишкек""";25;843;1702;2545;215;607;822;936;6189;7125;375;3242;3617
Бишкек г.;4171100000000000;Ленинский р-н;41711201000000000;142531;"У-е ""ЦСМ № 1 г. Бишкек""";"Учреждение ""Центр семейной медицины № 1 г. Бишкек""";26;904;1784;2688;248;696;944;849;6410;7259;314;3888;4202
Бишкек г.;4171100000000000;Ленинский р-н;41711201000000000;142531;"У-е ""ЦСМ № 1 г. Бишкек""";"Учреждение ""Центр семейной медицины № 1 г. Бишкек""";27;912;1895;2807;304;803;1107;838;6801;7639;358;4100;4458
Бишкек г.;4171100000000000;Ленинский р-н;41711201000000000;142531;"У-е ""ЦСМ № 1 г. Бишкек""";"Учреждение ""Центр семейной медицины № 1 г. Бишкек""";28;1038;1986;3024;393;884;1277;904;6917;7821;495;4073;4568
Бишкек г.;4171100000000000;Ленинский р-н;41711201000000000;142531;"У-е ""ЦСМ № 1 г. Бишкек""";"Учреждение ""Центр семейной медицины № 1 г. Бишкек""";29;1140;2098;3238;456;958;1414;873;6921;7794;453;4690;5143
Бишкек г.;4171100000000000;Ленинский р-н;41711201000000000;142531;"У-е ""ЦСМ № 1 г. Бишкек""";"Учреждение ""Центр семейной медицины № 1 г. Бишкек""";30;1191;2134;3325;522;1113;1635;1058;7097;8155;651;4984;5635
Бишкек г.;4171100000000000;Ленинский р-н;41711201000000000;142531;"У-е ""ЦСМ № 1 г. Бишкек""";"Учреждение ""Центр семейной медицины № 1 г. Бишкек""";31;1180;2007;3187;607;1106;1713;1034;6710;7744;700;4488;5188
Бишкек г.;4171100000000000;Ленинский р-н;41711201000000000;142531;"У-е ""ЦСМ № 1 г. Бишкек""";"Учреждение ""Центр семейной медицины № 1 г. Бишкек""";32;1373;2097;3470;739;1180;1919;1263;6432;7695;783;4584;5367
Бишкек г.;4171100000000000;Ленинский р-н;41711201000000000;142531;"У-е ""ЦСМ № 1 г. Бишкек""";"Учреждение ""Центр семейной медицины № 1 г. Бишкек""";33;1397;2125;3522;790;1240;2030;1100;6487;7587;786;4558;5344
Бишкек г.;4171100000000000;Ленинский р-н;41711201000000000;142531;"У-е ""ЦСМ № 1 г. Бишкек""";"Учреждение ""Центр семейной медицины № 1 г. Бишкек""";34;1349;2129;3478;783;1228;2011;1246;6392;7638;834;4563;5397
Бишкек г.;4171100000000000;Ленинский р-н;41711201000000000;142531;"У-е ""ЦСМ № 1 г. Бишкек""";"Учреждение ""Центр семейной медицины № 1 г. Бишкек""";35;1351;2083;3434;844;1236;2080;1513;6092;7605;1014;4494;5508
Бишкек г.;4171100000000000;Ленинский р-н;41711201000000000;142531;"У-е ""ЦСМ № 1 г. Бишкек""";"Учреждение ""Центр семейной медицины № 1 г. Бишкек""";36;1367;2058;3425;848;1239;2087;1440;6139;7579;1039;4216;5255
Бишкек г.;4171100000000000;Ленинский р-н;41711201000000000;142531;"У-е ""ЦСМ № 1 г. Бишкек""";"Учреждение ""Центр семейной медицины № 1 г. Бишкек""";37;1413;2059;3472;840;1211;2051;1333;5159;6492;956;3494;4450
Бишкек г.;4171100000000000;Ленинский р-н;41711201000000000;142531;"У-е ""ЦСМ № 1 г. Бишкек""";"Учреждение ""Центр семейной медицины № 1 г. Бишкек""";38;1363;1922;3285;815;1135;1950;1322;4189;5511;899;2968;3867
Бишкек г.;4171100000000000;Ленинский р-н;41711201000000000;142531;"У-е ""ЦСМ № 1 г. Бишкек""";"Учреждение ""Центр семейной медицины № 1 г. Бишкек""";39;1296;1827;3123;757;1039;1796;1005;4508;5513;685;3054;3739
Бишкек г.;4171100000000000;Ленинский р-н;41711201000000000;142531;"У-е ""ЦСМ № 1 г. Бишкек""";"Учреждение ""Центр семейной медицины № 1 г. Бишкек""";40;1209;1836;3045;750;1021;1771;1286;3553;4839;1017;2617;3634
Бишкек г.;4171100000000000;Ленинский р-н;41711201000000000;142531;"У-е ""ЦСМ № 1 г. Бишкек""";"Учреждение ""Центр семейной медицины № 1 г. Бишкек""";41;1150;1594;2744;710;889;1599;1225;3366;4591;814;2440;3254
Бишкек г.;4171100000000000;Ленинский р-н;41711201000000000;142531;"У-е ""ЦСМ № 1 г. Бишкек""";"Учреждение ""Центр семейной медицины № 1 г. Бишкек""";42;1065;1592;2657;618;871;1489;1097;3461;4558;798;2436;3234
Бишкек г.;4171100000000000;Ленинский р-н;41711201000000000;142531;"У-е ""ЦСМ № 1 г. Бишкек""";"Учреждение ""Центр семейной медицины № 1 г. Бишкек""";43;1009;1496;2505;590;811;1401;1207;2886;4093;880;1935;2815
Бишкек г.;4171100000000000;Ленинский р-н;41711201000000000;142531;"У-е ""ЦСМ № 1 г. Бишкек""";"Учреждение ""Центр семейной медицины № 1 г. Бишкек""";44;965;1443;2408;561;763;1324;1276;2398;3674;941;1761;2702
Бишкек г.;4171100000000000;Ленинский р-н;41711201000000000;142531;"У-е ""ЦСМ № 1 г. Бишкек""";"Учреждение ""Центр семейной медицины № 1 г. Бишкек""";45;910;1297;2207;572;642;1214;1123;2212;3335;802;1592;2394
Бишкек г.;4171100000000000;Ленинский р-н;41711201000000000;142531;"У-е ""ЦСМ № 1 г. Бишкек""";"Учреждение ""Центр семейной медицины № 1 г. Бишкек""";46;868;1258;2126;499;657;1156;1333;2492;3825;916;1701;2617
Бишкек г.;4171100000000000;Ленинский р-н;41711201000000000;142531;"У-е ""ЦСМ № 1 г. Бишкек""";"Учреждение ""Центр семейной медицины № 1 г. Бишкек""";47;868;1245;2113;523;609;1132;1072;2497;3569;753;1713;2466
Бишкек г.;4171100000000000;Ленинский р-н;41711201000000000;142531;"У-е ""ЦСМ № 1 г. Бишкек""";"Учреждение ""Центр семейной медицины № 1 г. Бишкек""";48;783;1201;1984;457;595;1052;1166;2734;3900;731;1857;2588
Бишкек г.;4171100000000000;Ленинский р-н;41711201000000000;142531;"У-е ""ЦСМ № 1 г. Бишкек""";"Учреждение ""Центр семейной медицины № 1 г. Бишкек""";49;727;1181;1908;417;570;987;983;2207;3190;676;1416;2092
Бишкек г.;4171100000000000;Ленинский р-н;41711201000000000;142531;"У-е ""ЦСМ № 1 г. Бишкек""";"Учреждение ""Центр семейной медицины № 1 г. Бишкек""";50;726;1159;1885;392;565;957;1110;2574;3684;740;1977;2717
Бишкек г.;4171100000000000;Ленинский р-н;41711201000000000;142531;"У-е ""ЦСМ № 1 г. Бишкек""";"Учреждение ""Центр семейной медицины № 1 г. Бишкек""";51;726;1068;1794;382;580;962;1088;2619;3707;734;1812;2546
Бишкек г.;4171100000000000;Ленинский р-н;41711201000000000;142531;"У-е ""ЦСМ № 1 г. Бишкек""";"Учреждение ""Центр семейной медицины № 1 г. Бишкек""";52;672;1091;1763;372;522;894;1192;2872;4064;849;1947;2796
Бишкек г.;4171100000000000;Ленинский р-н;41711201000000000;142531;"У-е ""ЦСМ № 1 г. Бишкек""";"Учреждение ""Центр семейной медицины № 1 г. Бишкек""";53;705;1094;1799;373;578;951;1240;2838;4078;843;1975;2818
Бишкек г.;4171100000000000;Ленинский р-н;41711201000000000;142531;"У-е ""ЦСМ № 1 г. Бишкек""";"Учреждение ""Центр семейной медицины № 1 г. Бишкек""";54;703;1034;1737;436;536;972;1419;2628;4047;1045;1722;2767
Бишкек г.;4171100000000000;Ленинский р-н;41711201000000000;142531;"У-е ""ЦСМ № 1 г. Бишкек""";"Учреждение ""Центр семейной медицины № 1 г. Бишкек""";55;613;974;1587;363;497;860;1588;2628;4216;1139;1903;3042
Бишкек г.;4171100000000000;Ленинский р-н;41711201000000000;142531;"У-е ""ЦСМ № 1 г. Бишкек""";"Учреждение ""Центр семейной медицины № 1 г. Бишкек""";56;636;961;1597;406;527;933;1561;2685;4246;1166;2057;3223
Бишкек г.;4171100000000000;Ленинский р-н;41711201000000000;142531;"У-е ""ЦСМ № 1 г. Бишкек""";"Учреждение ""Центр семейной медицины № 1 г. Бишкек""";57;631;878;1509;399;481;880;1580;2419;3999;1245;1770;3015
Бишкек г.;4171100000000000;Ленинский р-н;41711201000000000;142531;"У-е ""ЦСМ № 1 г. Бишкек""";"Учреждение ""Центр семейной медицины № 1 г. Бишкек""";58;588;873;1461;363;492;855;1620;3023;4643;1276;2189;3465
Бишкек г.;4171100000000000;Ленинский р-н;41711201000000000;142531;"У-е ""ЦСМ № 1 г. Бишкек""";"Учреждение ""Центр семейной медицины № 1 г. Бишкек""";59;550;830;1380;351;643;994;1781;2826;4607;1344;2428;3772
Бишкек г.;4171100000000000;Ленинский р-н;41711201000000000;142531;"У-е ""ЦСМ № 1 г. Бишкек""";"Учреждение ""Центр семейной медицины № 1 г. Бишкек""";60;552;835;1387;368;681;1049;1721;2737;4458;1364;2433;3797
Бишкек г.;4171100000000000;Ленинский р-н;41711201000000000;142531;"У-е ""ЦСМ № 1 г. Бишкек""";"Учреждение ""Центр семейной медицины № 1 г. Бишкек""";61;557;887;1444;362;768;1130;1591;3058;4649;1307;2865;4172
Бишкек г.;4171100000000000;Ленинский р-н;41711201000000000;142531;"У-е ""ЦСМ № 1 г. Бишкек""";"Учреждение ""Центр семейной медицины № 1 г. Бишкек""";62;571;827;1398;394;730;1124;1739;2837;4576;1421;2680;4101
Бишкек г.;4171100000000000;Ленинский р-н;41711201000000000;142531;"У-е ""ЦСМ № 1 г. Бишкек""";"Учреждение ""Центр семейной медицины № 1 г. Бишкек""";63;535;818;1353;377;720;1097;1576;2758;4334;1235;2628;3863
Бишкек г.;4171100000000000;Ленинский р-н;41711201000000000;142531;"У-е ""ЦСМ № 1 г. Бишкек""";"Учреждение ""Центр семейной медицины № 1 г. Бишкек""";64;472;703;1175;346;675;1021;1400;2731;4131;1220;2678;3898
Бишкек г.;4171100000000000;Ленинский р-н;41711201000000000;142531;"У-е ""ЦСМ № 1 г. Бишкек""";"Учреждение ""Центр семейной медицины № 1 г. Бишкек""";65;467;720;1187;407;703;1110;1369;2870;4239;1157;2777;3934
Бишкек г.;4171100000000000;Ленинский р-н;41711201000000000;142531;"У-е ""ЦСМ № 1 г. Бишкек""";"Учреждение ""Центр семейной медицины № 1 г. Бишкек""";66;421;719;1140;364;694;1058;1056;2666;3722;894;2608;3502
Бишкек г.;4171100000000000;Ленинский р-н;41711201000000000;142531;"У-е ""ЦСМ № 1 г. Бишкек""";"Учреждение ""Центр семейной медицины № 1 г. Бишкек""";67;376;677;1053;339;651;990;1040;2430;3470;915;2384;3299
Бишкек г.;4171100000000000;Ленинский р-н;41711201000000000;142531;"У-е ""ЦСМ № 1 г. Бишкек""";"Учреждение ""Центр семейной медицины № 1 г. Бишкек""";68;341;627;968;320;609;929;941;2222;3163;897;2186;3083
Бишкек г.;4171100000000000;Ленинский р-н;41711201000000000;142531;"У-е ""ЦСМ № 1 г. Бишкек""";"Учреждение ""Центр семейной медицины № 1 г. Бишкек""";69;315;521;836;302;511;813;951;1866;2817;873;1799;2672
Бишкек г.;4171100000000000;Ленинский р-н;41711201000000000;142531;"У-е ""ЦСМ № 1 г. Бишкек""";"Учреждение ""Центр семейной медицины № 1 г. Бишкек""";70;281;530;811;271;518;789;843;1888;2731;814;1831;2645
Бишкек г.;4171100000000000;Ленинский р-н;41711201000000000;142531;"У-е ""ЦСМ № 1 г. Бишкек""";"Учреждение ""Центр семейной медицины № 1 г. Бишкек""";71;243;453;696;240;447;687;770;1659;2429;761;1631;2392
Бишкек г.;4171100000000000;Ленинский р-н;41711201000000000;142531;"У-е ""ЦСМ № 1 г. Бишкек""";"Учреждение ""Центр семейной медицины № 1 г. Бишкек""";72;228;429;657;225;425;650;651;1852;2503;627;1815;2442
Бишкек г.;4171100000000000;Ленинский р-н;41711201000000000;142531;"У-е ""ЦСМ № 1 г. Бишкек""";"Учреждение ""Центр семейной медицины № 1 г. Бишкек""";73;191;410;601;189;402;591;791;1918;2709;771;1852;2623
Бишкек г.;4171100000000000;Ленинский р-н;41711201000000000;142531;"У-е ""ЦСМ № 1 г. Бишкек""";"Учреждение ""Центр семейной медицины № 1 г. Бишкек""";74;217;401;618;213;392;605;674;1435;2109;665;1409;2074
Бишкек г.;4171100000000000;Ленинский р-н;41711201000000000;142531;"У-е ""ЦСМ № 1 г. Бишкек""";"Учреждение ""Центр семейной медицины № 1 г. Бишкек""";75;152;376;528;151;371;522;386;1276;1662;380;1257;1637
Бишкек г.;4171100000000000;Ленинский р-н;41711201000000000;142531;"У-е ""ЦСМ № 1 г. Бишкек""";"Учреждение ""Центр семейной медицины № 1 г. Бишкек""";76;147;305;452;146;301;447;395;1133;1528;363;1133;1496
Бишкек г.;4171100000000000;Ленинский р-н;41711201000000000;142531;"У-е ""ЦСМ № 1 г. Бишкек""";"Учреждение ""Центр семейной медицины № 1 г. Бишкек""";77;117;322;439;115;319;434;365;939;1304;362;935;1297
Бишкек г.;4171100000000000;Ленинский р-н;41711201000000000;142531;"У-е ""ЦСМ № 1 г. Бишкек""";"Учреждение ""Центр семейной медицины № 1 г. Бишкек""";78;74;243;317;73;242;315;114;470;584;110;465;575
Бишкек г.;4171100000000000;Ленинский р-н;41711201000000000;142531;"У-е ""ЦСМ № 1 г. Бишкек""";"Учреждение ""Центр семейной медицины № 1 г. Бишкек""";79;45;121;166;44;121;165;85;272;357;85;254;339
Бишкек г.;4171100000000000;Ленинский р-н;41711201000000000;142531;"У-е ""ЦСМ № 1 г. Бишкек""";"Учреждение ""Центр семейной медицины № 1 г. Бишкек""";80;35;79;114;35;78;113;85;320;405;79;319;398
Бишкек г.;4171100000000000;Ленинский р-н;41711201000000000;142531;"У-е ""ЦСМ № 1 г. Бишкек""";"Учреждение ""Центр семейной медицины № 1 г. Бишкек""";81;28;103;131;27;103;130;88;328;416;80;327;407
Бишкек г.;4171100000000000;Ленинский р-н;41711201000000000;142531;"У-е ""ЦСМ № 1 г. Бишкек""";"Учреждение ""Центр семейной медицины № 1 г. Бишкек""";82;57;141;198;57;140;197;214;424;638;207;422;629
Бишкек г.;4171100000000000;Ленинский р-н;41711201000000000;142531;"У-е ""ЦСМ № 1 г. Бишкек""";"Учреждение ""Центр семейной медицины № 1 г. Бишкек""";83;69;186;255;68;184;252;143;496;639;140;496;636
Бишкек г.;4171100000000000;Ленинский р-н;41711201000000000;142531;"У-е ""ЦСМ № 1 г. Бишкек""";"Учреждение ""Центр семейной медицины № 1 г. Бишкек""";84;48;199;247;47;196;243;102;380;482;102;378;480
Бишкек г.;4171100000000000;Ленинский р-н;41711201000000000;142531;"У-е ""ЦСМ № 1 г. Бишкек""";"Учреждение ""Центр семейной медицины № 1 г. Бишкек""";85;70;180;250;70;180;250;159;274;433;158;272;430
Бишкек г.;4171100000000000;Ленинский р-н;41711201000000000;142531;"У-е ""ЦСМ № 1 г. Бишкек""";"Учреждение ""Центр семейной медицины № 1 г. Бишкек""";86;58;155;213;58;153;211;144;270;414;144;264;408
Бишкек г.;4171100000000000;Ленинский р-н;41711201000000000;142531;"У-е ""ЦСМ № 1 г. Бишкек""";"Учреждение ""Центр семейной медицины № 1 г. Бишкек""";87;64;139;203;63;139;202;142;220;362;142;220;362
Бишкек г.;4171100000000000;Ленинский р-н;41711201000000000;142531;"У-е ""ЦСМ № 1 г. Бишкек""";"Учреждение ""Центр семейной медицины № 1 г. Бишкек""";88;39;120;159;38;120;158;26;206;232;26;206;232
Бишкек г.;4171100000000000;Ленинский р-н;41711201000000000;142531;"У-е ""ЦСМ № 1 г. Бишкек""";"Учреждение ""Центр семейной медицины № 1 г. Бишкек""";89;26;108;134;26;108;134;27;150;177;27;150;177
Бишкек г.;4171100000000000;Ленинский р-н;41711201000000000;142531;"У-е ""ЦСМ № 1 г. Бишкек""";"Учреждение ""Центр семейной медицины № 1 г. Бишкек""";90;22;81;103;22;81;103;8;76;84;8;76;84
Бишкек г.;4171100000000000;Ленинский р-н;41711201000000000;142531;"У-е ""ЦСМ № 1 г. Бишкек""";"Учреждение ""Центр семейной медицины № 1 г. Бишкек""";91;23;70;93;23;70;93;25;64;89;25;64;89
Бишкек г.;4171100000000000;Ленинский р-н;41711201000000000;142531;"У-е ""ЦСМ № 1 г. Бишкек""";"Учреждение ""Центр семейной медицины № 1 г. Бишкек""";92;21;70;91;21;70;91;10;75;85;10;75;85
Бишкек г.;4171100000000000;Ленинский р-н;41711201000000000;142531;"У-е ""ЦСМ № 1 г. Бишкек""";"Учреждение ""Центр семейной медицины № 1 г. Бишкек""";93;11;54;65;11;54;65;7;35;42;7;35;42
Бишкек г.;4171100000000000;Ленинский р-н;41711201000000000;142531;"У-е ""ЦСМ № 1 г. Бишкек""";"Учреждение ""Центр семейной медицины № 1 г. Бишкек""";94;11;72;83;11;72;83;4;64;68;4;63;67
Бишкек г.;4171100000000000;Ленинский р-н;41711201000000000;142531;"У-е ""ЦСМ № 1 г. Бишкек""";"Учреждение ""Центр семейной медицины № 1 г. Бишкек""";95;20;42;62;19;41;60;2;6;8;2;6;8
Бишкек г.;4171100000000000;Ленинский р-н;41711201000000000;142531;"У-е ""ЦСМ № 1 г. Бишкек""";"Учреждение ""Центр семейной медицины № 1 г. Бишкек""";96;8;31;39;8;31;39;1;9;10;1;9;10
Бишкек г.;4171100000000000;Ленинский р-н;41711201000000000;142531;"У-е ""ЦСМ № 1 г. Бишкек""";"Учреждение ""Центр семейной медицины № 1 г. Бишкек""";97;6;22;28;6;22;28;0;4;4;0;4;4
Бишкек г.;4171100000000000;Ленинский р-н;41711201000000000;142531;"У-е ""ЦСМ № 1 г. Бишкек""";"Учреждение ""Центр семейной медицины № 1 г. Бишкек""";98;1;6;7;1;6;7;1;0;1;1;0;1
Бишкек г.;4171100000000000;Ленинский р-н;41711201000000000;142531;"У-е ""ЦСМ № 1 г. Бишкек""";"Учреждение ""Центр семейной медицины № 1 г. Бишкек""";99;1;17;18;1;17;18;0;24;24;0;24;24
Бишкек г.;4171100000000000;Ленинский р-н;41711201000000000;142531;"У-е ""ЦСМ № 1 г. Бишкек""";"Учреждение ""Центр семейной медицины № 1 г. Бишкек""";101;0;1;1;0;1;1;0;3;3;0;3;3
Бишкек г.;4171100000000000;Ленинский р-н;41711201000000000;142531;"У-е ""ЦСМ № 1 г. Бишкек""";"Учреждение ""Центр семейной медицины № 1 г. Бишкек""";102;0;4;4;0;4;4;0;10;10;0;10;10
Бишкек г.;4171100000000000;Свердловский р-н;41711204000000000;142441;"У-е ""ЦСМ № 10""";"Учреждение ""Центр семейной медицины № 10 г. Бишкек""";0;794;750;1544;794;750;1544;14648;12116;26764;14648;12116;26764
Бишкек г.;4171100000000000;Свердловский р-н;41711204000000000;142441;"У-е ""ЦСМ № 10""";"Учреждение ""Центр семейной медицины № 10 г. Бишкек""";1;1127;1010;2137;1127;1010;2137;5426;4984;10410;5426;4984;10410
Бишкек г.;4171100000000000;Свердловский р-н;41711204000000000;142441;"У-е ""ЦСМ № 10""";"Учреждение ""Центр семейной медицины № 10 г. Бишкек""";2;1120;1093;2213;1120;1093;2213;4181;4318;8499;4181;4318;8499
Бишкек г.;4171100000000000;Свердловский р-н;41711204000000000;142441;"У-е ""ЦСМ № 10""";"Учреждение ""Центр семейной медицины № 10 г. Бишкек""";3;1184;1202;2386;1184;1202;2386;2623;2400;5023;2623;2400;5023
Бишкек г.;4171100000000000;Свердловский р-н;41711204000000000;142441;"У-е ""ЦСМ № 10""";"Учреждение ""Центр семейной медицины № 10 г. Бишкек""";4;1227;1363;2590;1227;1363;2590;2428;2161;4589;2428;2161;4589
Бишкек г.;4171100000000000;Свердловский р-н;41711204000000000;142441;"У-е ""ЦСМ № 10""";"Учреждение ""Центр семейной медицины № 10 г. Бишкек""";5;1178;1237;2415;1178;1237;2415;2376;2093;4469;2376;2093;4469
Бишкек г.;4171100000000000;Свердловский р-н;41711204000000000;142441;"У-е ""ЦСМ № 10""";"Учреждение ""Центр семейной медицины № 10 г. Бишкек""";6;1319;1683;3002;1319;1683;3002;3425;3202;6627;3425;3202;6627
Бишкек г.;4171100000000000;Свердловский р-н;41711204000000000;142441;"У-е ""ЦСМ № 10""";"Учреждение ""Центр семейной медицины № 10 г. Бишкек""";7;1201;1851;3052;1201;1851;3052;2265;1965;4230;2265;1965;4230
Бишкек г.;4171100000000000;Свердловский р-н;41711204000000000;142441;"У-е ""ЦСМ № 10""";"Учреждение ""Центр семейной медицины № 10 г. Бишкек""";8;1201;1856;3057;1201;1856;3057;1263;1244;2507;1263;1244;2507
Бишкек г.;4171100000000000;Свердловский р-н;41711204000000000;142441;"У-е ""ЦСМ № 10""";"Учреждение ""Центр семейной медицины № 10 г. Бишкек""";9;1218;1610;2828;1218;1610;2828;1241;1038;2279;1241;1038;2279
Бишкек г.;4171100000000000;Свердловский р-н;41711204000000000;142441;"У-е ""ЦСМ № 10""";"Учреждение ""Центр семейной медицины № 10 г. Бишкек""";10;1225;1579;2804;1225;1579;2804;1149;983;2132;1149;983;2132
Бишкек г.;4171100000000000;Свердловский р-н;41711204000000000;142441;"У-е ""ЦСМ № 10""";"Учреждение ""Центр семейной медицины № 10 г. Бишкек""";11;1115;1557;2672;1115;1557;2672;1132;1107;2239;1132;1107;2239
Бишкек г.;4171100000000000;Свердловский р-н;41711204000000000;142441;"У-е ""ЦСМ № 10""";"Учреждение ""Центр семейной медицины № 10 г. Бишкек""";12;1148;1454;2602;1148;1454;2602;1121;827;1948;1121;827;1948
Бишкек г.;4171100000000000;Свердловский р-н;41711204000000000;142441;"У-е ""ЦСМ № 10""";"Учреждение ""Центр семейной медицины № 10 г. Бишкек""";13;1077;1435;2512;1077;1435;2512;877;846;1723;877;846;1723
Бишкек г.;4171100000000000;Свердловский р-н;41711204000000000;142441;"У-е ""ЦСМ № 10""";"Учреждение ""Центр семейной медицины № 10 г. Бишкек""";14;984;1365;2349;984;1365;2349;1036;991;2027;1036;991;2027
Бишкек г.;4171100000000000;Свердловский р-н;41711204000000000;142441;"У-е ""ЦСМ № 10""";"Учреждение ""Центр семейной медицины № 10 г. Бишкек""";15;936;1508;2444;936;1508;2444;1385;1143;2528;1385;1143;2528
Бишкек г.;4171100000000000;Свердловский р-н;41711204000000000;142441;"У-е ""ЦСМ № 10""";"Учреждение ""Центр семейной медицины № 10 г. Бишкек""";16;912;1585;2497;912;1585;2497;1211;1189;2400;1086;1060;2146
Бишкек г.;4171100000000000;Свердловский р-н;41711204000000000;142441;"У-е ""ЦСМ № 10""";"Учреждение ""Центр семейной медицины № 10 г. Бишкек""";17;755;1535;2290;639;1422;2061;1351;1202;2553;1000;942;1942
Бишкек г.;4171100000000000;Свердловский р-н;41711204000000000;142441;"У-е ""ЦСМ № 10""";"Учреждение ""Центр семейной медицины № 10 г. Бишкек""";18;695;1500;2195;573;1365;1938;1223;1673;2896;843;1082;1925
Бишкек г.;4171100000000000;Свердловский р-н;41711204000000000;142441;"У-е ""ЦСМ № 10""";"Учреждение ""Центр семейной медицины № 10 г. Бишкек""";19;645;1142;1787;331;806;1137;668;1613;2281;185;649;834
Бишкек г.;4171100000000000;Свердловский р-н;41711204000000000;142441;"У-е ""ЦСМ № 10""";"Учреждение ""Центр семейной медицины № 10 г. Бишкек""";20;535;611;1146;44;130;174;614;1691;2305;103;884;987
Бишкек г.;4171100000000000;Свердловский р-н;41711204000000000;142441;"У-е ""ЦСМ № 10""";"Учреждение ""Центр семейной медицины № 10 г. Бишкек""";21;502;830;1332;65;195;260;521;1879;2400;124;954;1078
Бишкек г.;4171100000000000;Свердловский р-н;41711204000000000;142441;"У-е ""ЦСМ № 10""";"Учреждение ""Центр семейной медицины № 10 г. Бишкек""";22;493;1141;1634;116;222;338;453;2026;2479;139;1031;1170
Бишкек г.;4171100000000000;Свердловский р-н;41711204000000000;142441;"У-е ""ЦСМ № 10""";"Учреждение ""Центр семейной медицины № 10 г. Бишкек""";23;454;1118;1572;88;283;371;297;2060;2357;103;1284;1387
Бишкек г.;4171100000000000;Свердловский р-н;41711204000000000;142441;"У-е ""ЦСМ № 10""";"Учреждение ""Центр семейной медицины № 10 г. Бишкек""";24;476;1069;1545;109;319;428;363;2124;2487;121;1281;1402
Бишкек г.;4171100000000000;Свердловский р-н;41711204000000000;142441;"У-е ""ЦСМ № 10""";"Учреждение ""Центр семейной медицины № 10 г. Бишкек""";25;465;1031;1496;126;320;446;462;1967;2429;133;1251;1384
Бишкек г.;4171100000000000;Свердловский р-н;41711204000000000;142441;"У-е ""ЦСМ № 10""";"Учреждение ""Центр семейной медицины № 10 г. Бишкек""";26;534;1055;1589;177;367;544;409;2206;2615;182;1490;1672
Бишкек г.;4171100000000000;Свердловский р-н;41711204000000000;142441;"У-е ""ЦСМ № 10""";"Учреждение ""Центр семейной медицины № 10 г. Бишкек""";27;528;1078;1606;203;378;581;467;2069;2536;237;1412;1649
Бишкек г.;4171100000000000;Свердловский р-н;41711204000000000;142441;"У-е ""ЦСМ № 10""";"Учреждение ""Центр семейной медицины № 10 г. Бишкек""";28;540;1119;1659;220;406;626;477;2074;2551;250;1351;1601
Бишкек г.;4171100000000000;Свердловский р-н;41711204000000000;142441;"У-е ""ЦСМ № 10""";"Учреждение ""Центр семейной медицины № 10 г. Бишкек""";29;596;1094;1690;225;427;652;427;2340;2767;170;1492;1662
Бишкек г.;4171100000000000;Свердловский р-н;41711204000000000;142441;"У-е ""ЦСМ № 10""";"Учреждение ""Центр семейной медицины № 10 г. Бишкек""";30;595;1135;1730;275;496;771;502;2079;2581;302;1441;1743
Бишкек г.;4171100000000000;Свердловский р-н;41711204000000000;142441;"У-е ""ЦСМ № 10""";"Учреждение ""Центр семейной медицины № 10 г. Бишкек""";31;583;1077;1660;269;491;760;528;2121;2649;323;1593;1916
Бишкек г.;4171100000000000;Свердловский р-н;41711204000000000;142441;"У-е ""ЦСМ № 10""";"Учреждение ""Центр семейной медицины № 10 г. Бишкек""";32;612;1167;1779;309;592;901;461;2230;2691;281;1694;1975
Бишкек г.;4171100000000000;Свердловский р-н;41711204000000000;142441;"У-е ""ЦСМ № 10""";"Учреждение ""Центр семейной медицины № 10 г. Бишкек""";33;686;1096;1782;388;555;943;452;1960;2412;305;1379;1684
Бишкек г.;4171100000000000;Свердловский р-н;41711204000000000;142441;"У-е ""ЦСМ № 10""";"Учреждение ""Центр семейной медицины № 10 г. Бишкек""";34;671;1034;1705;381;496;877;489;1553;2042;286;1059;1345
Бишкек г.;4171100000000000;Свердловский р-н;41711204000000000;142441;"У-е ""ЦСМ № 10""";"Учреждение ""Центр семейной медицины № 10 г. Бишкек""";35;614;998;1612;339;526;865;534;1801;2335;391;1319;1710
Бишкек г.;4171100000000000;Свердловский р-н;41711204000000000;142441;"У-е ""ЦСМ № 10""";"Учреждение ""Центр семейной медицины № 10 г. Бишкек""";36;635;1002;1637;398;622;1020;512;2030;2542;318;1487;1805
Бишкек г.;4171100000000000;Свердловский р-н;41711204000000000;142441;"У-е ""ЦСМ № 10""";"Учреждение ""Центр семейной медицины № 10 г. Бишкек""";37;625;1015;1640;387;566;953;465;1689;2154;319;1112;1431
Бишкек г.;4171100000000000;Свердловский р-н;41711204000000000;142441;"У-е ""ЦСМ № 10""";"Учреждение ""Центр семейной медицины № 10 г. Бишкек""";38;575;1004;1579;359;531;890;453;1665;2118;330;1178;1508
Бишкек г.;4171100000000000;Свердловский р-н;41711204000000000;142441;"У-е ""ЦСМ № 10""";"Учреждение ""Центр семейной медицины № 10 г. Бишкек""";39;616;917;1533;371;494;865;576;1653;2229;395;1214;1609
Бишкек г.;4171100000000000;Свердловский р-н;41711204000000000;142441;"У-е ""ЦСМ № 10""";"Учреждение ""Центр семейной медицины № 10 г. Бишкек""";40;550;919;1469;323;486;809;542;1338;1880;346;917;1263
Бишкек г.;4171100000000000;Свердловский р-н;41711204000000000;142441;"У-е ""ЦСМ № 10""";"Учреждение ""Центр семейной медицины № 10 г. Бишкек""";41;579;872;1451;331;443;774;483;1209;1692;319;837;1156
Бишкек г.;4171100000000000;Свердловский р-н;41711204000000000;142441;"У-е ""ЦСМ № 10""";"Учреждение ""Центр семейной медицины № 10 г. Бишкек""";42;553;853;1406;315;418;733;579;1061;1640;392;672;1064
Бишкек г.;4171100000000000;Свердловский р-н;41711204000000000;142441;"У-е ""ЦСМ № 10""";"Учреждение ""Центр семейной медицины № 10 г. Бишкек""";43;544;758;1302;326;385;711;399;1060;1459;247;689;936
Бишкек г.;4171100000000000;Свердловский р-н;41711204000000000;142441;"У-е ""ЦСМ № 10""";"Учреждение ""Центр семейной медицины № 10 г. Бишкек""";44;502;731;1233;265;346;611;423;1083;1506;283;708;991
Бишкек г.;4171100000000000;Свердловский р-н;41711204000000000;142441;"У-е ""ЦСМ № 10""";"Учреждение ""Центр семейной медицины № 10 г. Бишкек""";45;501;675;1176;262;342;604;453;988;1441;270;646;916
Бишкек г.;4171100000000000;Свердловский р-н;41711204000000000;142441;"У-е ""ЦСМ № 10""";"Учреждение ""Центр семейной медицины № 10 г. Бишкек""";46;459;683;1142;255;317;572;594;1010;1604;366;633;999
Бишкек г.;4171100000000000;Свердловский р-н;41711204000000000;142441;"У-е ""ЦСМ № 10""";"Учреждение ""Центр семейной медицины № 10 г. Бишкек""";47;490;636;1126;263;312;575;527;898;1425;315;551;866
Бишкек г.;4171100000000000;Свердловский р-н;41711204000000000;142441;"У-е ""ЦСМ № 10""";"Учреждение ""Центр семейной медицины № 10 г. Бишкек""";48;434;674;1108;232;330;562;509;1140;1649;330;708;1038
Бишкек г.;4171100000000000;Свердловский р-н;41711204000000000;142441;"У-е ""ЦСМ № 10""";"Учреждение ""Центр семейной медицины № 10 г. Бишкек""";49;397;636;1033;223;305;528;491;973;1464;356;688;1044
Бишкек г.;4171100000000000;Свердловский р-н;41711204000000000;142441;"У-е ""ЦСМ № 10""";"Учреждение ""Центр семейной медицины № 10 г. Бишкек""";50;398;559;957;216;275;491;473;936;1409;335;636;971
Бишкек г.;4171100000000000;Свердловский р-н;41711204000000000;142441;"У-е ""ЦСМ № 10""";"Учреждение ""Центр семейной медицины № 10 г. Бишкек""";51;390;557;947;217;257;474;564;885;1449;353;494;847
Бишкек г.;4171100000000000;Свердловский р-н;41711204000000000;142441;"У-е ""ЦСМ № 10""";"Учреждение ""Центр семейной медицины № 10 г. Бишкек""";52;403;532;935;200;247;447;630;960;1590;428;589;1017
Бишкек г.;4171100000000000;Свердловский р-н;41711204000000000;142441;"У-е ""ЦСМ № 10""";"Учреждение ""Центр семейной медицины № 10 г. Бишкек""";53;398;545;943;220;265;485;561;1019;1580;358;643;1001
Бишкек г.;4171100000000000;Свердловский р-н;41711204000000000;142441;"У-е ""ЦСМ № 10""";"Учреждение ""Центр семейной медицины № 10 г. Бишкек""";54;400;508;908;215;257;472;612;873;1485;441;582;1023
Бишкек г.;4171100000000000;Свердловский р-н;41711204000000000;142441;"У-е ""ЦСМ № 10""";"Учреждение ""Центр семейной медицины № 10 г. Бишкек""";55;348;486;834;222;244;466;619;1054;1673;479;710;1189
Бишкек г.;4171100000000000;Свердловский р-н;41711204000000000;142441;"У-е ""ЦСМ № 10""";"Учреждение ""Центр семейной медицины № 10 г. Бишкек""";56;360;443;803;205;242;447;563;1234;1797;420;830;1250
Бишкек г.;4171100000000000;Свердловский р-н;41711204000000000;142441;"У-е ""ЦСМ № 10""";"Учреждение ""Центр семейной медицины № 10 г. Бишкек""";57;325;430;755;188;242;430;697;905;1602;510;575;1085
Бишкек г.;4171100000000000;Свердловский р-н;41711204000000000;142441;"У-е ""ЦСМ № 10""";"Учреждение ""Центр семейной медицины № 10 г. Бишкек""";58;315;392;707;174;200;374;574;904;1478;407;650;1057
Бишкек г.;4171100000000000;Свердловский р-н;41711204000000000;142441;"У-е ""ЦСМ № 10""";"Учреждение ""Центр семейной медицины № 10 г. Бишкек""";59;299;397;696;173;246;419;543;1026;1569;413;739;1152
Бишкек г.;4171100000000000;Свердловский р-н;41711204000000000;142441;"У-е ""ЦСМ № 10""";"Учреждение ""Центр семейной медицины № 10 г. Бишкек""";60;280;392;672;167;236;403;665;1040;1705;557;755;1312
Бишкек г.;4171100000000000;Свердловский р-н;41711204000000000;142441;"У-е ""ЦСМ № 10""";"Учреждение ""Центр семейной медицины № 10 г. Бишкек""";61;265;336;601;185;215;400;549;908;1457;450;760;1210
Бишкек г.;4171100000000000;Свердловский р-н;41711204000000000;142441;"У-е ""ЦСМ № 10""";"Учреждение ""Центр семейной медицины № 10 г. Бишкек""";62;247;328;575;167;208;375;591;899;1490;463;715;1178
Бишкек г.;4171100000000000;Свердловский р-н;41711204000000000;142441;"У-е ""ЦСМ № 10""";"Учреждение ""Центр семейной медицины № 10 г. Бишкек""";63;243;319;562;171;207;378;550;952;1502;478;756;1234
Бишкек г.;4171100000000000;Свердловский р-н;41711204000000000;142441;"У-е ""ЦСМ № 10""";"Учреждение ""Центр семейной медицины № 10 г. Бишкек""";64;219;324;543;156;219;375;465;1033;1498;371;839;1210
Бишкек г.;4171100000000000;Свердловский р-н;41711204000000000;142441;"У-е ""ЦСМ № 10""";"Учреждение ""Центр семейной медицины № 10 г. Бишкек""";65;196;301;497;145;225;370;440;948;1388;332;787;1119
Бишкек г.;4171100000000000;Свердловский р-н;41711204000000000;142441;"У-е ""ЦСМ № 10""";"Учреждение ""Центр семейной медицины № 10 г. Бишкек""";66;180;306;486;137;214;351;376;854;1230;299;689;988
Бишкек г.;4171100000000000;Свердловский р-н;41711204000000000;142441;"У-е ""ЦСМ № 10""";"Учреждение ""Центр семейной медицины № 10 г. Бишкек""";67;137;258;395;101;190;291;311;563;874;259;450;709
Бишкек г.;4171100000000000;Свердловский р-н;41711204000000000;142441;"У-е ""ЦСМ № 10""";"Учреждение ""Центр семейной медицины № 10 г. Бишкек""";68;144;237;381;102;167;269;362;659;1021;303;550;853
Бишкек г.;4171100000000000;Свердловский р-н;41711204000000000;142441;"У-е ""ЦСМ № 10""";"Учреждение ""Центр семейной медицины № 10 г. Бишкек""";69;132;220;352;93;194;287;262;430;692;205;390;595
Бишкек г.;4171100000000000;Свердловский р-н;41711204000000000;142441;"У-е ""ЦСМ № 10""";"Учреждение ""Центр семейной медицины № 10 г. Бишкек""";70;84;179;263;72;166;238;224;307;531;205;289;494
Бишкек г.;4171100000000000;Свердловский р-н;41711204000000000;142441;"У-е ""ЦСМ № 10""";"Учреждение ""Центр семейной медицины № 10 г. Бишкек""";71;100;159;259;94;151;245;229;402;631;203;382;585
Бишкек г.;4171100000000000;Свердловский р-н;41711204000000000;142441;"У-е ""ЦСМ № 10""";"Учреждение ""Центр семейной медицины № 10 г. Бишкек""";72;92;144;236;89;139;228;185;416;601;177;397;574
Бишкек г.;4171100000000000;Свердловский р-н;41711204000000000;142441;"У-е ""ЦСМ № 10""";"Учреждение ""Центр семейной медицины № 10 г. Бишкек""";73;83;115;198;80;107;187;145;351;496;144;307;451
Бишкек г.;4171100000000000;Свердловский р-н;41711204000000000;142441;"У-е ""ЦСМ № 10""";"Учреждение ""Центр семейной медицины № 10 г. Бишкек""";74;65;118;183;65;116;181;136;394;530;108;338;446
Бишкек г.;4171100000000000;Свердловский р-н;41711204000000000;142441;"У-е ""ЦСМ № 10""";"Учреждение ""Центр семейной медицины № 10 г. Бишкек""";75;61;128;189;57;122;179;147;317;464;105;283;388
Бишкек г.;4171100000000000;Свердловский р-н;41711204000000000;142441;"У-е ""ЦСМ № 10""";"Учреждение ""Центр семейной медицины № 10 г. Бишкек""";76;46;105;151;46;102;148;92;215;307;92;182;274
Бишкек г.;4171100000000000;Свердловский р-н;41711204000000000;142441;"У-е ""ЦСМ № 10""";"Учреждение ""Центр семейной медицины № 10 г. Бишкек""";77;61;90;151;59;87;146;80;122;202;79;115;194
Бишкек г.;4171100000000000;Свердловский р-н;41711204000000000;142441;"У-е ""ЦСМ № 10""";"Учреждение ""Центр семейной медицины № 10 г. Бишкек""";78;34;74;108;34;72;106;37;86;123;34;82;116
Бишкек г.;4171100000000000;Свердловский р-н;41711204000000000;142441;"У-е ""ЦСМ № 10""";"Учреждение ""Центр семейной медицины № 10 г. Бишкек""";79;16;48;64;16;48;64;7;103;110;7;103;110
Бишкек г.;4171100000000000;Свердловский р-н;41711204000000000;142441;"У-е ""ЦСМ № 10""";"Учреждение ""Центр семейной медицины № 10 г. Бишкек""";80;18;39;57;16;38;54;47;47;94;35;45;80
Бишкек г.;4171100000000000;Свердловский р-н;41711204000000000;142441;"У-е ""ЦСМ № 10""";"Учреждение ""Центр семейной медицины № 10 г. Бишкек""";81;16;28;44;15;25;40;23;105;128;23;94;117
Бишкек г.;4171100000000000;Свердловский р-н;41711204000000000;142441;"У-е ""ЦСМ № 10""";"Учреждение ""Центр семейной медицины № 10 г. Бишкек""";82;17;60;77;16;60;76;48;88;136;48;88;136
Бишкек г.;4171100000000000;Свердловский р-н;41711204000000000;142441;"У-е ""ЦСМ № 10""";"Учреждение ""Центр семейной медицины № 10 г. Бишкек""";83;22;66;88;22;65;87;38;78;116;38;75;113
Бишкек г.;4171100000000000;Свердловский р-н;41711204000000000;142441;"У-е ""ЦСМ № 10""";"Учреждение ""Центр семейной медицины № 10 г. Бишкек""";84;26;77;103;26;76;102;50;85;135;50;84;134
Бишкек г.;4171100000000000;Свердловский р-н;41711204000000000;142441;"У-е ""ЦСМ № 10""";"Учреждение ""Центр семейной медицины № 10 г. Бишкек""";85;26;87;113;25;85;110;8;82;90;8;75;83
Бишкек г.;4171100000000000;Свердловский р-н;41711204000000000;142441;"У-е ""ЦСМ № 10""";"Учреждение ""Центр семейной медицины № 10 г. Бишкек""";86;19;77;96;19;76;95;6;55;61;6;55;61
Бишкек г.;4171100000000000;Свердловский р-н;41711204000000000;142441;"У-е ""ЦСМ № 10""";"Учреждение ""Центр семейной медицины № 10 г. Бишкек""";87;11;55;66;11;54;65;2;49;51;1;45;46
Бишкек г.;4171100000000000;Свердловский р-н;41711204000000000;142441;"У-е ""ЦСМ № 10""";"Учреждение ""Центр семейной медицины № 10 г. Бишкек""";88;10;47;57;8;39;47;13;45;58;2;37;39
Бишкек г.;4171100000000000;Свердловский р-н;41711204000000000;142441;"У-е ""ЦСМ № 10""";"Учреждение ""Центр семейной медицины № 10 г. Бишкек""";89;10;32;42;6;23;29;0;20;20;0;6;6
Бишкек г.;4171100000000000;Свердловский р-н;41711204000000000;142441;"У-е ""ЦСМ № 10""";"Учреждение ""Центр семейной медицины № 10 г. Бишкек""";90;8;27;35;8;21;29;0;29;29;0;14;14
Бишкек г.;4171100000000000;Свердловский р-н;41711204000000000;142441;"У-е ""ЦСМ № 10""";"Учреждение ""Центр семейной медицины № 10 г. Бишкек""";91;9;32;41;5;27;32;3;24;27;0;14;14
Бишкек г.;4171100000000000;Свердловский р-н;41711204000000000;142441;"У-е ""ЦСМ № 10""";"Учреждение ""Центр семейной медицины № 10 г. Бишкек""";92;8;23;31;5;22;27;2;38;40;0;30;30
Бишкек г.;4171100000000000;Свердловский р-н;41711204000000000;142441;"У-е ""ЦСМ № 10""";"Учреждение ""Центр семейной медицины № 10 г. Бишкек""";93;10;17;27;5;7;12;3;13;16;1;11;12
Бишкек г.;4171100000000000;Свердловский р-н;41711204000000000;142441;"У-е ""ЦСМ № 10""";"Учреждение ""Центр семейной медицины № 10 г. Бишкек""";94;8;26;34;3;15;18;0;6;6;0;0;0
Бишкек г.;4171100000000000;Свердловский р-н;41711204000000000;142441;"У-е ""ЦСМ № 10""";"Учреждение ""Центр семейной медицины № 10 г. Бишкек""";95;3;11;14;1;7;8;0;9;9;0;0;0
Бишкек г.;4171100000000000;Свердловский р-н;41711204000000000;142441;"У-е ""ЦСМ № 10""";"Учреждение ""Центр семейной медицины № 10 г. Бишкек""";96;4;17;21;2;5;7;0;14;14;0;0;0
Бишкек г.;4171100000000000;Свердловский р-н;41711204000000000;142441;"У-е ""ЦСМ № 10""";"Учреждение ""Центр семейной медицины № 10 г. Бишкек""";97;0;11;11;0;4;4;0;3;3;0;3;3
Бишкек г.;4171100000000000;Свердловский р-н;41711204000000000;142441;"У-е ""ЦСМ № 10""";"Учреждение ""Центр семейной медицины № 10 г. Бишкек""";99;1;10;11;0;3;3;0;1;1;0;0;0
Бишкек г.;4171100000000000;Ленинский р-н;41711201000000000;142461;"У-е ""ЦСМ № 2 г. Бишкек""";"Учреждение ""Центр семейной медицины № 2 г. Бишкек""";0;903;835;1738;903;835;1738;14127;12820;26947;14127;12820;26947
Бишкек г.;4171100000000000;Ленинский р-н;41711201000000000;142461;"У-е ""ЦСМ № 2 г. Бишкек""";"Учреждение ""Центр семейной медицины № 2 г. Бишкек""";1;1304;1167;2471;1304;1167;2471;7800;6915;14715;7800;6915;14715
Бишкек г.;4171100000000000;Ленинский р-н;41711201000000000;142461;"У-е ""ЦСМ № 2 г. Бишкек""";"Учреждение ""Центр семейной медицины № 2 г. Бишкек""";2;1362;1302;2664;1362;1302;2664;6931;6374;13305;6931;6374;13305
Бишкек г.;4171100000000000;Ленинский р-н;41711201000000000;142461;"У-е ""ЦСМ № 2 г. Бишкек""";"Учреждение ""Центр семейной медицины № 2 г. Бишкек""";3;1468;1286;2754;1468;1286;2754;5734;4802;10536;5734;4802;10536
Бишкек г.;4171100000000000;Ленинский р-н;41711201000000000;142461;"У-е ""ЦСМ № 2 г. Бишкек""";"Учреждение ""Центр семейной медицины № 2 г. Бишкек""";4;1499;1475;2974;1499;1475;2974;4507;4368;8875;4507;4368;8875
Бишкек г.;4171100000000000;Ленинский р-н;41711201000000000;142461;"У-е ""ЦСМ № 2 г. Бишкек""";"Учреждение ""Центр семейной медицины № 2 г. Бишкек""";5;1541;1523;3064;1541;1523;3064;4366;4185;8551;4366;4185;8551
Бишкек г.;4171100000000000;Ленинский р-н;41711201000000000;142461;"У-е ""ЦСМ № 2 г. Бишкек""";"Учреждение ""Центр семейной медицины № 2 г. Бишкек""";6;1525;1512;3037;1525;1512;3037;4852;4371;9223;4852;4371;9223
Бишкек г.;4171100000000000;Ленинский р-н;41711201000000000;142461;"У-е ""ЦСМ № 2 г. Бишкек""";"Учреждение ""Центр семейной медицины № 2 г. Бишкек""";7;1467;1505;2972;1467;1505;2972;3443;3111;6554;3443;3111;6554
Бишкек г.;4171100000000000;Ленинский р-н;41711201000000000;142461;"У-е ""ЦСМ № 2 г. Бишкек""";"Учреждение ""Центр семейной медицины № 2 г. Бишкек""";8;1548;1627;3175;1548;1627;3175;2295;2458;4753;2295;2458;4753
Бишкек г.;4171100000000000;Ленинский р-н;41711201000000000;142461;"У-е ""ЦСМ № 2 г. Бишкек""";"Учреждение ""Центр семейной медицины № 2 г. Бишкек""";9;1521;1529;3050;1521;1529;3050;2015;2062;4077;2015;2062;4077
Бишкек г.;4171100000000000;Ленинский р-н;41711201000000000;142461;"У-е ""ЦСМ № 2 г. Бишкек""";"Учреждение ""Центр семейной медицины № 2 г. Бишкек""";10;1487;1581;3068;1487;1581;3068;2126;2157;4283;2126;2157;4283
Бишкек г.;4171100000000000;Ленинский р-н;41711201000000000;142461;"У-е ""ЦСМ № 2 г. Бишкек""";"Учреждение ""Центр семейной медицины № 2 г. Бишкек""";11;1312;1581;2893;1312;1581;2893;2518;2425;4943;2518;2425;4943
Бишкек г.;4171100000000000;Ленинский р-н;41711201000000000;142461;"У-е ""ЦСМ № 2 г. Бишкек""";"Учреждение ""Центр семейной медицины № 2 г. Бишкек""";12;1357;1547;2904;1357;1547;2904;1882;1717;3599;1882;1717;3599
Бишкек г.;4171100000000000;Ленинский р-н;41711201000000000;142461;"У-е ""ЦСМ № 2 г. Бишкек""";"Учреждение ""Центр семейной медицины № 2 г. Бишкек""";13;1261;1451;2712;1261;1451;2712;2024;1987;4011;2024;1987;4011
Бишкек г.;4171100000000000;Ленинский р-н;41711201000000000;142461;"У-е ""ЦСМ № 2 г. Бишкек""";"Учреждение ""Центр семейной медицины № 2 г. Бишкек""";14;1285;1482;2767;1285;1482;2767;2951;2790;5741;2951;2790;5741
Бишкек г.;4171100000000000;Ленинский р-н;41711201000000000;142461;"У-е ""ЦСМ № 2 г. Бишкек""";"Учреждение ""Центр семейной медицины № 2 г. Бишкек""";15;1147;1434;2581;1147;1434;2581;2423;2239;4662;2423;2239;4662
Бишкек г.;4171100000000000;Ленинский р-н;41711201000000000;142461;"У-е ""ЦСМ № 2 г. Бишкек""";"Учреждение ""Центр семейной медицины № 2 г. Бишкек""";16;1238;1366;2604;1238;1366;2604;2270;2332;4602;2173;2242;4415
Бишкек г.;4171100000000000;Ленинский р-н;41711201000000000;142461;"У-е ""ЦСМ № 2 г. Бишкек""";"Учреждение ""Центр семейной медицины № 2 г. Бишкек""";17;1077;1358;2435;1003;1298;2301;2292;2379;4671;1883;2136;4019
Бишкек г.;4171100000000000;Ленинский р-н;41711201000000000;142461;"У-е ""ЦСМ № 2 г. Бишкек""";"Учреждение ""Центр семейной медицины № 2 г. Бишкек""";18;1002;1173;2175;781;1039;1820;1899;2314;4213;1080;1567;2647
Бишкек г.;4171100000000000;Ленинский р-н;41711201000000000;142461;"У-е ""ЦСМ № 2 г. Бишкек""";"Учреждение ""Центр семейной медицины № 2 г. Бишкек""";19;905;1018;1923;226;377;603;1311;1872;3183;249;713;962
Бишкек г.;4171100000000000;Ленинский р-н;41711201000000000;142461;"У-е ""ЦСМ № 2 г. Бишкек""";"Учреждение ""Центр семейной медицины № 2 г. Бишкек""";20;1017;947;1964;174;212;386;910;2125;3035;177;1098;1275
Бишкек г.;4171100000000000;Ленинский р-н;41711201000000000;142461;"У-е ""ЦСМ № 2 г. Бишкек""";"Учреждение ""Центр семейной медицины № 2 г. Бишкек""";21;899;957;1856;151;268;419;749;2267;3016;117;1397;1514
Бишкек г.;4171100000000000;Ленинский р-н;41711201000000000;142461;"У-е ""ЦСМ № 2 г. Бишкек""";"Учреждение ""Центр семейной медицины № 2 г. Бишкек""";22;816;970;1786;86;256;342;812;2855;3667;209;1924;2133
Бишкек г.;4171100000000000;Ленинский р-н;41711201000000000;142461;"У-е ""ЦСМ № 2 г. Бишкек""";"Учреждение ""Центр семейной медицины № 2 г. Бишкек""";23;878;1004;1882;115;321;436;856;2891;3747;303;1980;2283
Бишкек г.;4171100000000000;Ленинский р-н;41711201000000000;142461;"У-е ""ЦСМ № 2 г. Бишкек""";"Учреждение ""Центр семейной медицины № 2 г. Бишкек""";24;810;1052;1862;165;374;539;676;3270;3946;268;2298;2566
Бишкек г.;4171100000000000;Ленинский р-н;41711201000000000;142461;"У-е ""ЦСМ № 2 г. Бишкек""";"Учреждение ""Центр семейной медицины № 2 г. Бишкек""";25;814;1287;2101;186;458;644;742;3418;4160;266;2599;2865
Бишкек г.;4171100000000000;Ленинский р-н;41711201000000000;142461;"У-е ""ЦСМ № 2 г. Бишкек""";"Учреждение ""Центр семейной медицины № 2 г. Бишкек""";26;809;1367;2176;243;533;776;831;3350;4181;385;2515;2900
Бишкек г.;4171100000000000;Ленинский р-н;41711201000000000;142461;"У-е ""ЦСМ № 2 г. Бишкек""";"Учреждение ""Центр семейной медицины № 2 г. Бишкек""";27;840;1308;2148;306;607;913;790;3495;4285;430;2896;3326
Бишкек г.;4171100000000000;Ленинский р-н;41711201000000000;142461;"У-е ""ЦСМ № 2 г. Бишкек""";"Учреждение ""Центр семейной медицины № 2 г. Бишкек""";28;850;1499;2349;362;747;1109;661;3477;4138;400;2679;3079
Бишкек г.;4171100000000000;Ленинский р-н;41711201000000000;142461;"У-е ""ЦСМ № 2 г. Бишкек""";"Учреждение ""Центр семейной медицины № 2 г. Бишкек""";29;922;1512;2434;447;788;1235;805;3403;4208;567;2722;3289
Бишкек г.;4171100000000000;Ленинский р-н;41711201000000000;142461;"У-е ""ЦСМ № 2 г. Бишкек""";"Учреждение ""Центр семейной медицины № 2 г. Бишкек""";30;996;1488;2484;519;862;1381;869;3530;4399;591;2970;3561
Бишкек г.;4171100000000000;Ленинский р-н;41711201000000000;142461;"У-е ""ЦСМ № 2 г. Бишкек""";"Учреждение ""Центр семейной медицины № 2 г. Бишкек""";31;928;1607;2535;550;926;1476;885;3727;4612;650;3129;3779
Бишкек г.;4171100000000000;Ленинский р-н;41711201000000000;142461;"У-е ""ЦСМ № 2 г. Бишкек""";"Учреждение ""Центр семейной медицины № 2 г. Бишкек""";32;1025;1635;2660;627;989;1616;1115;3490;4605;807;2905;3712
Бишкек г.;4171100000000000;Ленинский р-н;41711201000000000;142461;"У-е ""ЦСМ № 2 г. Бишкек""";"Учреждение ""Центр семейной медицины № 2 г. Бишкек""";33;1039;1628;2667;649;965;1614;999;3313;4312;721;2648;3369
Бишкек г.;4171100000000000;Ленинский р-н;41711201000000000;142461;"У-е ""ЦСМ № 2 г. Бишкек""";"Учреждение ""Центр семейной медицины № 2 г. Бишкек""";34;986;1530;2516;611;920;1531;991;2983;3974;770;2542;3312
Бишкек г.;4171100000000000;Ленинский р-н;41711201000000000;142461;"У-е ""ЦСМ № 2 г. Бишкек""";"Учреждение ""Центр семейной медицины № 2 г. Бишкек""";35;1045;1454;2499;685;920;1605;1088;2827;3915;874;2451;3325
Бишкек г.;4171100000000000;Ленинский р-н;41711201000000000;142461;"У-е ""ЦСМ № 2 г. Бишкек""";"Учреждение ""Центр семейной медицины № 2 г. Бишкек""";36;981;1515;2496;655;1022;1677;1021;3123;4144;756;2672;3428
Бишкек г.;4171100000000000;Ленинский р-н;41711201000000000;142461;"У-е ""ЦСМ № 2 г. Бишкек""";"Учреждение ""Центр семейной медицины № 2 г. Бишкек""";37;1001;1575;2576;688;1029;1717;1086;2855;3941;794;2396;3190
Бишкек г.;4171100000000000;Ленинский р-н;41711201000000000;142461;"У-е ""ЦСМ № 2 г. Бишкек""";"Учреждение ""Центр семейной медицины № 2 г. Бишкек""";38;958;1516;2474;646;930;1576;863;2406;3269;686;1987;2673
Бишкек г.;4171100000000000;Ленинский р-н;41711201000000000;142461;"У-е ""ЦСМ № 2 г. Бишкек""";"Учреждение ""Центр семейной медицины № 2 г. Бишкек""";39;913;1412;2325;615;841;1456;819;2382;3201;567;1977;2544
Бишкек г.;4171100000000000;Ленинский р-н;41711201000000000;142461;"У-е ""ЦСМ № 2 г. Бишкек""";"Учреждение ""Центр семейной медицины № 2 г. Бишкек""";40;909;1413;2322;603;860;1463;870;2080;2950;595;1690;2285
Бишкек г.;4171100000000000;Ленинский р-н;41711201000000000;142461;"У-е ""ЦСМ № 2 г. Бишкек""";"Учреждение ""Центр семейной медицины № 2 г. Бишкек""";41;826;1268;2094;537;711;1248;856;1843;2699;621;1531;2152
Бишкек г.;4171100000000000;Ленинский р-н;41711201000000000;142461;"У-е ""ЦСМ № 2 г. Бишкек""";"Учреждение ""Центр семейной медицины № 2 г. Бишкек""";42;828;1196;2024;530;723;1253;839;1733;2572;627;1362;1989
Бишкек г.;4171100000000000;Ленинский р-н;41711201000000000;142461;"У-е ""ЦСМ № 2 г. Бишкек""";"Учреждение ""Центр семейной медицины № 2 г. Бишкек""";43;743;1182;1925;500;656;1156;870;1649;2519;657;1315;1972
Бишкек г.;4171100000000000;Ленинский р-н;41711201000000000;142461;"У-е ""ЦСМ № 2 г. Бишкек""";"Учреждение ""Центр семейной медицины № 2 г. Бишкек""";44;720;1019;1739;470;584;1054;724;1415;2139;474;1035;1509
Бишкек г.;4171100000000000;Ленинский р-н;41711201000000000;142461;"У-е ""ЦСМ № 2 г. Бишкек""";"Учреждение ""Центр семейной медицины № 2 г. Бишкек""";45;640;968;1608;394;548;942;799;1538;2337;607;1299;1906
Бишкек г.;4171100000000000;Ленинский р-н;41711201000000000;142461;"У-е ""ЦСМ № 2 г. Бишкек""";"Учреждение ""Центр семейной медицины № 2 г. Бишкек""";46;615;968;1583;407;576;983;758;1455;2213;565;1167;1732
Бишкек г.;4171100000000000;Ленинский р-н;41711201000000000;142461;"У-е ""ЦСМ № 2 г. Бишкек""";"Учреждение ""Центр семейной медицины № 2 г. Бишкек""";47;556;909;1465;359;554;913;620;1263;1883;455;1005;1460
Бишкек г.;4171100000000000;Ленинский р-н;41711201000000000;142461;"У-е ""ЦСМ № 2 г. Бишкек""";"Учреждение ""Центр семейной медицины № 2 г. Бишкек""";48;550;887;1437;340;523;863;779;1278;2057;571;1064;1635
Бишкек г.;4171100000000000;Ленинский р-н;41711201000000000;142461;"У-е ""ЦСМ № 2 г. Бишкек""";"Учреждение ""Центр семейной медицины № 2 г. Бишкек""";49;544;846;1390;356;491;847;673;1424;2097;498;1143;1641
Бишкек г.;4171100000000000;Ленинский р-н;41711201000000000;142461;"У-е ""ЦСМ № 2 г. Бишкек""";"Учреждение ""Центр семейной медицины № 2 г. Бишкек""";50;523;869;1392;327;535;862;751;1506;2257;493;1237;1730
Бишкек г.;4171100000000000;Ленинский р-н;41711201000000000;142461;"У-е ""ЦСМ № 2 г. Бишкек""";"Учреждение ""Центр семейной медицины № 2 г. Бишкек""";51;543;811;1354;338;477;815;870;1509;2379;587;1209;1796
Бишкек г.;4171100000000000;Ленинский р-н;41711201000000000;142461;"У-е ""ЦСМ № 2 г. Бишкек""";"Учреждение ""Центр семейной медицины № 2 г. Бишкек""";52;496;818;1314;304;526;830;749;1691;2440;574;1431;2005
Бишкек г.;4171100000000000;Ленинский р-н;41711201000000000;142461;"У-е ""ЦСМ № 2 г. Бишкек""";"Учреждение ""Центр семейной медицины № 2 г. Бишкек""";53;526;781;1307;324;489;813;769;1738;2507;528;1513;2041
Бишкек г.;4171100000000000;Ленинский р-н;41711201000000000;142461;"У-е ""ЦСМ № 2 г. Бишкек""";"Учреждение ""Центр семейной медицины № 2 г. Бишкек""";54;499;739;1238;312;478;790;846;1517;2363;670;1288;1958
Бишкек г.;4171100000000000;Ленинский р-н;41711201000000000;142461;"У-е ""ЦСМ № 2 г. Бишкек""";"Учреждение ""Центр семейной медицины № 2 г. Бишкек""";55;466;716;1182;306;452;758;830;1722;2552;608;1390;1998
Бишкек г.;4171100000000000;Ленинский р-н;41711201000000000;142461;"У-е ""ЦСМ № 2 г. Бишкек""";"Учреждение ""Центр семейной медицины № 2 г. Бишкек""";56;463;662;1125;310;441;751;827;1576;2403;611;1245;1856
Бишкек г.;4171100000000000;Ленинский р-н;41711201000000000;142461;"У-е ""ЦСМ № 2 г. Бишкек""";"Учреждение ""Центр семейной медицины № 2 г. Бишкек""";57;459;692;1151;300;468;768;993;1673;2666;809;1448;2257
Бишкек г.;4171100000000000;Ленинский р-н;41711201000000000;142461;"У-е ""ЦСМ № 2 г. Бишкек""";"Учреждение ""Центр семейной медицины № 2 г. Бишкек""";58;413;672;1085;288;480;768;1071;1737;2808;923;1489;2412
Бишкек г.;4171100000000000;Ленинский р-н;41711201000000000;142461;"У-е ""ЦСМ № 2 г. Бишкек""";"Учреждение ""Центр семейной медицины № 2 г. Бишкек""";59;453;576;1029;314;400;714;1143;1626;2769;946;1442;2388
Бишкек г.;4171100000000000;Ленинский р-н;41711201000000000;142461;"У-е ""ЦСМ № 2 г. Бишкек""";"Учреждение ""Центр семейной медицины № 2 г. Бишкек""";60;393;560;953;277;446;723;997;1496;2493;824;1413;2237
Бишкек г.;4171100000000000;Ленинский р-н;41711201000000000;142461;"У-е ""ЦСМ № 2 г. Бишкек""";"Учреждение ""Центр семейной медицины № 2 г. Бишкек""";61;434;592;1026;333;533;866;1203;1709;2912;1073;1616;2689
Бишкек г.;4171100000000000;Ленинский р-н;41711201000000000;142461;"У-е ""ЦСМ № 2 г. Бишкек""";"Учреждение ""Центр семейной медицины № 2 г. Бишкек""";62;461;603;1064;355;571;926;1039;1941;2980;890;1890;2780
Бишкек г.;4171100000000000;Ленинский р-н;41711201000000000;142461;"У-е ""ЦСМ № 2 г. Бишкек""";"Учреждение ""Центр семейной медицины № 2 г. Бишкек""";63;368;636;1004;279;603;882;1003;1810;2813;839;1762;2601
Бишкек г.;4171100000000000;Ленинский р-н;41711201000000000;142461;"У-е ""ЦСМ № 2 г. Бишкек""";"Учреждение ""Центр семейной медицины № 2 г. Бишкек""";64;409;622;1031;328;606;934;820;1606;2426;738;1573;2311
Бишкек г.;4171100000000000;Ленинский р-н;41711201000000000;142461;"У-е ""ЦСМ № 2 г. Бишкек""";"Учреждение ""Центр семейной медицины № 2 г. Бишкек""";65;311;589;900;262;583;845;829;1813;2642;758;1795;2553
Бишкек г.;4171100000000000;Ленинский р-н;41711201000000000;142461;"У-е ""ЦСМ № 2 г. Бишкек""";"Учреждение ""Центр семейной медицины № 2 г. Бишкек""";66;318;576;894;287;568;855;789;1605;2394;743;1549;2292
Бишкек г.;4171100000000000;Ленинский р-н;41711201000000000;142461;"У-е ""ЦСМ № 2 г. Бишкек""";"Учреждение ""Центр семейной медицины № 2 г. Бишкек""";67;309;516;825;289;510;799;772;1483;2255;761;1448;2209
Бишкек г.;4171100000000000;Ленинский р-н;41711201000000000;142461;"У-е ""ЦСМ № 2 г. Бишкек""";"Учреждение ""Центр семейной медицины № 2 г. Бишкек""";68;286;494;780;273;488;761;769;1305;2074;744;1303;2047
Бишкек г.;4171100000000000;Ленинский р-н;41711201000000000;142461;"У-е ""ЦСМ № 2 г. Бишкек""";"Учреждение ""Центр семейной медицины № 2 г. Бишкек""";69;247;419;666;239;412;651;617;1249;1866;603;1229;1832
Бишкек г.;4171100000000000;Ленинский р-н;41711201000000000;142461;"У-е ""ЦСМ № 2 г. Бишкек""";"Учреждение ""Центр семейной медицины № 2 г. Бишкек""";70;254;414;668;249;406;655;545;1328;1873;544;1284;1828
Бишкек г.;4171100000000000;Ленинский р-н;41711201000000000;142461;"У-е ""ЦСМ № 2 г. Бишкек""";"Учреждение ""Центр семейной медицины № 2 г. Бишкек""";71;171;397;568;171;395;566;449;1178;1627;447;1178;1625
Бишкек г.;4171100000000000;Ленинский р-н;41711201000000000;142461;"У-е ""ЦСМ № 2 г. Бишкек""";"Учреждение ""Центр семейной медицины № 2 г. Бишкек""";72;198;349;547;197;348;545;481;1262;1743;472;1260;1732
Бишкек г.;4171100000000000;Ленинский р-н;41711201000000000;142461;"У-е ""ЦСМ № 2 г. Бишкек""";"Учреждение ""Центр семейной медицины № 2 г. Бишкек""";73;191;353;544;190;352;542;418;1134;1552;411;1129;1540
Бишкек г.;4171100000000000;Ленинский р-н;41711201000000000;142461;"У-е ""ЦСМ № 2 г. Бишкек""";"Учреждение ""Центр семейной медицины № 2 г. Бишкек""";74;165;290;455;165;290;455;411;897;1308;409;889;1298
Бишкек г.;4171100000000000;Ленинский р-н;41711201000000000;142461;"У-е ""ЦСМ № 2 г. Бишкек""";"Учреждение ""Центр семейной медицины № 2 г. Бишкек""";75;158;279;437;157;279;436;332;800;1132;316;798;1114
Бишкек г.;4171100000000000;Ленинский р-н;41711201000000000;142461;"У-е ""ЦСМ № 2 г. Бишкек""";"Учреждение ""Центр семейной медицины № 2 г. Бишкек""";76;113;280;393;113;280;393;313;725;1038;313;724;1037
Бишкек г.;4171100000000000;Ленинский р-н;41711201000000000;142461;"У-е ""ЦСМ № 2 г. Бишкек""";"Учреждение ""Центр семейной медицины № 2 г. Бишкек""";77;106;265;371;104;264;368;345;772;1117;340;772;1112
Бишкек г.;4171100000000000;Ленинский р-н;41711201000000000;142461;"У-е ""ЦСМ № 2 г. Бишкек""";"Учреждение ""Центр семейной медицины № 2 г. Бишкек""";78;75;176;251;74;176;250;217;376;593;217;374;591
Бишкек г.;4171100000000000;Ленинский р-н;41711201000000000;142461;"У-е ""ЦСМ № 2 г. Бишкек""";"Учреждение ""Центр семейной медицины № 2 г. Бишкек""";79;40;95;135;40;95;135;168;154;322;161;154;315
Бишкек г.;4171100000000000;Ленинский р-н;41711201000000000;142461;"У-е ""ЦСМ № 2 г. Бишкек""";"Учреждение ""Центр семейной медицины № 2 г. Бишкек""";80;41;70;111;40;70;110;93;221;314;85;210;295
Бишкек г.;4171100000000000;Ленинский р-н;41711201000000000;142461;"У-е ""ЦСМ № 2 г. Бишкек""";"Учреждение ""Центр семейной медицины № 2 г. Бишкек""";81;30;83;113;30;81;111;121;285;406;121;280;401
Бишкек г.;4171100000000000;Ленинский р-н;41711201000000000;142461;"У-е ""ЦСМ № 2 г. Бишкек""";"Учреждение ""Центр семейной медицины № 2 г. Бишкек""";82;39;116;155;39;116;155;144;395;539;144;395;539
Бишкек г.;4171100000000000;Ленинский р-н;41711201000000000;142461;"У-е ""ЦСМ № 2 г. Бишкек""";"Учреждение ""Центр семейной медицины № 2 г. Бишкек""";83;46;140;186;45;140;185;81;373;454;79;371;450
Бишкек г.;4171100000000000;Ленинский р-н;41711201000000000;142461;"У-е ""ЦСМ № 2 г. Бишкек""";"Учреждение ""Центр семейной медицины № 2 г. Бишкек""";84;62;166;228;62;166;228;148;308;456;146;308;454
Бишкек г.;4171100000000000;Ленинский р-н;41711201000000000;142461;"У-е ""ЦСМ № 2 г. Бишкек""";"Учреждение ""Центр семейной медицины № 2 г. Бишкек""";85;50;156;206;49;156;205;98;304;402;97;295;392
Бишкек г.;4171100000000000;Ленинский р-н;41711201000000000;142461;"У-е ""ЦСМ № 2 г. Бишкек""";"Учреждение ""Центр семейной медицины № 2 г. Бишкек""";86;42;143;185;42;140;182;42;236;278;42;227;269
Бишкек г.;4171100000000000;Ленинский р-н;41711201000000000;142461;"У-е ""ЦСМ № 2 г. Бишкек""";"Учреждение ""Центр семейной медицины № 2 г. Бишкек""";87;54;129;183;54;129;183;64;217;281;64;217;281
Бишкек г.;4171100000000000;Ленинский р-н;41711201000000000;142461;"У-е ""ЦСМ № 2 г. Бишкек""";"Учреждение ""Центр семейной медицины № 2 г. Бишкек""";88;27;94;121;27;94;121;45;237;282;39;237;276
Бишкек г.;4171100000000000;Ленинский р-н;41711201000000000;142461;"У-е ""ЦСМ № 2 г. Бишкек""";"Учреждение ""Центр семейной медицины № 2 г. Бишкек""";89;18;69;87;18;69;87;38;91;129;38;91;129
Бишкек г.;4171100000000000;Ленинский р-н;41711201000000000;142461;"У-е ""ЦСМ № 2 г. Бишкек""";"Учреждение ""Центр семейной медицины № 2 г. Бишкек""";90;11;54;65;11;54;65;17;70;87;17;69;86
Бишкек г.;4171100000000000;Ленинский р-н;41711201000000000;142461;"У-е ""ЦСМ № 2 г. Бишкек""";"Учреждение ""Центр семейной медицины № 2 г. Бишкек""";91;9;48;57;9;48;57;7;61;68;7;61;68
Бишкек г.;4171100000000000;Ленинский р-н;41711201000000000;142461;"У-е ""ЦСМ № 2 г. Бишкек""";"Учреждение ""Центр семейной медицины № 2 г. Бишкек""";92;11;38;49;11;38;49;51;25;76;51;25;76
Бишкек г.;4171100000000000;Ленинский р-н;41711201000000000;142461;"У-е ""ЦСМ № 2 г. Бишкек""";"Учреждение ""Центр семейной медицины № 2 г. Бишкек""";93;10;30;40;10;30;40;37;39;76;37;39;76
Бишкек г.;4171100000000000;Ленинский р-н;41711201000000000;142461;"У-е ""ЦСМ № 2 г. Бишкек""";"Учреждение ""Центр семейной медицины № 2 г. Бишкек""";94;9;18;27;9;18;27;10;25;35;10;25;35
Бишкек г.;4171100000000000;Ленинский р-н;41711201000000000;142461;"У-е ""ЦСМ № 2 г. Бишкек""";"Учреждение ""Центр семейной медицины № 2 г. Бишкек""";95;4;21;25;4;21;25;7;20;27;7;20;27
Бишкек г.;4171100000000000;Ленинский р-н;41711201000000000;142461;"У-е ""ЦСМ № 2 г. Бишкек""";"Учреждение ""Центр семейной медицины № 2 г. Бишкек""";96;4;19;23;4;19;23;12;9;21;12;9;21
Бишкек г.;4171100000000000;Ленинский р-н;41711201000000000;142461;"У-е ""ЦСМ № 2 г. Бишкек""";"Учреждение ""Центр семейной медицины № 2 г. Бишкек""";97;6;13;19;6;13;19;1;1;2;1;1;2
Бишкек г.;4171100000000000;Ленинский р-н;41711201000000000;142461;"У-е ""ЦСМ № 2 г. Бишкек""";"Учреждение ""Центр семейной медицины № 2 г. Бишкек""";98;1;8;9;1;8;9;0;23;23;0;23;23
Бишкек г.;4171100000000000;Ленинский р-н;41711201000000000;142461;"У-е ""ЦСМ № 2 г. Бишкек""";"Учреждение ""Центр семейной медицины № 2 г. Бишкек""";99;1;11;12;0;11;11;0;1;1;0;1;1
Бишкек г.;4171100000000000;Ленинский р-н;41711201000000000;142461;"У-е ""ЦСМ № 2 г. Бишкек""";"Учреждение ""Центр семейной медицины № 2 г. Бишкек""";101;0;7;7;0;7;7;1;2;3;1;2;3
Бишкек г.;4171100000000000;Первомайский р-н;41711203000000000;142511;"У-е ""ЦСМ № 3 г. Бишкек""";"Учреждение ""Центр семейной медицины № 3 г. Бишкек""";0;439;448;887;439;448;887;13666;13814;27480;13666;13814;27480
Бишкек г.;4171100000000000;Первомайский р-н;41711203000000000;142511;"У-е ""ЦСМ № 3 г. Бишкек""";"Учреждение ""Центр семейной медицины № 3 г. Бишкек""";1;939;945;1884;939;945;1884;7122;6858;13980;7122;6858;13980
Бишкек г.;4171100000000000;Первомайский р-н;41711203000000000;142511;"У-е ""ЦСМ № 3 г. Бишкек""";"Учреждение ""Центр семейной медицины № 3 г. Бишкек""";2;1136;1024;2160;1136;1024;2160;5476;4967;10443;5476;4967;10443
Бишкек г.;4171100000000000;Первомайский р-н;41711203000000000;142511;"У-е ""ЦСМ № 3 г. Бишкек""";"Учреждение ""Центр семейной медицины № 3 г. Бишкек""";3;1103;1081;2184;1103;1081;2184;3332;2940;6272;3332;2940;6272
Бишкек г.;4171100000000000;Первомайский р-н;41711203000000000;142511;"У-е ""ЦСМ № 3 г. Бишкек""";"Учреждение ""Центр семейной медицины № 3 г. Бишкек""";4;1182;1287;2469;1182;1287;2469;2747;2601;5348;2747;2601;5348
Бишкек г.;4171100000000000;Первомайский р-н;41711203000000000;142511;"У-е ""ЦСМ № 3 г. Бишкек""";"Учреждение ""Центр семейной медицины № 3 г. Бишкек""";5;1178;1193;2371;1178;1193;2371;2587;2466;5053;2587;2466;5053
Бишкек г.;4171100000000000;Первомайский р-н;41711203000000000;142511;"У-е ""ЦСМ № 3 г. Бишкек""";"Учреждение ""Центр семейной медицины № 3 г. Бишкек""";6;1217;1317;2534;1217;1317;2534;3347;2894;6241;3347;2894;6241
Бишкек г.;4171100000000000;Первомайский р-н;41711203000000000;142511;"У-е ""ЦСМ № 3 г. Бишкек""";"Учреждение ""Центр семейной медицины № 3 г. Бишкек""";7;1195;1283;2478;1195;1283;2478;1919;1662;3581;1919;1662;3581
Бишкек г.;4171100000000000;Первомайский р-н;41711203000000000;142511;"У-е ""ЦСМ № 3 г. Бишкек""";"Учреждение ""Центр семейной медицины № 3 г. Бишкек""";8;1243;1407;2650;1243;1407;2650;1401;1157;2558;1401;1157;2558
Бишкек г.;4171100000000000;Первомайский р-н;41711203000000000;142511;"У-е ""ЦСМ № 3 г. Бишкек""";"Учреждение ""Центр семейной медицины № 3 г. Бишкек""";9;1197;1333;2530;1197;1333;2530;1276;1165;2441;1276;1165;2441
Бишкек г.;4171100000000000;Первомайский р-н;41711203000000000;142511;"У-е ""ЦСМ № 3 г. Бишкек""";"Учреждение ""Центр семейной медицины № 3 г. Бишкек""";10;1126;1295;2421;1126;1295;2421;1293;1022;2315;1293;1022;2315
Бишкек г.;4171100000000000;Первомайский р-н;41711203000000000;142511;"У-е ""ЦСМ № 3 г. Бишкек""";"Учреждение ""Центр семейной медицины № 3 г. Бишкек""";11;1060;1248;2308;1060;1248;2308;1173;1123;2296;1173;1123;2296
Бишкек г.;4171100000000000;Первомайский р-н;41711203000000000;142511;"У-е ""ЦСМ № 3 г. Бишкек""";"Учреждение ""Центр семейной медицины № 3 г. Бишкек""";12;1004;1217;2221;1004;1217;2221;1033;1056;2089;1033;1056;2089
Бишкек г.;4171100000000000;Первомайский р-н;41711203000000000;142511;"У-е ""ЦСМ № 3 г. Бишкек""";"Учреждение ""Центр семейной медицины № 3 г. Бишкек""";13;1004;1221;2225;1004;1221;2225;1063;966;2029;1063;966;2029
Бишкек г.;4171100000000000;Первомайский р-н;41711203000000000;142511;"У-е ""ЦСМ № 3 г. Бишкек""";"Учреждение ""Центр семейной медицины № 3 г. Бишкек""";14;925;1251;2176;925;1251;2176;1217;1139;2356;1217;1139;2356
Бишкек г.;4171100000000000;Первомайский р-н;41711203000000000;142511;"У-е ""ЦСМ № 3 г. Бишкек""";"Учреждение ""Центр семейной медицины № 3 г. Бишкек""";15;918;1164;2082;918;1164;2082;1487;1107;2594;1487;1107;2594
Бишкек г.;4171100000000000;Первомайский р-н;41711203000000000;142511;"У-е ""ЦСМ № 3 г. Бишкек""";"Учреждение ""Центр семейной медицины № 3 г. Бишкек""";16;829;1160;1989;829;1160;1989;1229;1215;2444;1202;1190;2392
Бишкек г.;4171100000000000;Первомайский р-н;41711203000000000;142511;"У-е ""ЦСМ № 3 г. Бишкек""";"Учреждение ""Центр семейной медицины № 3 г. Бишкек""";17;732;1097;1829;708;1077;1785;1102;1416;2518;1003;1276;2279
Бишкек г.;4171100000000000;Первомайский р-н;41711203000000000;142511;"У-е ""ЦСМ № 3 г. Бишкек""";"Учреждение ""Центр семейной медицины № 3 г. Бишкек""";18;663;1012;1675;604;956;1560;998;1611;2609;626;1023;1649
Бишкек г.;4171100000000000;Первомайский р-н;41711203000000000;142511;"У-е ""ЦСМ № 3 г. Бишкек""";"Учреждение ""Центр семейной медицины № 3 г. Бишкек""";19;606;688;1294;199;290;489;660;1406;2066;109;314;423
Бишкек г.;4171100000000000;Первомайский р-н;41711203000000000;142511;"У-е ""ЦСМ № 3 г. Бишкек""";"Учреждение ""Центр семейной медицины № 3 г. Бишкек""";20;600;647;1247;47;105;152;522;1551;2073;78;318;396
Бишкек г.;4171100000000000;Первомайский р-н;41711203000000000;142511;"У-е ""ЦСМ № 3 г. Бишкек""";"Учреждение ""Центр семейной медицины № 3 г. Бишкек""";21;555;695;1250;75;136;211;544;1616;2160;149;496;645
Бишкек г.;4171100000000000;Первомайский р-н;41711203000000000;142511;"У-е ""ЦСМ № 3 г. Бишкек""";"Учреждение ""Центр семейной медицины № 3 г. Бишкек""";22;512;818;1330;89;183;272;586;1827;2413;220;700;920
Бишкек г.;4171100000000000;Первомайский р-н;41711203000000000;142511;"У-е ""ЦСМ № 3 г. Бишкек""";"Учреждение ""Центр семейной медицины № 3 г. Бишкек""";23;532;863;1395;87;272;359;368;1936;2304;90;884;974
Бишкек г.;4171100000000000;Первомайский р-н;41711203000000000;142511;"У-е ""ЦСМ № 3 г. Бишкек""";"Учреждение ""Центр семейной медицины № 3 г. Бишкек""";24;473;877;1350;92;320;412;424;2169;2593;137;983;1120
Бишкек г.;4171100000000000;Первомайский р-н;41711203000000000;142511;"У-е ""ЦСМ № 3 г. Бишкек""";"Учреждение ""Центр семейной медицины № 3 г. Бишкек""";25;468;969;1437;95;344;439;439;2271;2710;160;1183;1343
Бишкек г.;4171100000000000;Первомайский р-н;41711203000000000;142511;"У-е ""ЦСМ № 3 г. Бишкек""";"Учреждение ""Центр семейной медицины № 3 г. Бишкек""";26;493;1067;1560;111;417;528;483;2341;2824;196;1342;1538
Бишкек г.;4171100000000000;Первомайский р-н;41711203000000000;142511;"У-е ""ЦСМ № 3 г. Бишкек""";"Учреждение ""Центр семейной медицины № 3 г. Бишкек""";27;495;963;1458;159;452;611;525;2257;2782;198;1500;1698
Бишкек г.;4171100000000000;Первомайский р-н;41711203000000000;142511;"У-е ""ЦСМ № 3 г. Бишкек""";"Учреждение ""Центр семейной медицины № 3 г. Бишкек""";28;569;1034;1603;203;478;681;536;2332;2868;302;1597;1899
Бишкек г.;4171100000000000;Первомайский р-н;41711203000000000;142511;"У-е ""ЦСМ № 3 г. Бишкек""";"Учреждение ""Центр семейной медицины № 3 г. Бишкек""";29;607;1119;1726;245;558;803;603;2555;3158;312;1836;2148
Бишкек г.;4171100000000000;Первомайский р-н;41711203000000000;142511;"У-е ""ЦСМ № 3 г. Бишкек""";"Учреждение ""Центр семейной медицины № 3 г. Бишкек""";30;637;1101;1738;294;577;871;600;2532;3132;359;1847;2206
Бишкек г.;4171100000000000;Первомайский р-н;41711203000000000;142511;"У-е ""ЦСМ № 3 г. Бишкек""";"Учреждение ""Центр семейной медицины № 3 г. Бишкек""";31;600;1061;1661;312;654;966;597;2430;3027;373;1666;2039
Бишкек г.;4171100000000000;Первомайский р-н;41711203000000000;142511;"У-е ""ЦСМ № 3 г. Бишкек""";"Учреждение ""Центр семейной медицины № 3 г. Бишкек""";32;670;1209;1879;331;728;1059;686;2803;3489;395;2114;2509
Бишкек г.;4171100000000000;Первомайский р-н;41711203000000000;142511;"У-е ""ЦСМ № 3 г. Бишкек""";"Учреждение ""Центр семейной медицины № 3 г. Бишкек""";33;651;1163;1814;351;706;1057;644;2407;3051;428;1760;2188
Бишкек г.;4171100000000000;Первомайский р-н;41711203000000000;142511;"У-е ""ЦСМ № 3 г. Бишкек""";"Учреждение ""Центр семейной медицины № 3 г. Бишкек""";34;679;1101;1780;391;660;1051;714;2424;3138;526;1747;2273
Бишкек г.;4171100000000000;Первомайский р-н;41711203000000000;142511;"У-е ""ЦСМ № 3 г. Бишкек""";"Учреждение ""Центр семейной медицины № 3 г. Бишкек""";35;674;1151;1825;420;690;1110;621;2506;3127;451;1786;2237
Бишкек г.;4171100000000000;Первомайский р-н;41711203000000000;142511;"У-е ""ЦСМ № 3 г. Бишкек""";"Учреждение ""Центр семейной медицины № 3 г. Бишкек""";36;676;1109;1785;387;713;1100;767;2510;3277;500;1898;2398
Бишкек г.;4171100000000000;Первомайский р-н;41711203000000000;142511;"У-е ""ЦСМ № 3 г. Бишкек""";"Учреждение ""Центр семейной медицины № 3 г. Бишкек""";37;702;1041;1743;433;658;1091;677;1990;2667;488;1480;1968
Бишкек г.;4171100000000000;Первомайский р-н;41711203000000000;142511;"У-е ""ЦСМ № 3 г. Бишкек""";"Учреждение ""Центр семейной медицины № 3 г. Бишкек""";38;645;1042;1687;404;652;1056;663;2079;2742;451;1598;2049
Бишкек г.;4171100000000000;Первомайский р-н;41711203000000000;142511;"У-е ""ЦСМ № 3 г. Бишкек""";"Учреждение ""Центр семейной медицины № 3 г. Бишкек""";39;638;1041;1679;383;615;998;597;1900;2497;452;1443;1895
Бишкек г.;4171100000000000;Первомайский р-н;41711203000000000;142511;"У-е ""ЦСМ № 3 г. Бишкек""";"Учреждение ""Центр семейной медицины № 3 г. Бишкек""";40;628;978;1606;360;595;955;589;1655;2244;376;1193;1569
Бишкек г.;4171100000000000;Первомайский р-н;41711203000000000;142511;"У-е ""ЦСМ № 3 г. Бишкек""";"Учреждение ""Центр семейной медицины № 3 г. Бишкек""";41;578;856;1434;315;484;799;598;1430;2028;357;1064;1421
Бишкек г.;4171100000000000;Первомайский р-н;41711203000000000;142511;"У-е ""ЦСМ № 3 г. Бишкек""";"Учреждение ""Центр семейной медицины № 3 г. Бишкек""";42;558;842;1400;335;472;807;646;1479;2125;461;1080;1541
Бишкек г.;4171100000000000;Первомайский р-н;41711203000000000;142511;"У-е ""ЦСМ № 3 г. Бишкек""";"Учреждение ""Центр семейной медицины № 3 г. Бишкек""";43;567;801;1368;341;434;775;531;1360;1891;336;785;1121
Бишкек г.;4171100000000000;Первомайский р-н;41711203000000000;142511;"У-е ""ЦСМ № 3 г. Бишкек""";"Учреждение ""Центр семейной медицины № 3 г. Бишкек""";44;506;794;1300;285;384;669;607;1251;1858;328;861;1189
Бишкек г.;4171100000000000;Первомайский р-н;41711203000000000;142511;"У-е ""ЦСМ № 3 г. Бишкек""";"Учреждение ""Центр семейной медицины № 3 г. Бишкек""";45;525;785;1310;289;397;686;821;1217;2038;550;801;1351
Бишкек г.;4171100000000000;Первомайский р-н;41711203000000000;142511;"У-е ""ЦСМ № 3 г. Бишкек""";"Учреждение ""Центр семейной медицины № 3 г. Бишкек""";46;496;713;1209;295;340;635;669;1230;1899;452;842;1294
Бишкек г.;4171100000000000;Первомайский р-н;41711203000000000;142511;"У-е ""ЦСМ № 3 г. Бишкек""";"Учреждение ""Центр семейной медицины № 3 г. Бишкек""";47;461;703;1164;263;344;607;543;1196;1739;402;832;1234
Бишкек г.;4171100000000000;Первомайский р-н;41711203000000000;142511;"У-е ""ЦСМ № 3 г. Бишкек""";"Учреждение ""Центр семейной медицины № 3 г. Бишкек""";48;449;676;1125;258;319;577;687;1101;1788;374;756;1130
Бишкек г.;4171100000000000;Первомайский р-н;41711203000000000;142511;"У-е ""ЦСМ № 3 г. Бишкек""";"Учреждение ""Центр семейной медицины № 3 г. Бишкек""";49;391;615;1006;228;315;543;492;1502;1994;350;1151;1501
Бишкек г.;4171100000000000;Первомайский р-н;41711203000000000;142511;"У-е ""ЦСМ № 3 г. Бишкек""";"Учреждение ""Центр семейной медицины № 3 г. Бишкек""";50;410;613;1023;217;324;541;641;1305;1946;444;994;1438
Бишкек г.;4171100000000000;Первомайский р-н;41711203000000000;142511;"У-е ""ЦСМ № 3 г. Бишкек""";"Учреждение ""Центр семейной медицины № 3 г. Бишкек""";51;416;633;1049;245;316;561;531;1448;1979;348;1087;1435
Бишкек г.;4171100000000000;Первомайский р-н;41711203000000000;142511;"У-е ""ЦСМ № 3 г. Бишкек""";"Учреждение ""Центр семейной медицины № 3 г. Бишкек""";52;377;687;1064;205;353;558;677;1465;2142;466;1155;1621
Бишкек г.;4171100000000000;Первомайский р-н;41711203000000000;142511;"У-е ""ЦСМ № 3 г. Бишкек""";"Учреждение ""Центр семейной медицины № 3 г. Бишкек""";53;395;579;974;238;310;548;700;1452;2152;455;1022;1477
Бишкек г.;4171100000000000;Первомайский р-н;41711203000000000;142511;"У-е ""ЦСМ № 3 г. Бишкек""";"Учреждение ""Центр семейной медицины № 3 г. Бишкек""";54;414;661;1075;223;317;540;535;1308;1843;371;916;1287
Бишкек г.;4171100000000000;Первомайский р-н;41711203000000000;142511;"У-е ""ЦСМ № 3 г. Бишкек""";"Учреждение ""Центр семейной медицины № 3 г. Бишкек""";55;329;543;872;188;273;461;838;1345;2183;568;972;1540
Бишкек г.;4171100000000000;Первомайский р-н;41711203000000000;142511;"У-е ""ЦСМ № 3 г. Бишкек""";"Учреждение ""Центр семейной медицины № 3 г. Бишкек""";56;356;542;898;221;294;515;877;1380;2257;698;1065;1763
Бишкек г.;4171100000000000;Первомайский р-н;41711203000000000;142511;"У-е ""ЦСМ № 3 г. Бишкек""";"Учреждение ""Центр семейной медицины № 3 г. Бишкек""";57;339;531;870;198;303;501;567;1337;1904;379;1025;1404
Бишкек г.;4171100000000000;Первомайский р-н;41711203000000000;142511;"У-е ""ЦСМ № 3 г. Бишкек""";"Учреждение ""Центр семейной медицины № 3 г. Бишкек""";58;334;493;827;205;298;503;748;1623;2371;526;1185;1711
Бишкек г.;4171100000000000;Первомайский р-н;41711203000000000;142511;"У-е ""ЦСМ № 3 г. Бишкек""";"Учреждение ""Центр семейной медицины № 3 г. Бишкек""";59;355;492;847;222;299;521;995;1420;2415;677;1086;1763
Бишкек г.;4171100000000000;Первомайский р-н;41711203000000000;142511;"У-е ""ЦСМ № 3 г. Бишкек""";"Учреждение ""Центр семейной медицины № 3 г. Бишкек""";60;342;506;848;207;332;539;1055;1345;2400;691;1069;1760
Бишкек г.;4171100000000000;Первомайский р-н;41711203000000000;142511;"У-е ""ЦСМ № 3 г. Бишкек""";"Учреждение ""Центр семейной медицины № 3 г. Бишкек""";61;325;437;762;222;313;535;874;1458;2332;700;1264;1964
Бишкек г.;4171100000000000;Первомайский р-н;41711203000000000;142511;"У-е ""ЦСМ № 3 г. Бишкек""";"Учреждение ""Центр семейной медицины № 3 г. Бишкек""";62;304;469;773;215;359;574;882;1685;2567;633;1441;2074
Бишкек г.;4171100000000000;Первомайский р-н;41711203000000000;142511;"У-е ""ЦСМ № 3 г. Бишкек""";"Учреждение ""Центр семейной медицины № 3 г. Бишкек""";63;337;512;849;227;394;621;777;1540;2317;601;1424;2025
Бишкек г.;4171100000000000;Первомайский р-н;41711203000000000;142511;"У-е ""ЦСМ № 3 г. Бишкек""";"Учреждение ""Центр семейной медицины № 3 г. Бишкек""";64;296;479;775;217;394;611;766;1540;2306;681;1478;2159
Бишкек г.;4171100000000000;Первомайский р-н;41711203000000000;142511;"У-е ""ЦСМ № 3 г. Бишкек""";"Учреждение ""Центр семейной медицины № 3 г. Бишкек""";65;272;441;713;209;415;624;664;1556;2220;608;1530;2138
Бишкек г.;4171100000000000;Первомайский р-н;41711203000000000;142511;"У-е ""ЦСМ № 3 г. Бишкек""";"Учреждение ""Центр семейной медицины № 3 г. Бишкек""";66;276;396;672;223;364;587;686;1371;2057;602;1332;1934
Бишкек г.;4171100000000000;Первомайский р-н;41711203000000000;142511;"У-е ""ЦСМ № 3 г. Бишкек""";"Учреждение ""Центр семейной медицины № 3 г. Бишкек""";67;211;436;647;178;406;584;674;1468;2142;613;1440;2053
Бишкек г.;4171100000000000;Первомайский р-н;41711203000000000;142511;"У-е ""ЦСМ № 3 г. Бишкек""";"Учреждение ""Центр семейной медицины № 3 г. Бишкек""";68;193;356;549;157;327;484;555;1119;1674;521;1082;1603
Бишкек г.;4171100000000000;Первомайский р-н;41711203000000000;142511;"У-е ""ЦСМ № 3 г. Бишкек""";"Учреждение ""Центр семейной медицины № 3 г. Бишкек""";69;218;378;596;195;352;547;472;1070;1542;460;1043;1503
Бишкек г.;4171100000000000;Первомайский р-н;41711203000000000;142511;"У-е ""ЦСМ № 3 г. Бишкек""";"Учреждение ""Центр семейной медицины № 3 г. Бишкек""";70;197;353;550;183;337;520;413;1053;1466;403;1011;1414
Бишкек г.;4171100000000000;Первомайский р-н;41711203000000000;142511;"У-е ""ЦСМ № 3 г. Бишкек""";"Учреждение ""Центр семейной медицины № 3 г. Бишкек""";71;159;296;455;159;295;454;452;885;1337;437;883;1320
Бишкек г.;4171100000000000;Первомайский р-н;41711203000000000;142511;"У-е ""ЦСМ № 3 г. Бишкек""";"Учреждение ""Центр семейной медицины № 3 г. Бишкек""";72;160;271;431;160;269;429;373;939;1312;373;933;1306
Бишкек г.;4171100000000000;Первомайский р-н;41711203000000000;142511;"У-е ""ЦСМ № 3 г. Бишкек""";"Учреждение ""Центр семейной медицины № 3 г. Бишкек""";73;129;279;408;129;278;407;423;793;1216;423;786;1209
Бишкек г.;4171100000000000;Первомайский р-н;41711203000000000;142511;"У-е ""ЦСМ № 3 г. Бишкек""";"Учреждение ""Центр семейной медицины № 3 г. Бишкек""";74;138;276;414;138;275;413;400;968;1368;400;966;1366
Бишкек г.;4171100000000000;Первомайский р-н;41711203000000000;142511;"У-е ""ЦСМ № 3 г. Бишкек""";"Учреждение ""Центр семейной медицины № 3 г. Бишкек""";75;102;248;350;102;248;350;316;718;1034;314;718;1032
Бишкек г.;4171100000000000;Первомайский р-н;41711203000000000;142511;"У-е ""ЦСМ № 3 г. Бишкек""";"Учреждение ""Центр семейной медицины № 3 г. Бишкек""";76;70;228;298;70;228;298;298;718;1016;298;717;1015
Бишкек г.;4171100000000000;Первомайский р-н;41711203000000000;142511;"У-е ""ЦСМ № 3 г. Бишкек""";"Учреждение ""Центр семейной медицины № 3 г. Бишкек""";77;108;251;359;108;248;356;250;662;912;248;656;904
Бишкек г.;4171100000000000;Первомайский р-н;41711203000000000;142511;"У-е ""ЦСМ № 3 г. Бишкек""";"Учреждение ""Центр семейной медицины № 3 г. Бишкек""";78;48;188;236;48;187;235;75;406;481;75;396;471
Бишкек г.;4171100000000000;Первомайский р-н;41711203000000000;142511;"У-е ""ЦСМ № 3 г. Бишкек""";"Учреждение ""Центр семейной медицины № 3 г. Бишкек""";79;34;155;189;33;155;188;74;206;280;71;206;277
Бишкек г.;4171100000000000;Первомайский р-н;41711203000000000;142511;"У-е ""ЦСМ № 3 г. Бишкек""";"Учреждение ""Центр семейной медицины № 3 г. Бишкек""";80;26;90;116;26;90;116;119;83;202;119;83;202
Бишкек г.;4171100000000000;Первомайский р-н;41711203000000000;142511;"У-е ""ЦСМ № 3 г. Бишкек""";"Учреждение ""Центр семейной медицины № 3 г. Бишкек""";81;15;110;125;15;110;125;46;252;298;46;252;298
Бишкек г.;4171100000000000;Первомайский р-н;41711203000000000;142511;"У-е ""ЦСМ № 3 г. Бишкек""";"Учреждение ""Центр семейной медицины № 3 г. Бишкек""";82;29;139;168;29;139;168;76;270;346;76;270;346
Бишкек г.;4171100000000000;Первомайский р-н;41711203000000000;142511;"У-е ""ЦСМ № 3 г. Бишкек""";"Учреждение ""Центр семейной медицины № 3 г. Бишкек""";83;44;134;178;44;134;178;88;232;320;87;232;319
Бишкек г.;4171100000000000;Первомайский р-н;41711203000000000;142511;"У-е ""ЦСМ № 3 г. Бишкек""";"Учреждение ""Центр семейной медицины № 3 г. Бишкек""";84;41;134;175;41;134;175;85;290;375;85;289;374
Бишкек г.;4171100000000000;Первомайский р-н;41711203000000000;142511;"У-е ""ЦСМ № 3 г. Бишкек""";"Учреждение ""Центр семейной медицины № 3 г. Бишкек""";85;32;110;142;32;109;141;26;195;221;26;188;214
Бишкек г.;4171100000000000;Первомайский р-н;41711203000000000;142511;"У-е ""ЦСМ № 3 г. Бишкек""";"Учреждение ""Центр семейной медицины № 3 г. Бишкек""";86;33;113;146;33;113;146;84;192;276;84;192;276
Бишкек г.;4171100000000000;Первомайский р-н;41711203000000000;142511;"У-е ""ЦСМ № 3 г. Бишкек""";"Учреждение ""Центр семейной медицины № 3 г. Бишкек""";87;47;97;144;47;97;144;71;100;171;71;100;171
Бишкек г.;4171100000000000;Первомайский р-н;41711203000000000;142511;"У-е ""ЦСМ № 3 г. Бишкек""";"Учреждение ""Центр семейной медицины № 3 г. Бишкек""";88;27;73;100;27;73;100;64;91;155;64;90;154
Бишкек г.;4171100000000000;Первомайский р-н;41711203000000000;142511;"У-е ""ЦСМ № 3 г. Бишкек""";"Учреждение ""Центр семейной медицины № 3 г. Бишкек""";89;16;62;78;16;62;78;16;27;43;16;23;39
Бишкек г.;4171100000000000;Первомайский р-н;41711203000000000;142511;"У-е ""ЦСМ № 3 г. Бишкек""";"Учреждение ""Центр семейной медицины № 3 г. Бишкек""";90;15;43;58;15;43;58;23;32;55;23;32;55
Бишкек г.;4171100000000000;Первомайский р-н;41711203000000000;142511;"У-е ""ЦСМ № 3 г. Бишкек""";"Учреждение ""Центр семейной медицины № 3 г. Бишкек""";91;10;37;47;10;37;47;12;68;80;12;68;80
Бишкек г.;4171100000000000;Первомайский р-н;41711203000000000;142511;"У-е ""ЦСМ № 3 г. Бишкек""";"Учреждение ""Центр семейной медицины № 3 г. Бишкек""";92;12;41;53;12;41;53;4;27;31;4;27;31
Бишкек г.;4171100000000000;Первомайский р-н;41711203000000000;142511;"У-е ""ЦСМ № 3 г. Бишкек""";"Учреждение ""Центр семейной медицины № 3 г. Бишкек""";93;10;32;42;10;32;42;2;24;26;2;24;26
Бишкек г.;4171100000000000;Первомайский р-н;41711203000000000;142511;"У-е ""ЦСМ № 3 г. Бишкек""";"Учреждение ""Центр семейной медицины № 3 г. Бишкек""";94;16;27;43;16;27;43;0;21;21;0;21;21
Бишкек г.;4171100000000000;Первомайский р-н;41711203000000000;142511;"У-е ""ЦСМ № 3 г. Бишкек""";"Учреждение ""Центр семейной медицины № 3 г. Бишкек""";95;7;31;38;7;31;38;1;9;10;1;9;10
Бишкек г.;4171100000000000;Первомайский р-н;41711203000000000;142511;"У-е ""ЦСМ № 3 г. Бишкек""";"Учреждение ""Центр семейной медицины № 3 г. Бишкек""";96;6;15;21;6;15;21;0;10;10;0;10;10
Бишкек г.;4171100000000000;Первомайский р-н;41711203000000000;142511;"У-е ""ЦСМ № 3 г. Бишкек""";"Учреждение ""Центр семейной медицины № 3 г. Бишкек""";97;2;9;11;2;9;11;0;7;7;0;7;7
Бишкек г.;4171100000000000;Первомайский р-н;41711203000000000;142511;"У-е ""ЦСМ № 3 г. Бишкек""";"Учреждение ""Центр семейной медицины № 3 г. Бишкек""";98;0;4;4;0;4;4;7;10;17;7;10;17
Бишкек г.;4171100000000000;Первомайский р-н;41711203000000000;142511;"У-е ""ЦСМ № 3 г. Бишкек""";"Учреждение ""Центр семейной медицины № 3 г. Бишкек""";99;0;6;6;0;6;6;0;2;2;0;2;2
Бишкек г.;4171100000000000;Первомайский р-н;41711203000000000;142511;"У-е ""ЦСМ № 3 г. Бишкек""";"Учреждение ""Центр семейной медицины № 3 г. Бишкек""";103;0;4;4;0;3;3;0;2;2;0;0;0
Бишкек г.;4171100000000000;Свердловский р-н;41711204000000000;142451;"У-е ""ЦСМ № 4 г. Бишкек""";"Учреждение ""Центр семейной медицины № 4 г. Бишкек""";0;616;583;1199;616;583;1199;11180;10281;21461;11180;10281;21461
Бишкек г.;4171100000000000;Свердловский р-н;41711204000000000;142451;"У-е ""ЦСМ № 4 г. Бишкек""";"Учреждение ""Центр семейной медицины № 4 г. Бишкек""";1;888;854;1742;888;854;1742;5592;5444;11036;5592;5444;11036
Бишкек г.;4171100000000000;Свердловский р-н;41711204000000000;142451;"У-е ""ЦСМ № 4 г. Бишкек""";"Учреждение ""Центр семейной медицины № 4 г. Бишкек""";2;970;961;1931;970;961;1931;4785;4530;9315;4785;4530;9315
Бишкек г.;4171100000000000;Свердловский р-н;41711204000000000;142451;"У-е ""ЦСМ № 4 г. Бишкек""";"Учреждение ""Центр семейной медицины № 4 г. Бишкек""";3;1059;1030;2089;1059;1030;2089;3577;3437;7014;3577;3437;7014
Бишкек г.;4171100000000000;Свердловский р-н;41711204000000000;142451;"У-е ""ЦСМ № 4 г. Бишкек""";"Учреждение ""Центр семейной медицины № 4 г. Бишкек""";4;1146;1034;2180;1146;1034;2180;3115;2706;5821;3115;2706;5821
Бишкек г.;4171100000000000;Свердловский р-н;41711204000000000;142451;"У-е ""ЦСМ № 4 г. Бишкек""";"Учреждение ""Центр семейной медицины № 4 г. Бишкек""";5;1063;1083;2146;1063;1083;2146;2385;2061;4446;2385;2061;4446
Бишкек г.;4171100000000000;Свердловский р-н;41711204000000000;142451;"У-е ""ЦСМ № 4 г. Бишкек""";"Учреждение ""Центр семейной медицины № 4 г. Бишкек""";6;1108;1244;2352;1108;1244;2352;3410;3370;6780;3410;3370;6780
Бишкек г.;4171100000000000;Свердловский р-н;41711204000000000;142451;"У-е ""ЦСМ № 4 г. Бишкек""";"Учреждение ""Центр семейной медицины № 4 г. Бишкек""";7;1108;1224;2332;1108;1224;2332;2545;2270;4815;2545;2270;4815
Бишкек г.;4171100000000000;Свердловский р-н;41711204000000000;142451;"У-е ""ЦСМ № 4 г. Бишкек""";"Учреждение ""Центр семейной медицины № 4 г. Бишкек""";8;1204;1232;2436;1204;1232;2436;1673;1416;3089;1673;1416;3089
Бишкек г.;4171100000000000;Свердловский р-н;41711204000000000;142451;"У-е ""ЦСМ № 4 г. Бишкек""";"Учреждение ""Центр семейной медицины № 4 г. Бишкек""";9;1254;1310;2564;1254;1310;2564;1581;1424;3005;1581;1424;3005
Бишкек г.;4171100000000000;Свердловский р-н;41711204000000000;142451;"У-е ""ЦСМ № 4 г. Бишкек""";"Учреждение ""Центр семейной медицины № 4 г. Бишкек""";10;1199;1291;2490;1199;1291;2490;1586;1349;2935;1586;1349;2935
Бишкек г.;4171100000000000;Свердловский р-н;41711204000000000;142451;"У-е ""ЦСМ № 4 г. Бишкек""";"Учреждение ""Центр семейной медицины № 4 г. Бишкек""";11;1199;1400;2599;1199;1400;2599;2078;1857;3935;2078;1857;3935
Бишкек г.;4171100000000000;Свердловский р-н;41711204000000000;142451;"У-е ""ЦСМ № 4 г. Бишкек""";"Учреждение ""Центр семейной медицины № 4 г. Бишкек""";12;1089;1395;2484;1089;1395;2484;1333;1341;2674;1333;1341;2674
Бишкек г.;4171100000000000;Свердловский р-н;41711204000000000;142451;"У-е ""ЦСМ № 4 г. Бишкек""";"Учреждение ""Центр семейной медицины № 4 г. Бишкек""";13;1085;1340;2425;1085;1340;2425;1328;1462;2790;1328;1462;2790
Бишкек г.;4171100000000000;Свердловский р-н;41711204000000000;142451;"У-е ""ЦСМ № 4 г. Бишкек""";"Учреждение ""Центр семейной медицины № 4 г. Бишкек""";14;1041;1304;2345;1041;1304;2345;1896;1701;3597;1896;1701;3597
Бишкек г.;4171100000000000;Свердловский р-н;41711204000000000;142451;"У-е ""ЦСМ № 4 г. Бишкек""";"Учреждение ""Центр семейной медицины № 4 г. Бишкек""";15;1045;1263;2308;1045;1263;2308;2095;1972;4067;2095;1972;4067
Бишкек г.;4171100000000000;Свердловский р-н;41711204000000000;142451;"У-е ""ЦСМ № 4 г. Бишкек""";"Учреждение ""Центр семейной медицины № 4 г. Бишкек""";16;1013;1299;2312;1013;1299;2312;1774;1825;3599;1727;1752;3479
Бишкек г.;4171100000000000;Свердловский р-н;41711204000000000;142451;"У-е ""ЦСМ № 4 г. Бишкек""";"Учреждение ""Центр семейной медицины № 4 г. Бишкек""";17;968;1122;2090;946;1097;2043;1906;1821;3727;1739;1604;3343
Бишкек г.;4171100000000000;Свердловский р-н;41711204000000000;142451;"У-е ""ЦСМ № 4 г. Бишкек""";"Учреждение ""Центр семейной медицины № 4 г. Бишкек""";18;905;1123;2028;850;1059;1909;1422;2067;3489;1111;1518;2629
Бишкек г.;4171100000000000;Свердловский р-н;41711204000000000;142451;"У-е ""ЦСМ № 4 г. Бишкек""";"Учреждение ""Центр семейной медицины № 4 г. Бишкек""";19;804;1052;1856;336;556;892;867;1615;2482;216;637;853
Бишкек г.;4171100000000000;Свердловский р-н;41711204000000000;142451;"У-е ""ЦСМ № 4 г. Бишкек""";"Учреждение ""Центр семейной медицины № 4 г. Бишкек""";20;745;1119;1864;272;560;832;601;1827;2428;189;854;1043
Бишкек г.;4171100000000000;Свердловский р-н;41711204000000000;142451;"У-е ""ЦСМ № 4 г. Бишкек""";"Учреждение ""Центр семейной медицины № 4 г. Бишкек""";21;635;993;1628;249;446;695;585;2095;2680;272;1149;1421
Бишкек г.;4171100000000000;Свердловский р-н;41711204000000000;142451;"У-е ""ЦСМ № 4 г. Бишкек""";"Учреждение ""Центр семейной медицины № 4 г. Бишкек""";22;595;1014;1609;145;286;431;606;2191;2797;148;1177;1325
Бишкек г.;4171100000000000;Свердловский р-н;41711204000000000;142451;"У-е ""ЦСМ № 4 г. Бишкек""";"Учреждение ""Центр семейной медицины № 4 г. Бишкек""";23;633;1076;1709;94;234;328;471;2119;2590;124;1141;1265
Бишкек г.;4171100000000000;Свердловский р-н;41711204000000000;142451;"У-е ""ЦСМ № 4 г. Бишкек""";"Учреждение ""Центр семейной медицины № 4 г. Бишкек""";24;647;1174;1821;117;273;390;536;2363;2899;185;1329;1514
Бишкек г.;4171100000000000;Свердловский р-н;41711204000000000;142451;"У-е ""ЦСМ № 4 г. Бишкек""";"Учреждение ""Центр семейной медицины № 4 г. Бишкек""";25;643;1202;1845;163;343;506;554;2630;3184;269;1602;1871
Бишкек г.;4171100000000000;Свердловский р-н;41711204000000000;142451;"У-е ""ЦСМ № 4 г. Бишкек""";"Учреждение ""Центр семейной медицины № 4 г. Бишкек""";26;621;1226;1847;186;494;680;520;2637;3157;245;1814;2059
Бишкек г.;4171100000000000;Свердловский р-н;41711204000000000;142451;"У-е ""ЦСМ № 4 г. Бишкек""";"Учреждение ""Центр семейной медицины № 4 г. Бишкек""";27;660;1178;1838;240;479;719;512;2502;3014;294;1763;2057
Бишкек г.;4171100000000000;Свердловский р-н;41711204000000000;142451;"У-е ""ЦСМ № 4 г. Бишкек""";"Учреждение ""Центр семейной медицины № 4 г. Бишкек""";28;714;1250;1964;297;566;863;555;2912;3467;323;2052;2375
Бишкек г.;4171100000000000;Свердловский р-н;41711204000000000;142451;"У-е ""ЦСМ № 4 г. Бишкек""";"Учреждение ""Центр семейной медицины № 4 г. Бишкек""";29;683;1285;1968;297;606;903;519;3157;3676;311;2404;2715
Бишкек г.;4171100000000000;Свердловский р-н;41711204000000000;142451;"У-е ""ЦСМ № 4 г. Бишкек""";"Учреждение ""Центр семейной медицины № 4 г. Бишкек""";30;812;1386;2198;374;706;1080;641;2963;3604;390;2275;2665
Бишкек г.;4171100000000000;Свердловский р-н;41711204000000000;142451;"У-е ""ЦСМ № 4 г. Бишкек""";"Учреждение ""Центр семейной медицины № 4 г. Бишкек""";31;826;1243;2069;412;650;1062;630;2698;3328;372;2086;2458
Бишкек г.;4171100000000000;Свердловский р-н;41711204000000000;142451;"У-е ""ЦСМ № 4 г. Бишкек""";"Учреждение ""Центр семейной медицины № 4 г. Бишкек""";32;858;1316;2174;482;730;1212;720;2781;3501;515;2217;2732
Бишкек г.;4171100000000000;Свердловский р-н;41711204000000000;142451;"У-е ""ЦСМ № 4 г. Бишкек""";"Учреждение ""Центр семейной медицины № 4 г. Бишкек""";33;841;1230;2071;541;730;1271;610;2722;3332;433;2156;2589
Бишкек г.;4171100000000000;Свердловский р-н;41711204000000000;142451;"У-е ""ЦСМ № 4 г. Бишкек""";"Учреждение ""Центр семейной медицины № 4 г. Бишкек""";34;876;1388;2264;520;756;1276;613;2930;3543;465;2299;2764
Бишкек г.;4171100000000000;Свердловский р-н;41711204000000000;142451;"У-е ""ЦСМ № 4 г. Бишкек""";"Учреждение ""Центр семейной медицины № 4 г. Бишкек""";35;843;1370;2213;531;774;1305;756;2611;3367;577;2035;2612
Бишкек г.;4171100000000000;Свердловский р-н;41711204000000000;142451;"У-е ""ЦСМ № 4 г. Бишкек""";"Учреждение ""Центр семейной медицины № 4 г. Бишкек""";36;907;1268;2175;591;756;1347;750;2578;3328;597;2084;2681
Бишкек г.;4171100000000000;Свердловский р-н;41711204000000000;142451;"У-е ""ЦСМ № 4 г. Бишкек""";"Учреждение ""Центр семейной медицины № 4 г. Бишкек""";37;854;1282;2136;583;761;1344;699;2567;3266;516;2031;2547
Бишкек г.;4171100000000000;Свердловский р-н;41711204000000000;142451;"У-е ""ЦСМ № 4 г. Бишкек""";"Учреждение ""Центр семейной медицины № 4 г. Бишкек""";38;836;1368;2204;513;761;1274;707;2317;3024;538;1817;2355
Бишкек г.;4171100000000000;Свердловский р-н;41711204000000000;142451;"У-е ""ЦСМ № 4 г. Бишкек""";"Учреждение ""Центр семейной медицины № 4 г. Бишкек""";39;806;1279;2085;505;669;1174;763;2132;2895;573;1562;2135
Бишкек г.;4171100000000000;Свердловский р-н;41711204000000000;142451;"У-е ""ЦСМ № 4 г. Бишкек""";"Учреждение ""Центр семейной медицины № 4 г. Бишкек""";40;800;1334;2134;483;743;1226;760;2113;2873;570;1691;2261
Бишкек г.;4171100000000000;Свердловский р-н;41711204000000000;142451;"У-е ""ЦСМ № 4 г. Бишкек""";"Учреждение ""Центр семейной медицины № 4 г. Бишкек""";41;743;1271;2014;469;663;1132;657;1774;2431;463;1331;1794
Бишкек г.;4171100000000000;Свердловский р-н;41711204000000000;142451;"У-е ""ЦСМ № 4 г. Бишкек""";"Учреждение ""Центр семейной медицины № 4 г. Бишкек""";42;729;1258;1987;419;627;1046;768;1867;2635;532;1387;1919
Бишкек г.;4171100000000000;Свердловский р-н;41711204000000000;142451;"У-е ""ЦСМ № 4 г. Бишкек""";"Учреждение ""Центр семейной медицины № 4 г. Бишкек""";43;739;1220;1959;438;586;1024;776;1631;2407;595;1166;1761
Бишкек г.;4171100000000000;Свердловский р-н;41711204000000000;142451;"У-е ""ЦСМ № 4 г. Бишкек""";"Учреждение ""Центр семейной медицины № 4 г. Бишкек""";44;717;1172;1889;416;540;956;688;1447;2135;527;1068;1595
Бишкек г.;4171100000000000;Свердловский р-н;41711204000000000;142451;"У-е ""ЦСМ № 4 г. Бишкек""";"Учреждение ""Центр семейной медицины № 4 г. Бишкек""";45;631;1084;1715;366;512;878;603;1564;2167;479;1098;1577
Бишкек г.;4171100000000000;Свердловский р-н;41711204000000000;142451;"У-е ""ЦСМ № 4 г. Бишкек""";"Учреждение ""Центр семейной медицины № 4 г. Бишкек""";46;637;1097;1734;378;536;914;709;1391;2100;528;999;1527
Бишкек г.;4171100000000000;Свердловский р-н;41711204000000000;142451;"У-е ""ЦСМ № 4 г. Бишкек""";"Учреждение ""Центр семейной медицины № 4 г. Бишкек""";47;616;973;1589;379;454;833;683;1366;2049;564;1017;1581
Бишкек г.;4171100000000000;Свердловский р-н;41711204000000000;142451;"У-е ""ЦСМ № 4 г. Бишкек""";"Учреждение ""Центр семейной медицины № 4 г. Бишкек""";48;616;1013;1629;358;499;857;661;1671;2332;471;1200;1671
Бишкек г.;4171100000000000;Свердловский р-н;41711204000000000;142451;"У-е ""ЦСМ № 4 г. Бишкек""";"Учреждение ""Центр семейной медицины № 4 г. Бишкек""";49;543;1029;1572;321;492;813;686;1514;2200;522;1139;1661
Бишкек г.;4171100000000000;Свердловский р-н;41711204000000000;142451;"У-е ""ЦСМ № 4 г. Бишкек""";"Учреждение ""Центр семейной медицины № 4 г. Бишкек""";50;566;930;1496;321;462;783;768;1496;2264;572;1207;1779
Бишкек г.;4171100000000000;Свердловский р-н;41711204000000000;142451;"У-е ""ЦСМ № 4 г. Бишкек""";"Учреждение ""Центр семейной медицины № 4 г. Бишкек""";51;533;922;1455;298;413;711;754;1546;2300;600;1210;1810
Бишкек г.;4171100000000000;Свердловский р-н;41711204000000000;142451;"У-е ""ЦСМ № 4 г. Бишкек""";"Учреждение ""Центр семейной медицины № 4 г. Бишкек""";52;549;903;1452;302;463;765;696;1668;2364;522;1319;1841
Бишкек г.;4171100000000000;Свердловский р-н;41711204000000000;142451;"У-е ""ЦСМ № 4 г. Бишкек""";"Учреждение ""Центр семейной медицины № 4 г. Бишкек""";53;536;902;1438;291;427;718;633;1721;2354;498;1192;1690
Бишкек г.;4171100000000000;Свердловский р-н;41711204000000000;142451;"У-е ""ЦСМ № 4 г. Бишкек""";"Учреждение ""Центр семейной медицины № 4 г. Бишкек""";54;502;923;1425;268;397;665;620;1657;2277;466;1290;1756
Бишкек г.;4171100000000000;Свердловский р-н;41711204000000000;142451;"У-е ""ЦСМ № 4 г. Бишкек""";"Учреждение ""Центр семейной медицины № 4 г. Бишкек""";55;453;816;1269;247;421;668;693;1704;2397;482;1352;1834
Бишкек г.;4171100000000000;Свердловский р-н;41711204000000000;142451;"У-е ""ЦСМ № 4 г. Бишкек""";"Учреждение ""Центр семейной медицины № 4 г. Бишкек""";56;470;770;1240;276;404;680;706;1710;2416;576;1408;1984
Бишкек г.;4171100000000000;Свердловский р-н;41711204000000000;142451;"У-е ""ЦСМ № 4 г. Бишкек""";"Учреждение ""Центр семейной медицины № 4 г. Бишкек""";57;435;678;1113;256;359;615;585;1423;2008;439;1116;1555
Бишкек г.;4171100000000000;Свердловский р-н;41711204000000000;142451;"У-е ""ЦСМ № 4 г. Бишкек""";"Учреждение ""Центр семейной медицины № 4 г. Бишкек""";58;378;667;1045;233;381;614;742;1411;2153;615;1111;1726
Бишкек г.;4171100000000000;Свердловский р-н;41711204000000000;142451;"У-е ""ЦСМ № 4 г. Бишкек""";"Учреждение ""Центр семейной медицины № 4 г. Бишкек""";59;370;667;1037;225;350;575;671;1515;2186;579;1136;1715
Бишкек г.;4171100000000000;Свердловский р-н;41711204000000000;142451;"У-е ""ЦСМ № 4 г. Бишкек""";"Учреждение ""Центр семейной медицины № 4 г. Бишкек""";60;389;616;1005;265;373;638;775;1475;2250;643;1227;1870
Бишкек г.;4171100000000000;Свердловский р-н;41711204000000000;142451;"У-е ""ЦСМ № 4 г. Бишкек""";"Учреждение ""Центр семейной медицины № 4 г. Бишкек""";61;342;641;983;226;400;626;725;1418;2143;638;1214;1852
Бишкек г.;4171100000000000;Свердловский р-н;41711204000000000;142451;"У-е ""ЦСМ № 4 г. Бишкек""";"Учреждение ""Центр семейной медицины № 4 г. Бишкек""";62;338;609;947;220;404;624;585;1714;2299;503;1459;1962
Бишкек г.;4171100000000000;Свердловский р-н;41711204000000000;142451;"У-е ""ЦСМ № 4 г. Бишкек""";"Учреждение ""Центр семейной медицины № 4 г. Бишкек""";63;306;567;873;202;423;625;787;1557;2344;658;1406;2064
Бишкек г.;4171100000000000;Свердловский р-н;41711204000000000;142451;"У-е ""ЦСМ № 4 г. Бишкек""";"Учреждение ""Центр семейной медицины № 4 г. Бишкек""";64;300;537;837;189;458;647;865;1604;2469;711;1545;2256
Бишкек г.;4171100000000000;Свердловский р-н;41711204000000000;142451;"У-е ""ЦСМ № 4 г. Бишкек""";"Учреждение ""Центр семейной медицины № 4 г. Бишкек""";65;302;506;808;229;481;710;744;1635;2379;641;1618;2259
Бишкек г.;4171100000000000;Свердловский р-н;41711204000000000;142451;"У-е ""ЦСМ № 4 г. Бишкек""";"Учреждение ""Центр семейной медицины № 4 г. Бишкек""";66;261;513;774;205;487;692;606;1738;2344;563;1724;2287
Бишкек г.;4171100000000000;Свердловский р-н;41711204000000000;142451;"У-е ""ЦСМ № 4 г. Бишкек""";"Учреждение ""Центр семейной медицины № 4 г. Бишкек""";67;232;472;704;183;454;637;665;1635;2300;593;1610;2203
Бишкек г.;4171100000000000;Свердловский р-н;41711204000000000;142451;"У-е ""ЦСМ № 4 г. Бишкек""";"Учреждение ""Центр семейной медицины № 4 г. Бишкек""";68;255;474;729;212;452;664;710;1702;2412;656;1676;2332
Бишкек г.;4171100000000000;Свердловский р-н;41711204000000000;142451;"У-е ""ЦСМ № 4 г. Бишкек""";"Учреждение ""Центр семейной медицины № 4 г. Бишкек""";69;206;441;647;162;428;590;527;1476;2003;443;1456;1899
Бишкек г.;4171100000000000;Свердловский р-н;41711204000000000;142451;"У-е ""ЦСМ № 4 г. Бишкек""";"Учреждение ""Центр семейной медицины № 4 г. Бишкек""";70;219;385;604;190;383;573;576;1678;2254;559;1659;2218
Бишкек г.;4171100000000000;Свердловский р-н;41711204000000000;142451;"У-е ""ЦСМ № 4 г. Бишкек""";"Учреждение ""Центр семейной медицины № 4 г. Бишкек""";71;174;386;560;174;384;558;442;1798;2240;433;1795;2228
Бишкек г.;4171100000000000;Свердловский р-н;41711204000000000;142451;"У-е ""ЦСМ № 4 г. Бишкек""";"Учреждение ""Центр семейной медицины № 4 г. Бишкек""";72;187;359;546;187;359;546;523;1558;2081;514;1546;2060
Бишкек г.;4171100000000000;Свердловский р-н;41711204000000000;142451;"У-е ""ЦСМ № 4 г. Бишкек""";"Учреждение ""Центр семейной медицины № 4 г. Бишкек""";73;158;347;505;158;345;503;464;1325;1789;460;1307;1767
Бишкек г.;4171100000000000;Свердловский р-н;41711204000000000;142451;"У-е ""ЦСМ № 4 г. Бишкек""";"Учреждение ""Центр семейной медицины № 4 г. Бишкек""";74;167;360;527;167;359;526;541;1383;1924;534;1372;1906
Бишкек г.;4171100000000000;Свердловский р-н;41711204000000000;142451;"У-е ""ЦСМ № 4 г. Бишкек""";"Учреждение ""Центр семейной медицины № 4 г. Бишкек""";75;151;345;496;151;343;494;371;1473;1844;371;1434;1805
Бишкек г.;4171100000000000;Свердловский р-н;41711204000000000;142451;"У-е ""ЦСМ № 4 г. Бишкек""";"Учреждение ""Центр семейной медицины № 4 г. Бишкек""";76;121;368;489;121;368;489;394;1163;1557;382;1162;1544
Бишкек г.;4171100000000000;Свердловский р-н;41711204000000000;142451;"У-е ""ЦСМ № 4 г. Бишкек""";"Учреждение ""Центр семейной медицины № 4 г. Бишкек""";77;109;329;438;107;329;436;383;1309;1692;376;1275;1651
Бишкек г.;4171100000000000;Свердловский р-н;41711204000000000;142451;"У-е ""ЦСМ № 4 г. Бишкек""";"Учреждение ""Центр семейной медицины № 4 г. Бишкек""";78;97;206;303;97;205;302;173;541;714;173;534;707
Бишкек г.;4171100000000000;Свердловский р-н;41711204000000000;142451;"У-е ""ЦСМ № 4 г. Бишкек""";"Учреждение ""Центр семейной медицины № 4 г. Бишкек""";79;55;129;184;55;129;184;146;366;512;146;366;512
Бишкек г.;4171100000000000;Свердловский р-н;41711204000000000;142451;"У-е ""ЦСМ № 4 г. Бишкек""";"Учреждение ""Центр семейной медицины № 4 г. Бишкек""";80;37;104;141;37;104;141;236;393;629;236;380;616
Бишкек г.;4171100000000000;Свердловский р-н;41711204000000000;142451;"У-е ""ЦСМ № 4 г. Бишкек""";"Учреждение ""Центр семейной медицины № 4 г. Бишкек""";81;48;78;126;48;78;126;178;337;515;178;333;511
Бишкек г.;4171100000000000;Свердловский р-н;41711204000000000;142451;"У-е ""ЦСМ № 4 г. Бишкек""";"Учреждение ""Центр семейной медицины № 4 г. Бишкек""";82;50;132;182;50;132;182;103;486;589;103;482;585
Бишкек г.;4171100000000000;Свердловский р-н;41711204000000000;142451;"У-е ""ЦСМ № 4 г. Бишкек""";"Учреждение ""Центр семейной медицины № 4 г. Бишкек""";83;52;118;170;52;118;170;125;504;629;115;491;606
Бишкек г.;4171100000000000;Свердловский р-н;41711204000000000;142451;"У-е ""ЦСМ № 4 г. Бишкек""";"Учреждение ""Центр семейной медицины № 4 г. Бишкек""";84;46;160;206;46;160;206;130;373;503;130;372;502
Бишкек г.;4171100000000000;Свердловский р-н;41711204000000000;142451;"У-е ""ЦСМ № 4 г. Бишкек""";"Учреждение ""Центр семейной медицины № 4 г. Бишкек""";85;47;130;177;47;129;176;126;311;437;125;308;433
Бишкек г.;4171100000000000;Свердловский р-н;41711204000000000;142451;"У-е ""ЦСМ № 4 г. Бишкек""";"Учреждение ""Центр семейной медицины № 4 г. Бишкек""";86;41;117;158;41;116;157;92;275;367;92;273;365
Бишкек г.;4171100000000000;Свердловский р-н;41711204000000000;142451;"У-е ""ЦСМ № 4 г. Бишкек""";"Учреждение ""Центр семейной медицины № 4 г. Бишкек""";87;43;102;145;43;102;145;39;200;239;39;199;238
Бишкек г.;4171100000000000;Свердловский р-н;41711204000000000;142451;"У-е ""ЦСМ № 4 г. Бишкек""";"Учреждение ""Центр семейной медицины № 4 г. Бишкек""";88;29;73;102;29;73;102;26;86;112;26;86;112
Бишкек г.;4171100000000000;Свердловский р-н;41711204000000000;142451;"У-е ""ЦСМ № 4 г. Бишкек""";"Учреждение ""Центр семейной медицины № 4 г. Бишкек""";89;15;49;64;15;48;63;11;79;90;11;78;89
Бишкек г.;4171100000000000;Свердловский р-н;41711204000000000;142451;"У-е ""ЦСМ № 4 г. Бишкек""";"Учреждение ""Центр семейной медицины № 4 г. Бишкек""";90;16;34;50;16;34;50;10;26;36;10;26;36
Бишкек г.;4171100000000000;Свердловский р-н;41711204000000000;142451;"У-е ""ЦСМ № 4 г. Бишкек""";"Учреждение ""Центр семейной медицины № 4 г. Бишкек""";91;13;28;41;13;28;41;4;33;37;4;33;37
Бишкек г.;4171100000000000;Свердловский р-н;41711204000000000;142451;"У-е ""ЦСМ № 4 г. Бишкек""";"Учреждение ""Центр семейной медицины № 4 г. Бишкек""";92;9;35;44;9;35;44;4;35;39;4;35;39
Бишкек г.;4171100000000000;Свердловский р-н;41711204000000000;142451;"У-е ""ЦСМ № 4 г. Бишкек""";"Учреждение ""Центр семейной медицины № 4 г. Бишкек""";93;6;24;30;6;24;30;2;26;28;2;26;28
Бишкек г.;4171100000000000;Свердловский р-н;41711204000000000;142451;"У-е ""ЦСМ № 4 г. Бишкек""";"Учреждение ""Центр семейной медицины № 4 г. Бишкек""";94;9;25;34;9;25;34;2;16;18;2;16;18
Бишкек г.;4171100000000000;Свердловский р-н;41711204000000000;142451;"У-е ""ЦСМ № 4 г. Бишкек""";"Учреждение ""Центр семейной медицины № 4 г. Бишкек""";95;3;26;29;3;26;29;8;16;24;8;16;24
Бишкек г.;4171100000000000;Свердловский р-н;41711204000000000;142451;"У-е ""ЦСМ № 4 г. Бишкек""";"Учреждение ""Центр семейной медицины № 4 г. Бишкек""";96;2;21;23;2;21;23;0;8;8;0;4;4
Бишкек г.;4171100000000000;Свердловский р-н;41711204000000000;142451;"У-е ""ЦСМ № 4 г. Бишкек""";"Учреждение ""Центр семейной медицины № 4 г. Бишкек""";97;5;12;17;5;12;17;1;23;24;1;21;22
Бишкек г.;4171100000000000;Свердловский р-н;41711204000000000;142451;"У-е ""ЦСМ № 4 г. Бишкек""";"Учреждение ""Центр семейной медицины № 4 г. Бишкек""";98;4;18;22;4;18;22;0;4;4;0;3;3
Бишкек г.;4171100000000000;Свердловский р-н;41711204000000000;142451;"У-е ""ЦСМ № 4 г. Бишкек""";"Учреждение ""Центр семейной медицины № 4 г. Бишкек""";99;3;13;16;3;13;16;0;6;6;0;5;5
Бишкек г.;4171100000000000;Свердловский р-н;41711204000000000;142451;"У-е ""ЦСМ № 4 г. Бишкек""";"Учреждение ""Центр семейной медицины № 4 г. Бишкек""";100;2;8;10;2;8;10;0;2;2;0;2;2
Бишкек г.;4171100000000000;Свердловский р-н;41711204000000000;142451;"У-е ""ЦСМ № 4 г. Бишкек""";"Учреждение ""Центр семейной медицины № 4 г. Бишкек""";102;1;3;4;1;3;4;0;10;10;0;10;10
Бишкек г.;4171100000000000;Октябрьский р-н;41711202000000000;142481;"У-е ""ЦСМ № 6 г. Бишкек""";"Учреждение ""Центр семейной медицины № 6 г. Бишкек""";0;483;454;937;483;454;937;8056;6824;14880;8056;6824;14880
Бишкек г.;4171100000000000;Октябрьский р-н;41711202000000000;142481;"У-е ""ЦСМ № 6 г. Бишкек""";"Учреждение ""Центр семейной медицины № 6 г. Бишкек""";1;646;597;1243;646;597;1243;4211;3519;7730;4211;3519;7730
Бишкек г.;4171100000000000;Октябрьский р-н;41711202000000000;142481;"У-е ""ЦСМ № 6 г. Бишкек""";"Учреждение ""Центр семейной медицины № 6 г. Бишкек""";2;703;692;1395;703;692;1395;4536;4023;8559;4536;4023;8559
Бишкек г.;4171100000000000;Октябрьский р-н;41711202000000000;142481;"У-е ""ЦСМ № 6 г. Бишкек""";"Учреждение ""Центр семейной медицины № 6 г. Бишкек""";3;718;711;1429;718;711;1429;2664;2584;5248;2664;2584;5248
Бишкек г.;4171100000000000;Октябрьский р-н;41711202000000000;142481;"У-е ""ЦСМ № 6 г. Бишкек""";"Учреждение ""Центр семейной медицины № 6 г. Бишкек""";4;803;820;1623;803;820;1623;2291;2285;4576;2291;2285;4576
Бишкек г.;4171100000000000;Октябрьский р-н;41711202000000000;142481;"У-е ""ЦСМ № 6 г. Бишкек""";"Учреждение ""Центр семейной медицины № 6 г. Бишкек""";5;788;761;1549;788;761;1549;2423;1982;4405;2423;1982;4405
Бишкек г.;4171100000000000;Октябрьский р-н;41711202000000000;142481;"У-е ""ЦСМ № 6 г. Бишкек""";"Учреждение ""Центр семейной медицины № 6 г. Бишкек""";6;786;793;1579;786;793;1579;2622;2421;5043;2622;2421;5043
Бишкек г.;4171100000000000;Октябрьский р-н;41711202000000000;142481;"У-е ""ЦСМ № 6 г. Бишкек""";"Учреждение ""Центр семейной медицины № 6 г. Бишкек""";7;800;810;1610;800;810;1610;1829;1636;3465;1829;1636;3465
Бишкек г.;4171100000000000;Октябрьский р-н;41711202000000000;142481;"У-е ""ЦСМ № 6 г. Бишкек""";"Учреждение ""Центр семейной медицины № 6 г. Бишкек""";8;847;890;1737;847;890;1737;1405;1074;2479;1405;1074;2479
Бишкек г.;4171100000000000;Октябрьский р-н;41711202000000000;142481;"У-е ""ЦСМ № 6 г. Бишкек""";"Учреждение ""Центр семейной медицины № 6 г. Бишкек""";9;805;876;1681;805;876;1681;1176;1115;2291;1176;1115;2291
Бишкек г.;4171100000000000;Октябрьский р-н;41711202000000000;142481;"У-е ""ЦСМ № 6 г. Бишкек""";"Учреждение ""Центр семейной медицины № 6 г. Бишкек""";10;833;936;1769;833;936;1769;1133;1090;2223;1133;1090;2223
Бишкек г.;4171100000000000;Октябрьский р-н;41711202000000000;142481;"У-е ""ЦСМ № 6 г. Бишкек""";"Учреждение ""Центр семейной медицины № 6 г. Бишкек""";11;780;926;1706;780;926;1706;1309;1190;2499;1309;1190;2499
Бишкек г.;4171100000000000;Октябрьский р-н;41711202000000000;142481;"У-е ""ЦСМ № 6 г. Бишкек""";"Учреждение ""Центр семейной медицины № 6 г. Бишкек""";12;761;875;1636;761;875;1636;1174;931;2105;1174;931;2105
Бишкек г.;4171100000000000;Октябрьский р-н;41711202000000000;142481;"У-е ""ЦСМ № 6 г. Бишкек""";"Учреждение ""Центр семейной медицины № 6 г. Бишкек""";13;694;800;1494;694;800;1494;1228;992;2220;1228;992;2220
Бишкек г.;4171100000000000;Октябрьский р-н;41711202000000000;142481;"У-е ""ЦСМ № 6 г. Бишкек""";"Учреждение ""Центр семейной медицины № 6 г. Бишкек""";14;692;824;1516;692;824;1516;1373;1287;2660;1373;1287;2660
Бишкек г.;4171100000000000;Октябрьский р-н;41711202000000000;142481;"У-е ""ЦСМ № 6 г. Бишкек""";"Учреждение ""Центр семейной медицины № 6 г. Бишкек""";15;768;868;1636;768;868;1636;1307;1119;2426;1307;1119;2426
Бишкек г.;4171100000000000;Октябрьский р-н;41711202000000000;142481;"У-е ""ЦСМ № 6 г. Бишкек""";"Учреждение ""Центр семейной медицины № 6 г. Бишкек""";16;711;872;1583;711;872;1583;1155;1005;2160;1120;992;2112
Бишкек г.;4171100000000000;Октябрьский р-н;41711202000000000;142481;"У-е ""ЦСМ № 6 г. Бишкек""";"Учреждение ""Центр семейной медицины № 6 г. Бишкек""";17;569;766;1335;547;744;1291;1322;1200;2522;1166;1043;2209
Бишкек г.;4171100000000000;Октябрьский р-н;41711202000000000;142481;"У-е ""ЦСМ № 6 г. Бишкек""";"Учреждение ""Центр семейной медицины № 6 г. Бишкек""";18;549;683;1232;527;646;1173;929;1141;2070;776;841;1617
Бишкек г.;4171100000000000;Октябрьский р-н;41711202000000000;142481;"У-е ""ЦСМ № 6 г. Бишкек""";"Учреждение ""Центр семейной медицины № 6 г. Бишкек""";19;508;643;1151;342;413;755;599;986;1585;361;592;953
Бишкек г.;4171100000000000;Октябрьский р-н;41711202000000000;142481;"У-е ""ЦСМ № 6 г. Бишкек""";"Учреждение ""Центр семейной медицины № 6 г. Бишкек""";20;579;670;1249;409;463;872;520;1000;1520;304;663;967
Бишкек г.;4171100000000000;Октябрьский р-н;41711202000000000;142481;"У-е ""ЦСМ № 6 г. Бишкек""";"Учреждение ""Центр семейной медицины № 6 г. Бишкек""";21;520;597;1117;375;410;785;447;1022;1469;265;725;990
Бишкек г.;4171100000000000;Октябрьский р-н;41711202000000000;142481;"У-е ""ЦСМ № 6 г. Бишкек""";"Учреждение ""Центр семейной медицины № 6 г. Бишкек""";22;548;675;1223;317;370;687;536;1502;2038;307;781;1088
Бишкек г.;4171100000000000;Октябрьский р-н;41711202000000000;142481;"У-е ""ЦСМ № 6 г. Бишкек""";"Учреждение ""Центр семейной медицины № 6 г. Бишкек""";23;496;705;1201;86;166;252;426;1435;1861;161;689;850
Бишкек г.;4171100000000000;Октябрьский р-н;41711202000000000;142481;"У-е ""ЦСМ № 6 г. Бишкек""";"Учреждение ""Центр семейной медицины № 6 г. Бишкек""";24;475;742;1217;88;203;291;315;1606;1921;134;936;1070
Бишкек г.;4171100000000000;Октябрьский р-н;41711202000000000;142481;"У-е ""ЦСМ № 6 г. Бишкек""";"Учреждение ""Центр семейной медицины № 6 г. Бишкек""";25;474;813;1287;100;261;361;340;1615;1955;170;1092;1262
Бишкек г.;4171100000000000;Октябрьский р-н;41711202000000000;142481;"У-е ""ЦСМ № 6 г. Бишкек""";"Учреждение ""Центр семейной медицины № 6 г. Бишкек""";26;503;760;1263;160;308;468;378;1592;1970;227;1032;1259
Бишкек г.;4171100000000000;Октябрьский р-н;41711202000000000;142481;"У-е ""ЦСМ № 6 г. Бишкек""";"Учреждение ""Центр семейной медицины № 6 г. Бишкек""";27;516;829;1345;175;349;524;406;1806;2212;242;1260;1502
Бишкек г.;4171100000000000;Октябрьский р-н;41711202000000000;142481;"У-е ""ЦСМ № 6 г. Бишкек""";"Учреждение ""Центр семейной медицины № 6 г. Бишкек""";28;483;873;1356;206;463;669;391;1736;2127;254;1330;1584
Бишкек г.;4171100000000000;Октябрьский р-н;41711202000000000;142481;"У-е ""ЦСМ № 6 г. Бишкек""";"Учреждение ""Центр семейной медицины № 6 г. Бишкек""";29;550;853;1403;269;513;782;331;1851;2182;252;1362;1614
Бишкек г.;4171100000000000;Октябрьский р-н;41711202000000000;142481;"У-е ""ЦСМ № 6 г. Бишкек""";"Учреждение ""Центр семейной медицины № 6 г. Бишкек""";30;550;935;1485;281;578;859;398;2104;2502;260;1730;1990
Бишкек г.;4171100000000000;Октябрьский р-н;41711202000000000;142481;"У-е ""ЦСМ № 6 г. Бишкек""";"Учреждение ""Центр семейной медицины № 6 г. Бишкек""";31;533;994;1527;302;612;914;418;2227;2645;315;1739;2054
Бишкек г.;4171100000000000;Октябрьский р-н;41711202000000000;142481;"У-е ""ЦСМ № 6 г. Бишкек""";"Учреждение ""Центр семейной медицины № 6 г. Бишкек""";32;610;1011;1621;379;650;1029;422;1989;2411;336;1595;1931
Бишкек г.;4171100000000000;Октябрьский р-н;41711202000000000;142481;"У-е ""ЦСМ № 6 г. Бишкек""";"Учреждение ""Центр семейной медицины № 6 г. Бишкек""";33;569;940;1509;348;623;971;467;1740;2207;378;1417;1795
Бишкек г.;4171100000000000;Октябрьский р-н;41711202000000000;142481;"У-е ""ЦСМ № 6 г. Бишкек""";"Учреждение ""Центр семейной медицины № 6 г. Бишкек""";34;533;965;1498;354;617;971;489;1741;2230;390;1412;1802
Бишкек г.;4171100000000000;Октябрьский р-н;41711202000000000;142481;"У-е ""ЦСМ № 6 г. Бишкек""";"Учреждение ""Центр семейной медицины № 6 г. Бишкек""";35;586;933;1519;389;636;1025;454;1706;2160;366;1318;1684
Бишкек г.;4171100000000000;Октябрьский р-н;41711202000000000;142481;"У-е ""ЦСМ № 6 г. Бишкек""";"Учреждение ""Центр семейной медицины № 6 г. Бишкек""";36;578;985;1563;385;672;1057;481;1655;2136;408;1330;1738
Бишкек г.;4171100000000000;Октябрьский р-н;41711202000000000;142481;"У-е ""ЦСМ № 6 г. Бишкек""";"Учреждение ""Центр семейной медицины № 6 г. Бишкек""";37;572;944;1516;392;649;1041;504;1788;2292;424;1484;1908
Бишкек г.;4171100000000000;Октябрьский р-н;41711202000000000;142481;"У-е ""ЦСМ № 6 г. Бишкек""";"Учреждение ""Центр семейной медицины № 6 г. Бишкек""";38;560;936;1496;393;653;1046;412;1631;2043;323;1358;1681
Бишкек г.;4171100000000000;Октябрьский р-н;41711202000000000;142481;"У-е ""ЦСМ № 6 г. Бишкек""";"Учреждение ""Центр семейной медицины № 6 г. Бишкек""";39;541;912;1453;367;617;984;548;1324;1872;458;1082;1540
Бишкек г.;4171100000000000;Октябрьский р-н;41711202000000000;142481;"У-е ""ЦСМ № 6 г. Бишкек""";"Учреждение ""Центр семейной медицины № 6 г. Бишкек""";40;548;888;1436;368;570;938;415;1334;1749;333;1078;1411
Бишкек г.;4171100000000000;Октябрьский р-н;41711202000000000;142481;"У-е ""ЦСМ № 6 г. Бишкек""";"Учреждение ""Центр семейной медицины № 6 г. Бишкек""";41;512;822;1334;346;528;874;425;1229;1654;330;1036;1366
Бишкек г.;4171100000000000;Октябрьский р-н;41711202000000000;142481;"У-е ""ЦСМ № 6 г. Бишкек""";"Учреждение ""Центр семейной медицины № 6 г. Бишкек""";42;508;813;1321;337;512;849;432;1072;1504;337;920;1257
Бишкек г.;4171100000000000;Октябрьский р-н;41711202000000000;142481;"У-е ""ЦСМ № 6 г. Бишкек""";"Учреждение ""Центр семейной медицины № 6 г. Бишкек""";43;473;729;1202;296;460;756;352;1032;1384;282;789;1071
Бишкек г.;4171100000000000;Октябрьский р-н;41711202000000000;142481;"У-е ""ЦСМ № 6 г. Бишкек""";"Учреждение ""Центр семейной медицины № 6 г. Бишкек""";44;419;714;1133;267;452;719;335;967;1302;245;806;1051
Бишкек г.;4171100000000000;Октябрьский р-н;41711202000000000;142481;"У-е ""ЦСМ № 6 г. Бишкек""";"Учреждение ""Центр семейной медицины № 6 г. Бишкек""";45;446;771;1217;271;448;719;382;899;1281;289;751;1040
Бишкек г.;4171100000000000;Октябрьский р-н;41711202000000000;142481;"У-е ""ЦСМ № 6 г. Бишкек""";"Учреждение ""Центр семейной медицины № 6 г. Бишкек""";46;430;729;1159;267;432;699;359;1057;1416;266;875;1141
Бишкек г.;4171100000000000;Октябрьский р-н;41711202000000000;142481;"У-е ""ЦСМ № 6 г. Бишкек""";"Учреждение ""Центр семейной медицины № 6 г. Бишкек""";47;416;712;1128;248;419;667;416;1001;1417;302;832;1134
Бишкек г.;4171100000000000;Октябрьский р-н;41711202000000000;142481;"У-е ""ЦСМ № 6 г. Бишкек""";"Учреждение ""Центр семейной медицины № 6 г. Бишкек""";48;395;683;1078;246;410;656;445;964;1409;339;824;1163
Бишкек г.;4171100000000000;Октябрьский р-н;41711202000000000;142481;"У-е ""ЦСМ № 6 г. Бишкек""";"Учреждение ""Центр семейной медицины № 6 г. Бишкек""";49;394;658;1052;244;399;643;301;869;1170;204;702;906
Бишкек г.;4171100000000000;Октябрьский р-н;41711202000000000;142481;"У-е ""ЦСМ № 6 г. Бишкек""";"Учреждение ""Центр семейной медицины № 6 г. Бишкек""";50;352;647;999;219;386;605;460;1159;1619;378;948;1326
Бишкек г.;4171100000000000;Октябрьский р-н;41711202000000000;142481;"У-е ""ЦСМ № 6 г. Бишкек""";"Учреждение ""Центр семейной медицины № 6 г. Бишкек""";51;381;631;1012;224;396;620;446;1140;1586;313;991;1304
Бишкек г.;4171100000000000;Октябрьский р-н;41711202000000000;142481;"У-е ""ЦСМ № 6 г. Бишкек""";"Учреждение ""Центр семейной медицины № 6 г. Бишкек""";52;380;650;1030;240;428;668;453;1013;1466;352;847;1199
Бишкек г.;4171100000000000;Октябрьский р-н;41711202000000000;142481;"У-е ""ЦСМ № 6 г. Бишкек""";"Учреждение ""Центр семейной медицины № 6 г. Бишкек""";53;350;625;975;213;390;603;420;1206;1626;325;1000;1325
Бишкек г.;4171100000000000;Октябрьский р-н;41711202000000000;142481;"У-е ""ЦСМ № 6 г. Бишкек""";"Учреждение ""Центр семейной медицины № 6 г. Бишкек""";54;330;564;894;210;381;591;361;1148;1509;265;969;1234
Бишкек г.;4171100000000000;Октябрьский р-н;41711202000000000;142481;"У-е ""ЦСМ № 6 г. Бишкек""";"Учреждение ""Центр семейной медицины № 6 г. Бишкек""";55;308;566;874;188;341;529;539;1123;1662;405;952;1357
Бишкек г.;4171100000000000;Октябрьский р-н;41711202000000000;142481;"У-е ""ЦСМ № 6 г. Бишкек""";"Учреждение ""Центр семейной медицины № 6 г. Бишкек""";56;283;522;805;185;348;533;446;1188;1634;344;968;1312
Бишкек г.;4171100000000000;Октябрьский р-н;41711202000000000;142481;"У-е ""ЦСМ № 6 г. Бишкек""";"Учреждение ""Центр семейной медицины № 6 г. Бишкек""";57;295;513;808;185;338;523;441;1170;1611;361;1037;1398
Бишкек г.;4171100000000000;Октябрьский р-н;41711202000000000;142481;"У-е ""ЦСМ № 6 г. Бишкек""";"Учреждение ""Центр семейной медицины № 6 г. Бишкек""";58;285;479;764;189;358;547;381;992;1373;330;933;1263
Бишкек г.;4171100000000000;Октябрьский р-н;41711202000000000;142481;"У-е ""ЦСМ № 6 г. Бишкек""";"Учреждение ""Центр семейной медицины № 6 г. Бишкек""";59;275;485;760;192;435;627;424;1106;1530;397;1040;1437
Бишкек г.;4171100000000000;Октябрьский р-н;41711202000000000;142481;"У-е ""ЦСМ № 6 г. Бишкек""";"Учреждение ""Центр семейной медицины № 6 г. Бишкек""";60;277;478;755;203;466;669;456;977;1433;409;942;1351
Бишкек г.;4171100000000000;Октябрьский р-н;41711202000000000;142481;"У-е ""ЦСМ № 6 г. Бишкек""";"Учреждение ""Центр семейной медицины № 6 г. Бишкек""";61;259;470;729;189;466;655;490;1214;1704;422;1181;1603
Бишкек г.;4171100000000000;Октябрьский р-н;41711202000000000;142481;"У-е ""ЦСМ № 6 г. Бишкек""";"Учреждение ""Центр семейной медицины № 6 г. Бишкек""";62;263;518;781;182;503;685;498;1319;1817;442;1261;1703
Бишкек г.;4171100000000000;Октябрьский р-н;41711202000000000;142481;"У-е ""ЦСМ № 6 г. Бишкек""";"Учреждение ""Центр семейной медицины № 6 г. Бишкек""";63;268;445;713;197;433;630;476;1346;1822;407;1288;1695
Бишкек г.;4171100000000000;Октябрьский р-н;41711202000000000;142481;"У-е ""ЦСМ № 6 г. Бишкек""";"Учреждение ""Центр семейной медицины № 6 г. Бишкек""";64;278;475;753;264;463;727;480;1245;1725;473;1169;1642
Бишкек г.;4171100000000000;Октябрьский р-н;41711202000000000;142481;"У-е ""ЦСМ № 6 г. Бишкек""";"Учреждение ""Центр семейной медицины № 6 г. Бишкек""";65;230;478;708;224;471;695;397;1263;1660;337;1243;1580
Бишкек г.;4171100000000000;Октябрьский р-н;41711202000000000;142481;"У-е ""ЦСМ № 6 г. Бишкек""";"Учреждение ""Центр семейной медицины № 6 г. Бишкек""";66;208;485;693;208;475;683;459;1141;1600;457;1105;1562
Бишкек г.;4171100000000000;Октябрьский р-н;41711202000000000;142481;"У-е ""ЦСМ № 6 г. Бишкек""";"Учреждение ""Центр семейной медицины № 6 г. Бишкек""";67;212;435;647;207;431;638;399;1009;1408;384;964;1348
Бишкек г.;4171100000000000;Октябрьский р-н;41711202000000000;142481;"У-е ""ЦСМ № 6 г. Бишкек""";"Учреждение ""Центр семейной медицины № 6 г. Бишкек""";68;152;373;525;148;363;511;316;1114;1430;305;1068;1373
Бишкек г.;4171100000000000;Октябрьский р-н;41711202000000000;142481;"У-е ""ЦСМ № 6 г. Бишкек""";"Учреждение ""Центр семейной медицины № 6 г. Бишкек""";69;138;404;542;136;394;530;339;1145;1484;331;1114;1445
Бишкек г.;4171100000000000;Октябрьский р-н;41711202000000000;142481;"У-е ""ЦСМ № 6 г. Бишкек""";"Учреждение ""Центр семейной медицины № 6 г. Бишкек""";70;139;354;493;134;341;475;273;1026;1299;271;1004;1275
Бишкек г.;4171100000000000;Октябрьский р-н;41711202000000000;142481;"У-е ""ЦСМ № 6 г. Бишкек""";"Учреждение ""Центр семейной медицины № 6 г. Бишкек""";71;126;325;451;123;319;442;263;988;1251;255;958;1213
Бишкек г.;4171100000000000;Октябрьский р-н;41711202000000000;142481;"У-е ""ЦСМ № 6 г. Бишкек""";"Учреждение ""Центр семейной медицины № 6 г. Бишкек""";72;135;324;459;133;316;449;270;1048;1318;255;991;1246
Бишкек г.;4171100000000000;Октябрьский р-н;41711202000000000;142481;"У-е ""ЦСМ № 6 г. Бишкек""";"Учреждение ""Центр семейной медицины № 6 г. Бишкек""";73;136;335;471;132;327;459;275;954;1229;239;896;1135
Бишкек г.;4171100000000000;Октябрьский р-н;41711202000000000;142481;"У-е ""ЦСМ № 6 г. Бишкек""";"Учреждение ""Центр семейной медицины № 6 г. Бишкек""";74;141;350;491;141;344;485;232;1125;1357;230;1071;1301
Бишкек г.;4171100000000000;Октябрьский р-н;41711202000000000;142481;"У-е ""ЦСМ № 6 г. Бишкек""";"Учреждение ""Центр семейной медицины № 6 г. Бишкек""";75;105;368;473;103;364;467;261;896;1157;252;850;1102
Бишкек г.;4171100000000000;Октябрьский р-н;41711202000000000;142481;"У-е ""ЦСМ № 6 г. Бишкек""";"Учреждение ""Центр семейной медицины № 6 г. Бишкек""";76;104;315;419;102;307;409;227;826;1053;220;769;989
Бишкек г.;4171100000000000;Октябрьский р-н;41711202000000000;142481;"У-е ""ЦСМ № 6 г. Бишкек""";"Учреждение ""Центр семейной медицины № 6 г. Бишкек""";77;106;341;447;106;338;444;304;886;1190;304;823;1127
Бишкек г.;4171100000000000;Октябрьский р-н;41711202000000000;142481;"У-е ""ЦСМ № 6 г. Бишкек""";"Учреждение ""Центр семейной медицины № 6 г. Бишкек""";78;96;277;373;95;272;367;98;466;564;98;457;555
Бишкек г.;4171100000000000;Октябрьский р-н;41711202000000000;142481;"У-е ""ЦСМ № 6 г. Бишкек""";"Учреждение ""Центр семейной медицины № 6 г. Бишкек""";79;41;142;183;39;142;181;103;281;384;102;281;383
Бишкек г.;4171100000000000;Октябрьский р-н;41711202000000000;142481;"У-е ""ЦСМ № 6 г. Бишкек""";"Учреждение ""Центр семейной медицины № 6 г. Бишкек""";80;35;103;138;35;101;136;83;264;347;83;262;345
Бишкек г.;4171100000000000;Октябрьский р-н;41711202000000000;142481;"У-е ""ЦСМ № 6 г. Бишкек""";"Учреждение ""Центр семейной медицины № 6 г. Бишкек""";81;43;117;160;43;115;158;75;279;354;75;253;328
Бишкек г.;4171100000000000;Октябрьский р-н;41711202000000000;142481;"У-е ""ЦСМ № 6 г. Бишкек""";"Учреждение ""Центр семейной медицины № 6 г. Бишкек""";82;39;190;229;39;186;225;51;434;485;50;414;464
Бишкек г.;4171100000000000;Октябрьский р-н;41711202000000000;142481;"У-е ""ЦСМ № 6 г. Бишкек""";"Учреждение ""Центр семейной медицины № 6 г. Бишкек""";83;57;237;294;56;233;289;70;378;448;70;367;437
Бишкек г.;4171100000000000;Октябрьский р-н;41711202000000000;142481;"У-е ""ЦСМ № 6 г. Бишкек""";"Учреждение ""Центр семейной медицины № 6 г. Бишкек""";84;61;251;312;61;249;310;80;475;555;80;472;552
Бишкек г.;4171100000000000;Октябрьский р-н;41711202000000000;142481;"У-е ""ЦСМ № 6 г. Бишкек""";"Учреждение ""Центр семейной медицины № 6 г. Бишкек""";85;65;239;304;64;238;302;115;394;509;109;369;478
Бишкек г.;4171100000000000;Октябрьский р-н;41711202000000000;142481;"У-е ""ЦСМ № 6 г. Бишкек""";"Учреждение ""Центр семейной медицины № 6 г. Бишкек""";86;54;219;273;53;216;269;68;370;438;65;355;420
Бишкек г.;4171100000000000;Октябрьский р-н;41711202000000000;142481;"У-е ""ЦСМ № 6 г. Бишкек""";"Учреждение ""Центр семейной медицины № 6 г. Бишкек""";87;45;170;215;45;168;213;46;318;364;46;291;337
Бишкек г.;4171100000000000;Октябрьский р-н;41711202000000000;142481;"У-е ""ЦСМ № 6 г. Бишкек""";"Учреждение ""Центр семейной медицины № 6 г. Бишкек""";88;30;131;161;30;128;158;80;193;273;73;191;264
Бишкек г.;4171100000000000;Октябрьский р-н;41711202000000000;142481;"У-е ""ЦСМ № 6 г. Бишкек""";"Учреждение ""Центр семейной медицины № 6 г. Бишкек""";89;27;109;136;26;109;135;45;72;117;44;72;116
Бишкек г.;4171100000000000;Октябрьский р-н;41711202000000000;142481;"У-е ""ЦСМ № 6 г. Бишкек""";"Учреждение ""Центр семейной медицины № 6 г. Бишкек""";90;18;92;110;18;92;110;7;45;52;7;45;52
Бишкек г.;4171100000000000;Октябрьский р-н;41711202000000000;142481;"У-е ""ЦСМ № 6 г. Бишкек""";"Учреждение ""Центр семейной медицины № 6 г. Бишкек""";91;10;59;69;10;59;69;12;41;53;12;41;53
Бишкек г.;4171100000000000;Октябрьский р-н;41711202000000000;142481;"У-е ""ЦСМ № 6 г. Бишкек""";"Учреждение ""Центр семейной медицины № 6 г. Бишкек""";92;17;78;95;17;78;95;10;56;66;10;49;59
Бишкек г.;4171100000000000;Октябрьский р-н;41711202000000000;142481;"У-е ""ЦСМ № 6 г. Бишкек""";"Учреждение ""Центр семейной медицины № 6 г. Бишкек""";93;13;50;63;13;49;62;3;5;8;3;4;7
Бишкек г.;4171100000000000;Октябрьский р-н;41711202000000000;142481;"У-е ""ЦСМ № 6 г. Бишкек""";"Учреждение ""Центр семейной медицины № 6 г. Бишкек""";94;12;72;84;12;71;83;3;26;29;3;26;29
Бишкек г.;4171100000000000;Октябрьский р-н;41711202000000000;142481;"У-е ""ЦСМ № 6 г. Бишкек""";"Учреждение ""Центр семейной медицины № 6 г. Бишкек""";95;9;37;46;9;37;46;5;11;16;5;11;16
Бишкек г.;4171100000000000;Октябрьский р-н;41711202000000000;142481;"У-е ""ЦСМ № 6 г. Бишкек""";"Учреждение ""Центр семейной медицины № 6 г. Бишкек""";96;10;43;53;10;43;53;4;20;24;4;20;24
Бишкек г.;4171100000000000;Октябрьский р-н;41711202000000000;142481;"У-е ""ЦСМ № 6 г. Бишкек""";"Учреждение ""Центр семейной медицины № 6 г. Бишкек""";97;7;33;40;7;32;39;7;10;17;7;10;17
Бишкек г.;4171100000000000;Октябрьский р-н;41711202000000000;142481;"У-е ""ЦСМ № 6 г. Бишкек""";"Учреждение ""Центр семейной медицины № 6 г. Бишкек""";100;2;6;8;2;6;8;8;0;8;8;0;8
Бишкек г.;4171100000000000;Первомайский р-н;41711203000000000;142501;"У-е ""ЦСМ № 7 г. Бишкек""";"Учреждение ""Центр семейной медицины № 7 г. Бишкек""";0;330;290;620;330;290;620;8452;7851;16303;8452;7851;16303
Бишкек г.;4171100000000000;Первомайский р-н;41711203000000000;142501;"У-е ""ЦСМ № 7 г. Бишкек""";"Учреждение ""Центр семейной медицины № 7 г. Бишкек""";1;501;450;951;501;450;951;4827;4069;8896;4827;4069;8896
Бишкек г.;4171100000000000;Первомайский р-н;41711203000000000;142501;"У-е ""ЦСМ № 7 г. Бишкек""";"Учреждение ""Центр семейной медицины № 7 г. Бишкек""";2;606;552;1158;606;552;1158;4180;3866;8046;4180;3866;8046
Бишкек г.;4171100000000000;Первомайский р-н;41711203000000000;142501;"У-е ""ЦСМ № 7 г. Бишкек""";"Учреждение ""Центр семейной медицины № 7 г. Бишкек""";3;572;539;1111;572;539;1111;2654;2745;5399;2654;2745;5399
Бишкек г.;4171100000000000;Первомайский р-н;41711203000000000;142501;"У-е ""ЦСМ № 7 г. Бишкек""";"Учреждение ""Центр семейной медицины № 7 г. Бишкек""";4;602;605;1207;602;605;1207;2478;2570;5048;2478;2570;5048
Бишкек г.;4171100000000000;Первомайский р-н;41711203000000000;142501;"У-е ""ЦСМ № 7 г. Бишкек""";"Учреждение ""Центр семейной медицины № 7 г. Бишкек""";5;590;582;1172;590;582;1172;2580;2246;4826;2580;2246;4826
Бишкек г.;4171100000000000;Первомайский р-н;41711203000000000;142501;"У-е ""ЦСМ № 7 г. Бишкек""";"Учреждение ""Центр семейной медицины № 7 г. Бишкек""";6;659;601;1260;659;601;1260;3257;2601;5858;3257;2601;5858
Бишкек г.;4171100000000000;Первомайский р-н;41711203000000000;142501;"У-е ""ЦСМ № 7 г. Бишкек""";"Учреждение ""Центр семейной медицины № 7 г. Бишкек""";7;617;622;1239;617;622;1239;2203;2026;4229;2203;2026;4229
Бишкек г.;4171100000000000;Первомайский р-н;41711203000000000;142501;"У-е ""ЦСМ № 7 г. Бишкек""";"Учреждение ""Центр семейной медицины № 7 г. Бишкек""";8;653;670;1323;653;670;1323;1490;1311;2801;1490;1311;2801
Бишкек г.;4171100000000000;Первомайский р-н;41711203000000000;142501;"У-е ""ЦСМ № 7 г. Бишкек""";"Учреждение ""Центр семейной медицины № 7 г. Бишкек""";9;629;615;1244;629;615;1244;1435;1452;2887;1435;1452;2887
Бишкек г.;4171100000000000;Первомайский р-н;41711203000000000;142501;"У-е ""ЦСМ № 7 г. Бишкек""";"Учреждение ""Центр семейной медицины № 7 г. Бишкек""";10;619;652;1271;619;652;1271;1196;1181;2377;1196;1181;2377
Бишкек г.;4171100000000000;Первомайский р-н;41711203000000000;142501;"У-е ""ЦСМ № 7 г. Бишкек""";"Учреждение ""Центр семейной медицины № 7 г. Бишкек""";11;599;703;1302;599;703;1302;1395;1314;2709;1395;1314;2709
Бишкек г.;4171100000000000;Первомайский р-н;41711203000000000;142501;"У-е ""ЦСМ № 7 г. Бишкек""";"Учреждение ""Центр семейной медицины № 7 г. Бишкек""";12;611;726;1337;611;726;1337;1215;968;2183;1215;968;2183
Бишкек г.;4171100000000000;Первомайский р-н;41711203000000000;142501;"У-е ""ЦСМ № 7 г. Бишкек""";"Учреждение ""Центр семейной медицины № 7 г. Бишкек""";13;584;669;1253;584;669;1253;1098;1212;2310;1098;1212;2310
Бишкек г.;4171100000000000;Первомайский р-н;41711203000000000;142501;"У-е ""ЦСМ № 7 г. Бишкек""";"Учреждение ""Центр семейной медицины № 7 г. Бишкек""";14;591;746;1337;591;746;1337;1915;2137;4052;1915;2137;4052
Бишкек г.;4171100000000000;Первомайский р-н;41711203000000000;142501;"У-е ""ЦСМ № 7 г. Бишкек""";"Учреждение ""Центр семейной медицины № 7 г. Бишкек""";15;593;823;1416;593;823;1416;2766;2073;4839;2766;2073;4839
Бишкек г.;4171100000000000;Первомайский р-н;41711203000000000;142501;"У-е ""ЦСМ № 7 г. Бишкек""";"Учреждение ""Центр семейной медицины № 7 г. Бишкек""";16;722;792;1514;722;792;1514;1883;1742;3625;1828;1698;3526
Бишкек г.;4171100000000000;Первомайский р-н;41711203000000000;142501;"У-е ""ЦСМ № 7 г. Бишкек""";"Учреждение ""Центр семейной медицины № 7 г. Бишкек""";17;636;748;1384;602;726;1328;1844;1976;3820;1587;1717;3304
Бишкек г.;4171100000000000;Первомайский р-н;41711203000000000;142501;"У-е ""ЦСМ № 7 г. Бишкек""";"Учреждение ""Центр семейной медицины № 7 г. Бишкек""";18;522;646;1168;462;569;1031;1096;1552;2648;941;1222;2163
Бишкек г.;4171100000000000;Первомайский р-н;41711203000000000;142501;"У-е ""ЦСМ № 7 г. Бишкек""";"Учреждение ""Центр семейной медицины № 7 г. Бишкек""";19;530;577;1107;452;428;880;647;1181;1828;485;824;1309
Бишкек г.;4171100000000000;Первомайский р-н;41711203000000000;142501;"У-е ""ЦСМ № 7 г. Бишкек""";"Учреждение ""Центр семейной медицины № 7 г. Бишкек""";20;516;613;1129;434;503;937;559;1000;1559;388;630;1018
Бишкек г.;4171100000000000;Первомайский р-н;41711203000000000;142501;"У-е ""ЦСМ № 7 г. Бишкек""";"Учреждение ""Центр семейной медицины № 7 г. Бишкек""";21;475;620;1095;361;403;764;404;942;1346;237;517;754
Бишкек г.;4171100000000000;Первомайский р-н;41711203000000000;142501;"У-е ""ЦСМ № 7 г. Бишкек""";"Учреждение ""Центр семейной медицины № 7 г. Бишкек""";22;434;722;1156;165;193;358;556;1012;1568;253;365;618
Бишкек г.;4171100000000000;Первомайский р-н;41711203000000000;142501;"У-е ""ЦСМ № 7 г. Бишкек""";"Учреждение ""Центр семейной медицины № 7 г. Бишкек""";23;420;706;1126;68;94;162;576;1541;2117;283;628;911
Бишкек г.;4171100000000000;Первомайский р-н;41711203000000000;142501;"У-е ""ЦСМ № 7 г. Бишкек""";"Учреждение ""Центр семейной медицины № 7 г. Бишкек""";24;398;704;1102;95;141;236;467;1469;1936;152;687;839
Бишкек г.;4171100000000000;Первомайский р-н;41711203000000000;142501;"У-е ""ЦСМ № 7 г. Бишкек""";"Учреждение ""Центр семейной медицины № 7 г. Бишкек""";25;438;733;1171;101;198;299;538;1656;2194;226;900;1126
Бишкек г.;4171100000000000;Первомайский р-н;41711203000000000;142501;"У-е ""ЦСМ № 7 г. Бишкек""";"Учреждение ""Центр семейной медицины № 7 г. Бишкек""";26;412;747;1159;115;232;347;509;1602;2111;234;986;1220
Бишкек г.;4171100000000000;Первомайский р-н;41711203000000000;142501;"У-е ""ЦСМ № 7 г. Бишкек""";"Учреждение ""Центр семейной медицины № 7 г. Бишкек""";27;389;717;1106;130;258;388;444;1466;1910;269;992;1261
Бишкек г.;4171100000000000;Первомайский р-н;41711203000000000;142501;"У-е ""ЦСМ № 7 г. Бишкек""";"Учреждение ""Центр семейной медицины № 7 г. Бишкек""";28;360;797;1157;161;305;466;449;1821;2270;302;1234;1536
Бишкек г.;4171100000000000;Первомайский р-н;41711203000000000;142501;"У-е ""ЦСМ № 7 г. Бишкек""";"Учреждение ""Центр семейной медицины № 7 г. Бишкек""";29;430;825;1255;202;398;600;528;1662;2190;331;1253;1584
Бишкек г.;4171100000000000;Первомайский р-н;41711203000000000;142501;"У-е ""ЦСМ № 7 г. Бишкек""";"Учреждение ""Центр семейной медицины № 7 г. Бишкек""";30;438;867;1305;238;386;624;497;1977;2474;335;1520;1855
Бишкек г.;4171100000000000;Первомайский р-н;41711203000000000;142501;"У-е ""ЦСМ № 7 г. Бишкек""";"Учреждение ""Центр семейной медицины № 7 г. Бишкек""";31;420;889;1309;255;461;716;581;1837;2418;473;1526;1999
Бишкек г.;4171100000000000;Первомайский р-н;41711203000000000;142501;"У-е ""ЦСМ № 7 г. Бишкек""";"Учреждение ""Центр семейной медицины № 7 г. Бишкек""";32;499;901;1400;324;470;794;472;1641;2113;333;1260;1593
Бишкек г.;4171100000000000;Первомайский р-н;41711203000000000;142501;"У-е ""ЦСМ № 7 г. Бишкек""";"Учреждение ""Центр семейной медицины № 7 г. Бишкек""";33;423;870;1293;266;456;722;529;1570;2099;433;1173;1606
Бишкек г.;4171100000000000;Первомайский р-н;41711203000000000;142501;"У-е ""ЦСМ № 7 г. Бишкек""";"Учреждение ""Центр семейной медицины № 7 г. Бишкек""";34;449;870;1319;283;468;751;476;1768;2244;398;1389;1787
Бишкек г.;4171100000000000;Первомайский р-н;41711203000000000;142501;"У-е ""ЦСМ № 7 г. Бишкек""";"Учреждение ""Центр семейной медицины № 7 г. Бишкек""";35;476;862;1338;336;534;870;592;1840;2432;449;1511;1960
Бишкек г.;4171100000000000;Первомайский р-н;41711203000000000;142501;"У-е ""ЦСМ № 7 г. Бишкек""";"Учреждение ""Центр семейной медицины № 7 г. Бишкек""";36;495;884;1379;349;522;871;739;1587;2326;575;1375;1950
Бишкек г.;4171100000000000;Первомайский р-н;41711203000000000;142501;"У-е ""ЦСМ № 7 г. Бишкек""";"Учреждение ""Центр семейной медицины № 7 г. Бишкек""";37;506;874;1380;341;527;868;576;1490;2066;471;1177;1648
Бишкек г.;4171100000000000;Первомайский р-н;41711203000000000;142501;"У-е ""ЦСМ № 7 г. Бишкек""";"Учреждение ""Центр семейной медицины № 7 г. Бишкек""";38;482;902;1384;334;505;839;536;1503;2039;438;1189;1627
Бишкек г.;4171100000000000;Первомайский р-н;41711203000000000;142501;"У-е ""ЦСМ № 7 г. Бишкек""";"Учреждение ""Центр семейной медицины № 7 г. Бишкек""";39;523;916;1439;339;460;799;778;1406;2184;646;1046;1692
Бишкек г.;4171100000000000;Первомайский р-н;41711203000000000;142501;"У-е ""ЦСМ № 7 г. Бишкек""";"Учреждение ""Центр семейной медицины № 7 г. Бишкек""";40;472;900;1372;314;467;781;625;1348;1973;538;1120;1658
Бишкек г.;4171100000000000;Первомайский р-н;41711203000000000;142501;"У-е ""ЦСМ № 7 г. Бишкек""";"Учреждение ""Центр семейной медицины № 7 г. Бишкек""";41;473;804;1277;322;446;768;631;1386;2017;510;1180;1690
Бишкек г.;4171100000000000;Первомайский р-н;41711203000000000;142501;"У-е ""ЦСМ № 7 г. Бишкек""";"Учреждение ""Центр семейной медицины № 7 г. Бишкек""";42;454;863;1317;305;438;743;507;1405;1912;416;1125;1541
Бишкек г.;4171100000000000;Первомайский р-н;41711203000000000;142501;"У-е ""ЦСМ № 7 г. Бишкек""";"Учреждение ""Центр семейной медицины № 7 г. Бишкек""";43;375;838;1213;240;428;668;449;1271;1720;369;1026;1395
Бишкек г.;4171100000000000;Первомайский р-н;41711203000000000;142501;"У-е ""ЦСМ № 7 г. Бишкек""";"Учреждение ""Центр семейной медицины № 7 г. Бишкек""";44;403;836;1239;265;359;624;543;1125;1668;396;921;1317
Бишкек г.;4171100000000000;Первомайский р-н;41711203000000000;142501;"У-е ""ЦСМ № 7 г. Бишкек""";"Учреждение ""Центр семейной медицины № 7 г. Бишкек""";45;410;744;1154;273;344;617;532;970;1502;426;799;1225
Бишкек г.;4171100000000000;Первомайский р-н;41711203000000000;142501;"У-е ""ЦСМ № 7 г. Бишкек""";"Учреждение ""Центр семейной медицины № 7 г. Бишкек""";46;353;802;1155;221;379;600;685;1359;2044;594;1060;1654
Бишкек г.;4171100000000000;Первомайский р-н;41711203000000000;142501;"У-е ""ЦСМ № 7 г. Бишкек""";"Учреждение ""Центр семейной медицины № 7 г. Бишкек""";47;340;701;1041;216;363;579;577;1317;1894;525;1036;1561
Бишкек г.;4171100000000000;Первомайский р-н;41711203000000000;142501;"У-е ""ЦСМ № 7 г. Бишкек""";"Учреждение ""Центр семейной медицины № 7 г. Бишкек""";48;323;736;1059;213;342;555;518;1357;1875;385;1078;1463
Бишкек г.;4171100000000000;Первомайский р-н;41711203000000000;142501;"У-е ""ЦСМ № 7 г. Бишкек""";"Учреждение ""Центр семейной медицины № 7 г. Бишкек""";49;325;718;1043;215;351;566;532;1181;1713;452;925;1377
Бишкек г.;4171100000000000;Первомайский р-н;41711203000000000;142501;"У-е ""ЦСМ № 7 г. Бишкек""";"Учреждение ""Центр семейной медицины № 7 г. Бишкек""";50;312;678;990;201;348;549;560;1615;2175;413;1320;1733
Бишкек г.;4171100000000000;Первомайский р-н;41711203000000000;142501;"У-е ""ЦСМ № 7 г. Бишкек""";"Учреждение ""Центр семейной медицины № 7 г. Бишкек""";51;303;656;959;173;337;510;454;1590;2044;375;1350;1725
Бишкек г.;4171100000000000;Первомайский р-н;41711203000000000;142501;"У-е ""ЦСМ № 7 г. Бишкек""";"Учреждение ""Центр семейной медицины № 7 г. Бишкек""";52;333;617;950;202;295;497;490;1252;1742;380;854;1234
Бишкек г.;4171100000000000;Первомайский р-н;41711203000000000;142501;"У-е ""ЦСМ № 7 г. Бишкек""";"Учреждение ""Центр семейной медицины № 7 г. Бишкек""";53;318;636;954;193;303;496;559;1398;1957;432;1030;1462
Бишкек г.;4171100000000000;Первомайский р-н;41711203000000000;142501;"У-е ""ЦСМ № 7 г. Бишкек""";"Учреждение ""Центр семейной медицины № 7 г. Бишкек""";54;274;597;871;171;308;479;567;1665;2232;427;1537;1964
Бишкек г.;4171100000000000;Первомайский р-н;41711203000000000;142501;"У-е ""ЦСМ № 7 г. Бишкек""";"Учреждение ""Центр семейной медицины № 7 г. Бишкек""";55;267;668;935;173;328;501;681;1420;2101;487;1219;1706
Бишкек г.;4171100000000000;Первомайский р-н;41711203000000000;142501;"У-е ""ЦСМ № 7 г. Бишкек""";"Учреждение ""Центр семейной медицины № 7 г. Бишкек""";56;235;544;779;153;277;430;616;1356;1972;506;1069;1575
Бишкек г.;4171100000000000;Первомайский р-н;41711203000000000;142501;"У-е ""ЦСМ № 7 г. Бишкек""";"Учреждение ""Центр семейной медицины № 7 г. Бишкек""";57;259;509;768;168;258;426;649;1363;2012;530;1204;1734
Бишкек г.;4171100000000000;Первомайский р-н;41711203000000000;142501;"У-е ""ЦСМ № 7 г. Бишкек""";"Учреждение ""Центр семейной медицины № 7 г. Бишкек""";58;236;440;676;155;293;448;589;1286;1875;468;1185;1653
Бишкек г.;4171100000000000;Первомайский р-н;41711203000000000;142501;"У-е ""ЦСМ № 7 г. Бишкек""";"Учреждение ""Центр семейной медицины № 7 г. Бишкек""";59;252;490;742;178;314;492;675;1507;2182;521;1347;1868
Бишкек г.;4171100000000000;Первомайский р-н;41711203000000000;142501;"У-е ""ЦСМ № 7 г. Бишкек""";"Учреждение ""Центр семейной медицины № 7 г. Бишкек""";60;206;420;626;140;294;434;521;1365;1886;428;1237;1665
Бишкек г.;4171100000000000;Первомайский р-н;41711203000000000;142501;"У-е ""ЦСМ № 7 г. Бишкек""";"Учреждение ""Центр семейной медицины № 7 г. Бишкек""";61;218;486;704;158;371;529;725;1766;2491;614;1648;2262
Бишкек г.;4171100000000000;Первомайский р-н;41711203000000000;142501;"У-е ""ЦСМ № 7 г. Бишкек""";"Учреждение ""Центр семейной медицины № 7 г. Бишкек""";62;250;443;693;178;351;529;572;1854;2426;507;1736;2243
Бишкек г.;4171100000000000;Первомайский р-н;41711203000000000;142501;"У-е ""ЦСМ № 7 г. Бишкек""";"Учреждение ""Центр семейной медицины № 7 г. Бишкек""";63;207;465;672;148;386;534;670;1677;2347;631;1633;2264
Бишкек г.;4171100000000000;Первомайский р-н;41711203000000000;142501;"У-е ""ЦСМ № 7 г. Бишкек""";"Учреждение ""Центр семейной медицины № 7 г. Бишкек""";64;214;479;693;188;407;595;717;1699;2416;681;1673;2354
Бишкек г.;4171100000000000;Первомайский р-н;41711203000000000;142501;"У-е ""ЦСМ № 7 г. Бишкек""";"Учреждение ""Центр семейной медицины № 7 г. Бишкек""";65;200;471;671;187;447;634;642;1701;2343;638;1688;2326
Бишкек г.;4171100000000000;Первомайский р-н;41711203000000000;142501;"У-е ""ЦСМ № 7 г. Бишкек""";"Учреждение ""Центр семейной медицины № 7 г. Бишкек""";66;221;422;643;212;389;601;447;1740;2187;441;1691;2132
Бишкек г.;4171100000000000;Первомайский р-н;41711203000000000;142501;"У-е ""ЦСМ № 7 г. Бишкек""";"Учреждение ""Центр семейной медицины № 7 г. Бишкек""";67;167;394;561;160;376;536;539;1969;2508;528;1950;2478
Бишкек г.;4171100000000000;Первомайский р-н;41711203000000000;142501;"У-е ""ЦСМ № 7 г. Бишкек""";"Учреждение ""Центр семейной медицины № 7 г. Бишкек""";68;161;391;552;152;370;522;486;1547;2033;472;1508;1980
Бишкек г.;4171100000000000;Первомайский р-н;41711203000000000;142501;"У-е ""ЦСМ № 7 г. Бишкек""";"Учреждение ""Центр семейной медицины № 7 г. Бишкек""";69;138;368;506;135;368;503;563;1662;2225;563;1627;2190
Бишкек г.;4171100000000000;Первомайский р-н;41711203000000000;142501;"У-е ""ЦСМ № 7 г. Бишкек""";"Учреждение ""Центр семейной медицины № 7 г. Бишкек""";70;141;352;493;141;349;490;441;1325;1766;441;1290;1731
Бишкек г.;4171100000000000;Первомайский р-н;41711203000000000;142501;"У-е ""ЦСМ № 7 г. Бишкек""";"Учреждение ""Центр семейной медицины № 7 г. Бишкек""";71;148;283;431;148;283;431;491;1325;1816;490;1320;1810
Бишкек г.;4171100000000000;Первомайский р-н;41711203000000000;142501;"У-е ""ЦСМ № 7 г. Бишкек""";"Учреждение ""Центр семейной медицины № 7 г. Бишкек""";72;116;246;362;116;245;361;426;1304;1730;426;1296;1722
Бишкек г.;4171100000000000;Первомайский р-н;41711203000000000;142501;"У-е ""ЦСМ № 7 г. Бишкек""";"Учреждение ""Центр семейной медицины № 7 г. Бишкек""";73;124;274;398;124;273;397;386;1414;1800;385;1405;1790
Бишкек г.;4171100000000000;Первомайский р-н;41711203000000000;142501;"У-е ""ЦСМ № 7 г. Бишкек""";"Учреждение ""Центр семейной медицины № 7 г. Бишкек""";74;120;269;389;120;269;389;392;1710;2102;390;1709;2099
Бишкек г.;4171100000000000;Первомайский р-н;41711203000000000;142501;"У-е ""ЦСМ № 7 г. Бишкек""";"Учреждение ""Центр семейной медицины № 7 г. Бишкек""";75;116;309;425;115;308;423;416;1111;1527;403;1110;1513
Бишкек г.;4171100000000000;Первомайский р-н;41711203000000000;142501;"У-е ""ЦСМ № 7 г. Бишкек""";"Учреждение ""Центр семейной медицины № 7 г. Бишкек""";76;100;292;392;100;292;392;416;1335;1751;409;1311;1720
Бишкек г.;4171100000000000;Первомайский р-н;41711203000000000;142501;"У-е ""ЦСМ № 7 г. Бишкек""";"Учреждение ""Центр семейной медицины № 7 г. Бишкек""";77;118;290;408;118;290;408;293;1295;1588;289;1282;1571
Бишкек г.;4171100000000000;Первомайский р-н;41711203000000000;142501;"У-е ""ЦСМ № 7 г. Бишкек""";"Учреждение ""Центр семейной медицины № 7 г. Бишкек""";78;74;212;286;74;211;285;231;662;893;231;638;869
Бишкек г.;4171100000000000;Первомайский р-н;41711203000000000;142501;"У-е ""ЦСМ № 7 г. Бишкек""";"Учреждение ""Центр семейной медицины № 7 г. Бишкек""";79;40;123;163;40;123;163;106;542;648;106;542;648
Бишкек г.;4171100000000000;Первомайский р-н;41711203000000000;142501;"У-е ""ЦСМ № 7 г. Бишкек""";"Учреждение ""Центр семейной медицины № 7 г. Бишкек""";80;31;100;131;31;99;130;79;305;384;77;303;380
Бишкек г.;4171100000000000;Первомайский р-н;41711203000000000;142501;"У-е ""ЦСМ № 7 г. Бишкек""";"Учреждение ""Центр семейной медицины № 7 г. Бишкек""";81;25;100;125;25;100;125;121;363;484;107;363;470
Бишкек г.;4171100000000000;Первомайский р-н;41711203000000000;142501;"У-е ""ЦСМ № 7 г. Бишкек""";"Учреждение ""Центр семейной медицины № 7 г. Бишкек""";82;49;137;186;49;137;186;178;391;569;178;391;569
Бишкек г.;4171100000000000;Первомайский р-н;41711203000000000;142501;"У-е ""ЦСМ № 7 г. Бишкек""";"Учреждение ""Центр семейной медицины № 7 г. Бишкек""";83;60;151;211;60;151;211;196;427;623;196;427;623
Бишкек г.;4171100000000000;Первомайский р-н;41711203000000000;142501;"У-е ""ЦСМ № 7 г. Бишкек""";"Учреждение ""Центр семейной медицины № 7 г. Бишкек""";84;52;183;235;52;183;235;117;417;534;117;417;534
Бишкек г.;4171100000000000;Первомайский р-н;41711203000000000;142501;"У-е ""ЦСМ № 7 г. Бишкек""";"Учреждение ""Центр семейной медицины № 7 г. Бишкек""";85;55;162;217;55;162;217;127;354;481;127;354;481
Бишкек г.;4171100000000000;Первомайский р-н;41711203000000000;142501;"У-е ""ЦСМ № 7 г. Бишкек""";"Учреждение ""Центр семейной медицины № 7 г. Бишкек""";86;42;136;178;42;135;177;107;333;440;107;333;440
Бишкек г.;4171100000000000;Первомайский р-н;41711203000000000;142501;"У-е ""ЦСМ № 7 г. Бишкек""";"Учреждение ""Центр семейной медицины № 7 г. Бишкек""";87;51;135;186;51;135;186;31;208;239;31;208;239
Бишкек г.;4171100000000000;Первомайский р-н;41711203000000000;142501;"У-е ""ЦСМ № 7 г. Бишкек""";"Учреждение ""Центр семейной медицины № 7 г. Бишкек""";88;35;102;137;35;102;137;32;78;110;32;78;110
Бишкек г.;4171100000000000;Первомайский р-н;41711203000000000;142501;"У-е ""ЦСМ № 7 г. Бишкек""";"Учреждение ""Центр семейной медицины № 7 г. Бишкек""";89;20;73;93;20;73;93;15;49;64;15;49;64
Бишкек г.;4171100000000000;Первомайский р-н;41711203000000000;142501;"У-е ""ЦСМ № 7 г. Бишкек""";"Учреждение ""Центр семейной медицины № 7 г. Бишкек""";90;13;46;59;13;46;59;13;42;55;13;42;55
Бишкек г.;4171100000000000;Первомайский р-н;41711203000000000;142501;"У-е ""ЦСМ № 7 г. Бишкек""";"Учреждение ""Центр семейной медицины № 7 г. Бишкек""";91;6;28;34;6;28;34;17;54;71;17;53;70
Бишкек г.;4171100000000000;Первомайский р-н;41711203000000000;142501;"У-е ""ЦСМ № 7 г. Бишкек""";"Учреждение ""Центр семейной медицины № 7 г. Бишкек""";92;8;17;25;8;17;25;0;31;31;0;31;31
Бишкек г.;4171100000000000;Первомайский р-н;41711203000000000;142501;"У-е ""ЦСМ № 7 г. Бишкек""";"Учреждение ""Центр семейной медицины № 7 г. Бишкек""";93;3;23;26;3;23;26;5;23;28;5;23;28
Бишкек г.;4171100000000000;Первомайский р-н;41711203000000000;142501;"У-е ""ЦСМ № 7 г. Бишкек""";"Учреждение ""Центр семейной медицины № 7 г. Бишкек""";94;1;20;21;1;20;21;1;26;27;1;26;27
Бишкек г.;4171100000000000;Первомайский р-н;41711203000000000;142501;"У-е ""ЦСМ № 7 г. Бишкек""";"Учреждение ""Центр семейной медицины № 7 г. Бишкек""";95;4;17;21;4;17;21;1;4;5;0;4;4
Бишкек г.;4171100000000000;Первомайский р-н;41711203000000000;142501;"У-е ""ЦСМ № 7 г. Бишкек""";"Учреждение ""Центр семейной медицины № 7 г. Бишкек""";96;1;21;22;1;21;22;2;3;5;0;3;3
Бишкек г.;4171100000000000;Первомайский р-н;41711203000000000;142501;"У-е ""ЦСМ № 7 г. Бишкек""";"Учреждение ""Центр семейной медицины № 7 г. Бишкек""";97;1;5;6;1;5;6;0;11;11;0;11;11
Бишкек г.;4171100000000000;Первомайский р-н;41711203000000000;142501;"У-е ""ЦСМ № 7 г. Бишкек""";"Учреждение ""Центр семейной медицины № 7 г. Бишкек""";98;0;7;7;0;7;7;0;4;4;0;4;4
Бишкек г.;4171100000000000;Первомайский р-н;41711203000000000;142501;"У-е ""ЦСМ № 7 г. Бишкек""";"Учреждение ""Центр семейной медицины № 7 г. Бишкек""";99;0;4;4;0;4;4;0;1;1;0;1;1
Бишкек г.;4171100000000000;Первомайский р-н;41711203000000000;142501;"У-е ""ЦСМ № 7 г. Бишкек""";"Учреждение ""Центр семейной медицины № 7 г. Бишкек""";103;0;0;0;0;0;0;0;10;10;0;10;10
Бишкек г.;4171100000000000;Первомайский р-н;41711203000000000;142501;"У-е ""ЦСМ № 7 г. Бишкек""";"Учреждение ""Центр семейной медицины № 7 г. Бишкек""";104;0;1;1;0;1;1;0;1;1;0;1;1
Бишкек г.;4171100000000000;Октябрьский р-н;41711202000000000;142471;"У-е ""ЦСМ № 8 г. Бишкек""";"Учреждение ""Центр семейной медицины № 8 г. Бишкек""";0;556;518;1074;556;518;1074;8892;8831;17723;8892;8831;17723
Бишкек г.;4171100000000000;Октябрьский р-н;41711202000000000;142471;"У-е ""ЦСМ № 8 г. Бишкек""";"Учреждение ""Центр семейной медицины № 8 г. Бишкек""";1;601;633;1234;601;633;1234;4533;4248;8781;4533;4248;8781
Бишкек г.;4171100000000000;Октябрьский р-н;41711202000000000;142471;"У-е ""ЦСМ № 8 г. Бишкек""";"Учреждение ""Центр семейной медицины № 8 г. Бишкек""";2;774;708;1482;774;708;1482;4908;4339;9247;4908;4339;9247
Бишкек г.;4171100000000000;Октябрьский р-н;41711202000000000;142471;"У-е ""ЦСМ № 8 г. Бишкек""";"Учреждение ""Центр семейной медицины № 8 г. Бишкек""";3;729;735;1464;729;735;1464;2909;2582;5491;2909;2582;5491
Бишкек г.;4171100000000000;Октябрьский р-н;41711202000000000;142471;"У-е ""ЦСМ № 8 г. Бишкек""";"Учреждение ""Центр семейной медицины № 8 г. Бишкек""";4;785;811;1596;785;811;1596;2405;2393;4798;2405;2393;4798
Бишкек г.;4171100000000000;Октябрьский р-н;41711202000000000;142471;"У-е ""ЦСМ № 8 г. Бишкек""";"Учреждение ""Центр семейной медицины № 8 г. Бишкек""";5;821;751;1572;821;751;1572;2552;1980;4532;2552;1980;4532
Бишкек г.;4171100000000000;Октябрьский р-н;41711202000000000;142471;"У-е ""ЦСМ № 8 г. Бишкек""";"Учреждение ""Центр семейной медицины № 8 г. Бишкек""";6;867;881;1748;867;881;1748;2775;2659;5434;2775;2659;5434
Бишкек г.;4171100000000000;Октябрьский р-н;41711202000000000;142471;"У-е ""ЦСМ № 8 г. Бишкек""";"Учреждение ""Центр семейной медицины № 8 г. Бишкек""";7;833;943;1776;833;943;1776;1817;1889;3706;1817;1889;3706
Бишкек г.;4171100000000000;Октябрьский р-н;41711202000000000;142471;"У-е ""ЦСМ № 8 г. Бишкек""";"Учреждение ""Центр семейной медицины № 8 г. Бишкек""";8;896;1005;1901;896;1005;1901;1295;1220;2515;1295;1220;2515
Бишкек г.;4171100000000000;Октябрьский р-н;41711202000000000;142471;"У-е ""ЦСМ № 8 г. Бишкек""";"Учреждение ""Центр семейной медицины № 8 г. Бишкек""";9;883;1014;1897;883;1014;1897;1147;1104;2251;1147;1104;2251
Бишкек г.;4171100000000000;Октябрьский р-н;41711202000000000;142471;"У-е ""ЦСМ № 8 г. Бишкек""";"Учреждение ""Центр семейной медицины № 8 г. Бишкек""";10;896;1035;1931;896;1035;1931;1070;1016;2086;1070;1016;2086
Бишкек г.;4171100000000000;Октябрьский р-н;41711202000000000;142471;"У-е ""ЦСМ № 8 г. Бишкек""";"Учреждение ""Центр семейной медицины № 8 г. Бишкек""";11;868;1024;1892;868;1024;1892;1151;991;2142;1151;991;2142
Бишкек г.;4171100000000000;Октябрьский р-н;41711202000000000;142471;"У-е ""ЦСМ № 8 г. Бишкек""";"Учреждение ""Центр семейной медицины № 8 г. Бишкек""";12;830;904;1734;830;904;1734;958;918;1876;958;918;1876
Бишкек г.;4171100000000000;Октябрьский р-н;41711202000000000;142471;"У-е ""ЦСМ № 8 г. Бишкек""";"Учреждение ""Центр семейной медицины № 8 г. Бишкек""";13;810;931;1741;810;931;1741;1030;999;2029;1030;999;2029
Бишкек г.;4171100000000000;Октябрьский р-н;41711202000000000;142471;"У-е ""ЦСМ № 8 г. Бишкек""";"Учреждение ""Центр семейной медицины № 8 г. Бишкек""";14;803;991;1794;803;991;1794;1108;1141;2249;1108;1141;2249
Бишкек г.;4171100000000000;Октябрьский р-н;41711202000000000;142471;"У-е ""ЦСМ № 8 г. Бишкек""";"Учреждение ""Центр семейной медицины № 8 г. Бишкек""";15;770;978;1748;770;978;1748;1378;1225;2603;1378;1225;2603
Бишкек г.;4171100000000000;Октябрьский р-н;41711202000000000;142471;"У-е ""ЦСМ № 8 г. Бишкек""";"Учреждение ""Центр семейной медицины № 8 г. Бишкек""";16;760;987;1747;760;987;1747;1237;1124;2361;1179;1078;2257
Бишкек г.;4171100000000000;Октябрьский р-н;41711202000000000;142471;"У-е ""ЦСМ № 8 г. Бишкек""";"Учреждение ""Центр семейной медицины № 8 г. Бишкек""";17;682;869;1551;629;810;1439;1194;1314;2508;910;1075;1985
Бишкек г.;4171100000000000;Октябрьский р-н;41711202000000000;142471;"У-е ""ЦСМ № 8 г. Бишкек""";"Учреждение ""Центр семейной медицины № 8 г. Бишкек""";18;637;814;1451;432;618;1050;1113;1015;2128;531;480;1011
Бишкек г.;4171100000000000;Октябрьский р-н;41711202000000000;142471;"У-е ""ЦСМ № 8 г. Бишкек""";"Учреждение ""Центр семейной медицины № 8 г. Бишкек""";19;660;649;1309;93;103;196;640;938;1578;122;213;335
Бишкек г.;4171100000000000;Октябрьский р-н;41711202000000000;142471;"У-е ""ЦСМ № 8 г. Бишкек""";"Учреждение ""Центр семейной медицины № 8 г. Бишкек""";20;639;630;1269;64;87;151;486;1046;1532;105;295;400
Бишкек г.;4171100000000000;Октябрьский р-н;41711202000000000;142471;"У-е ""ЦСМ № 8 г. Бишкек""";"Учреждение ""Центр семейной медицины № 8 г. Бишкек""";21;653;692;1345;89;118;207;467;1137;1604;137;400;537
Бишкек г.;4171100000000000;Октябрьский р-н;41711202000000000;142471;"У-е ""ЦСМ № 8 г. Бишкек""";"Учреждение ""Центр семейной медицины № 8 г. Бишкек""";22;589;724;1313;117;174;291;517;1049;1566;158;515;673
Бишкек г.;4171100000000000;Октябрьский р-н;41711202000000000;142471;"У-е ""ЦСМ № 8 г. Бишкек""";"Учреждение ""Центр семейной медицины № 8 г. Бишкек""";23;583;766;1349;83;229;312;426;1266;1692;163;666;829
Бишкек г.;4171100000000000;Октябрьский р-н;41711202000000000;142471;"У-е ""ЦСМ № 8 г. Бишкек""";"Учреждение ""Центр семейной медицины № 8 г. Бишкек""";24;520;884;1404;91;234;325;473;1269;1742;189;725;914
Бишкек г.;4171100000000000;Октябрьский р-н;41711202000000000;142471;"У-е ""ЦСМ № 8 г. Бишкек""";"Учреждение ""Центр семейной медицины № 8 г. Бишкек""";25;462;852;1314;94;204;298;439;1587;2026;185;1029;1214
Бишкек г.;4171100000000000;Октябрьский р-н;41711202000000000;142471;"У-е ""ЦСМ № 8 г. Бишкек""";"Учреждение ""Центр семейной медицины № 8 г. Бишкек""";26;547;925;1472;154;270;424;412;1667;2079;215;1017;1232
Бишкек г.;4171100000000000;Октябрьский р-н;41711202000000000;142471;"У-е ""ЦСМ № 8 г. Бишкек""";"Учреждение ""Центр семейной медицины № 8 г. Бишкек""";27;511;770;1281;161;299;460;338;1612;1950;166;1083;1249
Бишкек г.;4171100000000000;Октябрьский р-н;41711202000000000;142471;"У-е ""ЦСМ № 8 г. Бишкек""";"Учреждение ""Центр семейной медицины № 8 г. Бишкек""";28;513;822;1335;183;349;532;359;1428;1787;181;948;1129
Бишкек г.;4171100000000000;Октябрьский р-н;41711202000000000;142471;"У-е ""ЦСМ № 8 г. Бишкек""";"Учреждение ""Центр семейной медицины № 8 г. Бишкек""";29;590;881;1471;250;433;683;488;1858;2346;266;1259;1525
Бишкек г.;4171100000000000;Октябрьский р-н;41711202000000000;142471;"У-е ""ЦСМ № 8 г. Бишкек""";"Учреждение ""Центр семейной медицины № 8 г. Бишкек""";30;622;967;1589;331;494;825;495;1860;2355;320;1356;1676
Бишкек г.;4171100000000000;Октябрьский р-н;41711202000000000;142471;"У-е ""ЦСМ № 8 г. Бишкек""";"Учреждение ""Центр семейной медицины № 8 г. Бишкек""";31;629;940;1569;332;544;876;500;1762;2262;359;1347;1706
Бишкек г.;4171100000000000;Октябрьский р-н;41711202000000000;142471;"У-е ""ЦСМ № 8 г. Бишкек""";"Учреждение ""Центр семейной медицины № 8 г. Бишкек""";32;647;927;1574;381;553;934;514;1698;2212;391;1262;1653
Бишкек г.;4171100000000000;Октябрьский р-н;41711202000000000;142471;"У-е ""ЦСМ № 8 г. Бишкек""";"Учреждение ""Центр семейной медицины № 8 г. Бишкек""";33;650;921;1571;399;585;984;432;1775;2207;342;1355;1697
Бишкек г.;4171100000000000;Октябрьский р-н;41711202000000000;142471;"У-е ""ЦСМ № 8 г. Бишкек""";"Учреждение ""Центр семейной медицины № 8 г. Бишкек""";34;647;950;1597;406;580;986;511;1634;2145;362;1298;1660
Бишкек г.;4171100000000000;Октябрьский р-н;41711202000000000;142471;"У-е ""ЦСМ № 8 г. Бишкек""";"Учреждение ""Центр семейной медицины № 8 г. Бишкек""";35;661;927;1588;435;617;1052;678;1755;2433;522;1449;1971
Бишкек г.;4171100000000000;Октябрьский р-н;41711202000000000;142471;"У-е ""ЦСМ № 8 г. Бишкек""";"Учреждение ""Центр семейной медицины № 8 г. Бишкек""";36;695;947;1642;489;649;1138;669;1732;2401;525;1297;1822
Бишкек г.;4171100000000000;Октябрьский р-н;41711202000000000;142471;"У-е ""ЦСМ № 8 г. Бишкек""";"Учреждение ""Центр семейной медицины № 8 г. Бишкек""";37;681;1020;1701;475;665;1140;576;1864;2440;435;1398;1833
Бишкек г.;4171100000000000;Октябрьский р-н;41711202000000000;142471;"У-е ""ЦСМ № 8 г. Бишкек""";"Учреждение ""Центр семейной медицины № 8 г. Бишкек""";38;677;953;1630;457;611;1068;448;1452;1900;348;1178;1526
Бишкек г.;4171100000000000;Октябрьский р-н;41711202000000000;142471;"У-е ""ЦСМ № 8 г. Бишкек""";"Учреждение ""Центр семейной медицины № 8 г. Бишкек""";39;573;926;1499;392;604;996;524;1334;1858;396;917;1313
Бишкек г.;4171100000000000;Октябрьский р-н;41711202000000000;142471;"У-е ""ЦСМ № 8 г. Бишкек""";"Учреждение ""Центр семейной медицины № 8 г. Бишкек""";40;636;841;1477;412;541;953;489;1084;1573;379;810;1189
Бишкек г.;4171100000000000;Октябрьский р-н;41711202000000000;142471;"У-е ""ЦСМ № 8 г. Бишкек""";"Учреждение ""Центр семейной медицины № 8 г. Бишкек""";41;584;785;1369;385;469;854;586;1210;1796;439;882;1321
Бишкек г.;4171100000000000;Октябрьский р-н;41711202000000000;142471;"У-е ""ЦСМ № 8 г. Бишкек""";"Учреждение ""Центр семейной медицины № 8 г. Бишкек""";42;542;812;1354;356;487;843;420;970;1390;342;741;1083
Бишкек г.;4171100000000000;Октябрьский р-н;41711202000000000;142471;"У-е ""ЦСМ № 8 г. Бишкек""";"Учреждение ""Центр семейной медицины № 8 г. Бишкек""";43;539;824;1363;361;525;886;481;949;1430;345;746;1091
Бишкек г.;4171100000000000;Октябрьский р-н;41711202000000000;142471;"У-е ""ЦСМ № 8 г. Бишкек""";"Учреждение ""Центр семейной медицины № 8 г. Бишкек""";44;486;704;1190;313;425;738;474;957;1431;384;744;1128
Бишкек г.;4171100000000000;Октябрьский р-н;41711202000000000;142471;"У-е ""ЦСМ № 8 г. Бишкек""";"Учреждение ""Центр семейной медицины № 8 г. Бишкек""";45;456;705;1161;275;432;707;502;1160;1662;381;909;1290
Бишкек г.;4171100000000000;Октябрьский р-н;41711202000000000;142471;"У-е ""ЦСМ № 8 г. Бишкек""";"Учреждение ""Центр семейной медицины № 8 г. Бишкек""";46;416;701;1117;237;431;668;532;1105;1637;354;866;1220
Бишкек г.;4171100000000000;Октябрьский р-н;41711202000000000;142471;"У-е ""ЦСМ № 8 г. Бишкек""";"Учреждение ""Центр семейной медицины № 8 г. Бишкек""";47;418;701;1119;263;443;706;403;1086;1489;279;818;1097
Бишкек г.;4171100000000000;Октябрьский р-н;41711202000000000;142471;"У-е ""ЦСМ № 8 г. Бишкек""";"Учреждение ""Центр семейной медицины № 8 г. Бишкек""";48;429;661;1090;267;391;658;463;947;1410;305;740;1045
Бишкек г.;4171100000000000;Октябрьский р-н;41711202000000000;142471;"У-е ""ЦСМ № 8 г. Бишкек""";"Учреждение ""Центр семейной медицины № 8 г. Бишкек""";49;440;655;1095;271;375;646;497;1007;1504;319;804;1123
Бишкек г.;4171100000000000;Октябрьский р-н;41711202000000000;142471;"У-е ""ЦСМ № 8 г. Бишкек""";"Учреждение ""Центр семейной медицины № 8 г. Бишкек""";50;393;638;1031;225;360;585;471;1030;1501;364;789;1153
Бишкек г.;4171100000000000;Октябрьский р-н;41711202000000000;142471;"У-е ""ЦСМ № 8 г. Бишкек""";"Учреждение ""Центр семейной медицины № 8 г. Бишкек""";51;376;589;965;228;362;590;441;1008;1449;298;813;1111
Бишкек г.;4171100000000000;Октябрьский р-н;41711202000000000;142471;"У-е ""ЦСМ № 8 г. Бишкек""";"Учреждение ""Центр семейной медицины № 8 г. Бишкек""";52;367;562;929;228;330;558;453;1063;1516;337;837;1174
Бишкек г.;4171100000000000;Октябрьский р-н;41711202000000000;142471;"У-е ""ЦСМ № 8 г. Бишкек""";"Учреждение ""Центр семейной медицины № 8 г. Бишкек""";53;326;610;936;205;389;594;408;964;1372;278;762;1040
Бишкек г.;4171100000000000;Октябрьский р-н;41711202000000000;142471;"У-е ""ЦСМ № 8 г. Бишкек""";"Учреждение ""Центр семейной медицины № 8 г. Бишкек""";54;330;578;908;201;359;560;508;1092;1600;422;903;1325
Бишкек г.;4171100000000000;Октябрьский р-н;41711202000000000;142471;"У-е ""ЦСМ № 8 г. Бишкек""";"Учреждение ""Центр семейной медицины № 8 г. Бишкек""";55;313;511;824;216;326;542;484;1038;1522;379;852;1231
Бишкек г.;4171100000000000;Октябрьский р-н;41711202000000000;142471;"У-е ""ЦСМ № 8 г. Бишкек""";"Учреждение ""Центр семейной медицины № 8 г. Бишкек""";56;303;521;824;179;331;510;613;1116;1729;495;968;1463
Бишкек г.;4171100000000000;Октябрьский р-н;41711202000000000;142471;"У-е ""ЦСМ № 8 г. Бишкек""";"Учреждение ""Центр семейной медицины № 8 г. Бишкек""";57;332;469;801;218;298;516;514;1126;1640;388;927;1315
Бишкек г.;4171100000000000;Октябрьский р-н;41711202000000000;142471;"У-е ""ЦСМ № 8 г. Бишкек""";"Учреждение ""Центр семейной медицины № 8 г. Бишкек""";58;334;527;861;221;335;556;523;1062;1585;409;796;1205
Бишкек г.;4171100000000000;Октябрьский р-н;41711202000000000;142471;"У-е ""ЦСМ № 8 г. Бишкек""";"Учреждение ""Центр семейной медицины № 8 г. Бишкек""";59;257;480;737;173;283;456;428;1053;1481;358;896;1254
Бишкек г.;4171100000000000;Октябрьский р-н;41711202000000000;142471;"У-е ""ЦСМ № 8 г. Бишкек""";"Учреждение ""Центр семейной медицины № 8 г. Бишкек""";60;265;468;733;196;356;552;565;1129;1694;470;1001;1471
Бишкек г.;4171100000000000;Октябрьский р-н;41711202000000000;142471;"У-е ""ЦСМ № 8 г. Бишкек""";"Учреждение ""Центр семейной медицины № 8 г. Бишкек""";61;256;476;732;185;380;565;486;1271;1757;442;1128;1570
Бишкек г.;4171100000000000;Октябрьский р-н;41711202000000000;142471;"У-е ""ЦСМ № 8 г. Бишкек""";"Учреждение ""Центр семейной медицины № 8 г. Бишкек""";62;265;453;718;188;363;551;549;1300;1849;463;1178;1641
Бишкек г.;4171100000000000;Октябрьский р-н;41711202000000000;142471;"У-е ""ЦСМ № 8 г. Бишкек""";"Учреждение ""Центр семейной медицины № 8 г. Бишкек""";63;282;464;746;187;396;583;591;1858;2449;472;1817;2289
Бишкек г.;4171100000000000;Октябрьский р-н;41711202000000000;142471;"У-е ""ЦСМ № 8 г. Бишкек""";"Учреждение ""Центр семейной медицины № 8 г. Бишкек""";64;272;550;822;192;538;730;671;1863;2534;590;1847;2437
Бишкек г.;4171100000000000;Октябрьский р-н;41711202000000000;142471;"У-е ""ЦСМ № 8 г. Бишкек""";"Учреждение ""Центр семейной медицины № 8 г. Бишкек""";65;249;493;742;210;487;697;634;1678;2312;577;1651;2228
Бишкек г.;4171100000000000;Октябрьский р-н;41711202000000000;142471;"У-е ""ЦСМ № 8 г. Бишкек""";"Учреждение ""Центр семейной медицины № 8 г. Бишкек""";66;240;444;684;202;440;642;558;1332;1890;495;1321;1816
Бишкек г.;4171100000000000;Октябрьский р-н;41711202000000000;142471;"У-е ""ЦСМ № 8 г. Бишкек""";"Учреждение ""Центр семейной медицины № 8 г. Бишкек""";67;236;475;711;213;468;681;605;1523;2128;584;1475;2059
Бишкек г.;4171100000000000;Октябрьский р-н;41711202000000000;142471;"У-е ""ЦСМ № 8 г. Бишкек""";"Учреждение ""Центр семейной медицины № 8 г. Бишкек""";68;211;445;656;182;434;616;513;1440;1953;479;1402;1881
Бишкек г.;4171100000000000;Октябрьский р-н;41711202000000000;142471;"У-е ""ЦСМ № 8 г. Бишкек""";"Учреждение ""Центр семейной медицины № 8 г. Бишкек""";69;187;472;659;171;464;635;544;1453;1997;494;1446;1940
Бишкек г.;4171100000000000;Октябрьский р-н;41711202000000000;142471;"У-е ""ЦСМ № 8 г. Бишкек""";"Учреждение ""Центр семейной медицины № 8 г. Бишкек""";70;202;414;616;197;411;608;640;1359;1999;630;1359;1989
Бишкек г.;4171100000000000;Октябрьский р-н;41711202000000000;142471;"У-е ""ЦСМ № 8 г. Бишкек""";"Учреждение ""Центр семейной медицины № 8 г. Бишкек""";71;180;392;572;177;391;568;501;1604;2105;498;1597;2095
Бишкек г.;4171100000000000;Октябрьский р-н;41711202000000000;142471;"У-е ""ЦСМ № 8 г. Бишкек""";"Учреждение ""Центр семейной медицины № 8 г. Бишкек""";72;173;414;587;172;414;586;408;1395;1803;408;1388;1796
Бишкек г.;4171100000000000;Октябрьский р-н;41711202000000000;142471;"У-е ""ЦСМ № 8 г. Бишкек""";"Учреждение ""Центр семейной медицины № 8 г. Бишкек""";73;149;368;517;148;363;511;345;1351;1696;345;1319;1664
Бишкек г.;4171100000000000;Октябрьский р-н;41711202000000000;142471;"У-е ""ЦСМ № 8 г. Бишкек""";"Учреждение ""Центр семейной медицины № 8 г. Бишкек""";74;127;346;473;127;346;473;539;1093;1632;539;1087;1626
Бишкек г.;4171100000000000;Октябрьский р-н;41711202000000000;142471;"У-е ""ЦСМ № 8 г. Бишкек""";"Учреждение ""Центр семейной медицины № 8 г. Бишкек""";75;142;364;506;142;363;505;389;994;1383;385;992;1377
Бишкек г.;4171100000000000;Октябрьский р-н;41711202000000000;142471;"У-е ""ЦСМ № 8 г. Бишкек""";"Учреждение ""Центр семейной медицины № 8 г. Бишкек""";76;116;289;405;114;286;400;367;1115;1482;366;1093;1459
Бишкек г.;4171100000000000;Октябрьский р-н;41711202000000000;142471;"У-е ""ЦСМ № 8 г. Бишкек""";"Учреждение ""Центр семейной медицины № 8 г. Бишкек""";77;140;296;436;139;294;433;284;942;1226;284;941;1225
Бишкек г.;4171100000000000;Октябрьский р-н;41711202000000000;142471;"У-е ""ЦСМ № 8 г. Бишкек""";"Учреждение ""Центр семейной медицины № 8 г. Бишкек""";78;79;236;315;79;233;312;221;560;781;221;555;776
Бишкек г.;4171100000000000;Октябрьский р-н;41711202000000000;142471;"У-е ""ЦСМ № 8 г. Бишкек""";"Учреждение ""Центр семейной медицины № 8 г. Бишкек""";79;46;130;176;46;130;176;100;476;576;100;476;576
Бишкек г.;4171100000000000;Октябрьский р-н;41711202000000000;142471;"У-е ""ЦСМ № 8 г. Бишкек""";"Учреждение ""Центр семейной медицины № 8 г. Бишкек""";80;31;103;134;31;103;134;92;369;461;92;369;461
Бишкек г.;4171100000000000;Октябрьский р-н;41711202000000000;142471;"У-е ""ЦСМ № 8 г. Бишкек""";"Учреждение ""Центр семейной медицины № 8 г. Бишкек""";81;27;94;121;26;93;119;73;404;477;72;403;475
Бишкек г.;4171100000000000;Октябрьский р-н;41711202000000000;142471;"У-е ""ЦСМ № 8 г. Бишкек""";"Учреждение ""Центр семейной медицины № 8 г. Бишкек""";82;48;157;205;48;157;205;158;639;797;158;637;795
Бишкек г.;4171100000000000;Октябрьский р-н;41711202000000000;142471;"У-е ""ЦСМ № 8 г. Бишкек""";"Учреждение ""Центр семейной медицины № 8 г. Бишкек""";83;56;198;254;56;198;254;158;583;741;156;573;729
Бишкек г.;4171100000000000;Октябрьский р-н;41711202000000000;142471;"У-е ""ЦСМ № 8 г. Бишкек""";"Учреждение ""Центр семейной медицины № 8 г. Бишкек""";84;56;233;289;55;230;285;116;553;669;116;520;636
Бишкек г.;4171100000000000;Октябрьский р-н;41711202000000000;142471;"У-е ""ЦСМ № 8 г. Бишкек""";"Учреждение ""Центр семейной медицины № 8 г. Бишкек""";85;55;182;237;55;182;237;127;400;527;118;383;501
Бишкек г.;4171100000000000;Октябрьский р-н;41711202000000000;142471;"У-е ""ЦСМ № 8 г. Бишкек""";"Учреждение ""Центр семейной медицины № 8 г. Бишкек""";86;56;170;226;55;169;224;147;443;590;147;429;576
Бишкек г.;4171100000000000;Октябрьский р-н;41711202000000000;142471;"У-е ""ЦСМ № 8 г. Бишкек""";"Учреждение ""Центр семейной медицины № 8 г. Бишкек""";87;53;184;237;53;182;235;104;375;479;104;363;467
Бишкек г.;4171100000000000;Октябрьский р-н;41711202000000000;142471;"У-е ""ЦСМ № 8 г. Бишкек""";"Учреждение ""Центр семейной медицины № 8 г. Бишкек""";88;25;110;135;25;110;135;41;202;243;41;201;242
Бишкек г.;4171100000000000;Октябрьский р-н;41711202000000000;142471;"У-е ""ЦСМ № 8 г. Бишкек""";"Учреждение ""Центр семейной медицины № 8 г. Бишкек""";89;19;74;93;19;74;93;21;128;149;21;128;149
Бишкек г.;4171100000000000;Октябрьский р-н;41711202000000000;142471;"У-е ""ЦСМ № 8 г. Бишкек""";"Учреждение ""Центр семейной медицины № 8 г. Бишкек""";90;12;57;69;12;57;69;10;83;93;10;83;93
Бишкек г.;4171100000000000;Октябрьский р-н;41711202000000000;142471;"У-е ""ЦСМ № 8 г. Бишкек""";"Учреждение ""Центр семейной медицины № 8 г. Бишкек""";91;13;52;65;13;52;65;16;56;72;16;56;72
Бишкек г.;4171100000000000;Октябрьский р-н;41711202000000000;142471;"У-е ""ЦСМ № 8 г. Бишкек""";"Учреждение ""Центр семейной медицины № 8 г. Бишкек""";92;13;59;72;12;59;71;13;57;70;9;56;65
Бишкек г.;4171100000000000;Октябрьский р-н;41711202000000000;142471;"У-е ""ЦСМ № 8 г. Бишкек""";"Учреждение ""Центр семейной медицины № 8 г. Бишкек""";93;12;49;61;12;48;60;30;32;62;30;30;60
Бишкек г.;4171100000000000;Октябрьский р-н;41711202000000000;142471;"У-е ""ЦСМ № 8 г. Бишкек""";"Учреждение ""Центр семейной медицины № 8 г. Бишкек""";94;9;46;55;9;46;55;6;12;18;6;11;17
Бишкек г.;4171100000000000;Октябрьский р-н;41711202000000000;142471;"У-е ""ЦСМ № 8 г. Бишкек""";"Учреждение ""Центр семейной медицины № 8 г. Бишкек""";95;12;32;44;12;32;44;0;20;20;0;20;20
Бишкек г.;4171100000000000;Октябрьский р-н;41711202000000000;142471;"У-е ""ЦСМ № 8 г. Бишкек""";"Учреждение ""Центр семейной медицины № 8 г. Бишкек""";96;7;31;38;7;31;38;6;19;25;6;19;25
Бишкек г.;4171100000000000;Октябрьский р-н;41711202000000000;142471;"У-е ""ЦСМ № 8 г. Бишкек""";"Учреждение ""Центр семейной медицины № 8 г. Бишкек""";97;1;21;22;1;21;22;0;7;7;0;7;7
Бишкек г.;4171100000000000;Октябрьский р-н;41711202000000000;142471;"У-е ""ЦСМ № 8 г. Бишкек""";"Учреждение ""Центр семейной медицины № 8 г. Бишкек""";98;4;20;24;4;20;24;0;15;15;0;15;15
Бишкек г.;4171100000000000;Октябрьский р-н;41711202000000000;142471;"У-е ""ЦСМ № 8 г. Бишкек""";"Учреждение ""Центр семейной медицины № 8 г. Бишкек""";99;3;14;17;3;14;17;5;22;27;5;22;27
Бишкек г.;4171100000000000;Октябрьский р-н;41711202000000000;142471;"У-е ""ЦСМ № 8 г. Бишкек""";"Учреждение ""Центр семейной медицины № 8 г. Бишкек""";100;2;11;13;2;11;13;3;5;8;3;5;8
Чуйская обл.;4170800000000000;Жайылский р-н;41708209000000000;844151;"У-Е ""ЦСМ Жайылского района""";"Учреждение ""Центр семейной медицины Жайылского района""";0;445;429;874;445;429;874;5983;5320;11303;5983;5320;11303
Чуйская обл.;4170800000000000;Жайылский р-н;41708209000000000;844151;"У-Е ""ЦСМ Жайылского района""";"Учреждение ""Центр семейной медицины Жайылского района""";1;1009;926;1935;1009;926;1935;3102;2665;5767;3102;2665;5767
Чуйская обл.;4170800000000000;Жайылский р-н;41708209000000000;844151;"У-Е ""ЦСМ Жайылского района""";"Учреждение ""Центр семейной медицины Жайылского района""";2;1108;936;2044;1108;936;2044;2202;1889;4091;2202;1889;4091
Чуйская обл.;4170800000000000;Жайылский р-н;41708209000000000;844151;"У-Е ""ЦСМ Жайылского района""";"Учреждение ""Центр семейной медицины Жайылского района""";3;1139;1100;2239;1139;1100;2239;1262;1279;2541;1262;1279;2541
Чуйская обл.;4170800000000000;Жайылский р-н;41708209000000000;844151;"У-Е ""ЦСМ Жайылского района""";"Учреждение ""Центр семейной медицины Жайылского района""";4;1126;1173;2299;1126;1173;2299;951;964;1915;951;964;1915
Чуйская обл.;4170800000000000;Жайылский р-н;41708209000000000;844151;"У-Е ""ЦСМ Жайылского района""";"Учреждение ""Центр семейной медицины Жайылского района""";5;1107;1229;2336;1107;1229;2336;1076;1152;2228;1076;1152;2228
Чуйская обл.;4170800000000000;Жайылский р-н;41708209000000000;844151;"У-Е ""ЦСМ Жайылского района""";"Учреждение ""Центр семейной медицины Жайылского района""";6;1137;1363;2500;1137;1363;2500;1906;1949;3855;1906;1949;3855
Чуйская обл.;4170800000000000;Жайылский р-н;41708209000000000;844151;"У-Е ""ЦСМ Жайылского района""";"Учреждение ""Центр семейной медицины Жайылского района""";7;1119;1338;2457;1119;1338;2457;946;1016;1962;946;1016;1962
Чуйская обл.;4170800000000000;Жайылский р-н;41708209000000000;844151;"У-Е ""ЦСМ Жайылского района""";"Учреждение ""Центр семейной медицины Жайылского района""";8;1253;1481;2734;1253;1481;2734;510;535;1045;510;535;1045
Чуйская обл.;4170800000000000;Жайылский р-н;41708209000000000;844151;"У-Е ""ЦСМ Жайылского района""";"Учреждение ""Центр семейной медицины Жайылского района""";9;1261;1344;2605;1261;1344;2605;647;496;1143;647;496;1143
Чуйская обл.;4170800000000000;Жайылский р-н;41708209000000000;844151;"У-Е ""ЦСМ Жайылского района""";"Учреждение ""Центр семейной медицины Жайылского района""";10;1161;1468;2629;1161;1468;2629;592;609;1201;592;609;1201
Чуйская обл.;4170800000000000;Жайылский р-н;41708209000000000;844151;"У-Е ""ЦСМ Жайылского района""";"Учреждение ""Центр семейной медицины Жайылского района""";11;1123;1334;2457;1123;1334;2457;900;640;1540;900;640;1540
Чуйская обл.;4170800000000000;Жайылский р-н;41708209000000000;844151;"У-Е ""ЦСМ Жайылского района""";"Учреждение ""Центр семейной медицины Жайылского района""";12;1206;1423;2629;1206;1423;2629;974;442;1416;974;442;1416
Чуйская обл.;4170800000000000;Жайылский р-н;41708209000000000;844151;"У-Е ""ЦСМ Жайылского района""";"Учреждение ""Центр семейной медицины Жайылского района""";13;1156;1307;2463;1156;1307;2463;925;578;1503;925;578;1503
Чуйская обл.;4170800000000000;Жайылский р-н;41708209000000000;844151;"У-Е ""ЦСМ Жайылского района""";"Учреждение ""Центр семейной медицины Жайылского района""";14;1132;1338;2470;1132;1338;2470;924;592;1516;924;592;1516
Чуйская обл.;4170800000000000;Жайылский р-н;41708209000000000;844151;"У-Е ""ЦСМ Жайылского района""";"Учреждение ""Центр семейной медицины Жайылского района""";15;1033;1227;2260;1033;1227;2260;2421;1214;3635;2421;1214;3635
Чуйская обл.;4170800000000000;Жайылский р-н;41708209000000000;844151;"У-Е ""ЦСМ Жайылского района""";"Учреждение ""Центр семейной медицины Жайылского района""";16;1088;1148;2236;1088;1148;2236;1884;1210;3094;1836;1184;3020
Чуйская обл.;4170800000000000;Жайылский р-н;41708209000000000;844151;"У-Е ""ЦСМ Жайылского района""";"Учреждение ""Центр семейной медицины Жайылского района""";17;943;1074;2017;898;1022;1920;2308;1791;4099;2024;1459;3483
Чуйская обл.;4170800000000000;Жайылский р-н;41708209000000000;844151;"У-Е ""ЦСМ Жайылского района""";"Учреждение ""Центр семейной медицины Жайылского района""";18;881;945;1826;773;845;1618;2436;1722;4158;1906;1254;3160
Чуйская обл.;4170800000000000;Жайылский р-н;41708209000000000;844151;"У-Е ""ЦСМ Жайылского района""";"Учреждение ""Центр семейной медицины Жайылского района""";19;831;820;1651;450;414;864;1417;1495;2912;696;637;1333
Чуйская обл.;4170800000000000;Жайылский р-н;41708209000000000;844151;"У-Е ""ЦСМ Жайылского района""";"Учреждение ""Центр семейной медицины Жайылского района""";20;905;896;1801;153;164;317;1252;1198;2450;490;397;887
Чуйская обл.;4170800000000000;Жайылский р-н;41708209000000000;844151;"У-Е ""ЦСМ Жайылского района""";"Учреждение ""Центр семейной медицины Жайылского района""";21;787;751;1538;156;146;302;1100;1062;2162;566;480;1046
Чуйская обл.;4170800000000000;Жайылский р-н;41708209000000000;844151;"У-Е ""ЦСМ Жайылского района""";"Учреждение ""Центр семейной медицины Жайылского района""";22;680;693;1373;147;199;346;938;1354;2292;489;828;1317
Чуйская обл.;4170800000000000;Жайылский р-н;41708209000000000;844151;"У-Е ""ЦСМ Жайылского района""";"Учреждение ""Центр семейной медицины Жайылского района""";23;667;745;1412;176;280;456;850;951;1801;502;576;1078
Чуйская обл.;4170800000000000;Жайылский р-н;41708209000000000;844151;"У-Е ""ЦСМ Жайылского района""";"Учреждение ""Центр семейной медицины Жайылского района""";24;603;954;1557;178;279;457;710;1051;1761;396;673;1069
Чуйская обл.;4170800000000000;Жайылский р-н;41708209000000000;844151;"У-Е ""ЦСМ Жайылского района""";"Учреждение ""Центр семейной медицины Жайылского района""";25;651;919;1570;208;296;504;812;1060;1872;534;695;1229
Чуйская обл.;4170800000000000;Жайылский р-н;41708209000000000;844151;"У-Е ""ЦСМ Жайылского района""";"Учреждение ""Центр семейной медицины Жайылского района""";26;619;839;1458;212;327;539;681;976;1657;480;639;1119
Чуйская обл.;4170800000000000;Жайылский р-н;41708209000000000;844151;"У-Е ""ЦСМ Жайылского района""";"Учреждение ""Центр семейной медицины Жайылского района""";27;640;989;1629;233;333;566;513;1161;1674;332;838;1170
Чуйская обл.;4170800000000000;Жайылский р-н;41708209000000000;844151;"У-Е ""ЦСМ Жайылского района""";"Учреждение ""Центр семейной медицины Жайылского района""";28;684;1055;1739;289;415;704;639;1286;1925;462;923;1385
Чуйская обл.;4170800000000000;Жайылский р-н;41708209000000000;844151;"У-Е ""ЦСМ Жайылского района""";"Учреждение ""Центр семейной медицины Жайылского района""";29;763;1200;1963;321;461;782;774;1148;1922;565;933;1498
Чуйская обл.;4170800000000000;Жайылский р-н;41708209000000000;844151;"У-Е ""ЦСМ Жайылского района""";"Учреждение ""Центр семейной медицины Жайылского района""";30;823;1189;2012;397;477;874;851;1324;2175;644;989;1633
Чуйская обл.;4170800000000000;Жайылский р-н;41708209000000000;844151;"У-Е ""ЦСМ Жайылского района""";"Учреждение ""Центр семейной медицины Жайылского района""";31;811;1230;2041;403;518;921;803;1351;2154;612;1086;1698
Чуйская обл.;4170800000000000;Жайылский р-н;41708209000000000;844151;"У-Е ""ЦСМ Жайылского района""";"Учреждение ""Центр семейной медицины Жайылского района""";32;895;1263;2158;446;544;990;786;1252;2038;630;967;1597
Чуйская обл.;4170800000000000;Жайылский р-н;41708209000000000;844151;"У-Е ""ЦСМ Жайылского района""";"Учреждение ""Центр семейной медицины Жайылского района""";33;891;1026;1917;490;546;1036;908;1278;2186;645;1050;1695
Чуйская обл.;4170800000000000;Жайылский р-н;41708209000000000;844151;"У-Е ""ЦСМ Жайылского района""";"Учреждение ""Центр семейной медицины Жайылского района""";34;879;981;1860;500;534;1034;767;1106;1873;609;924;1533
Чуйская обл.;4170800000000000;Жайылский р-н;41708209000000000;844151;"У-Е ""ЦСМ Жайылского района""";"Учреждение ""Центр семейной медицины Жайылского района""";35;844;957;1801;525;547;1072;920;1141;2061;727;929;1656
Чуйская обл.;4170800000000000;Жайылский р-н;41708209000000000;844151;"У-Е ""ЦСМ Жайылского района""";"Учреждение ""Центр семейной медицины Жайылского района""";36;855;957;1812;526;573;1099;963;1197;2160;780;987;1767
Чуйская обл.;4170800000000000;Жайылский р-н;41708209000000000;844151;"У-Е ""ЦСМ Жайылского района""";"Учреждение ""Центр семейной медицины Жайылского района""";37;891;994;1885;525;574;1099;864;1081;1945;672;841;1513
Чуйская обл.;4170800000000000;Жайылский р-н;41708209000000000;844151;"У-Е ""ЦСМ Жайылского района""";"Учреждение ""Центр семейной медицины Жайылского района""";38;774;954;1728;472;549;1021;874;1001;1875;684;828;1512
Чуйская обл.;4170800000000000;Жайылский р-н;41708209000000000;844151;"У-Е ""ЦСМ Жайылского района""";"Учреждение ""Центр семейной медицины Жайылского района""";39;790;928;1718;476;517;993;966;991;1957;697;817;1514
Чуйская обл.;4170800000000000;Жайылский р-н;41708209000000000;844151;"У-Е ""ЦСМ Жайылского района""";"Учреждение ""Центр семейной медицины Жайылского района""";40;755;911;1666;472;517;989;751;915;1666;625;708;1333
Чуйская обл.;4170800000000000;Жайылский р-н;41708209000000000;844151;"У-Е ""ЦСМ Жайылского района""";"Учреждение ""Центр семейной медицины Жайылского района""";41;687;805;1492;408;459;867;788;898;1686;570;724;1294
Чуйская обл.;4170800000000000;Жайылский р-н;41708209000000000;844151;"У-Е ""ЦСМ Жайылского района""";"Учреждение ""Центр семейной медицины Жайылского района""";42;650;822;1472;394;474;868;741;682;1423;536;539;1075
Чуйская обл.;4170800000000000;Жайылский р-н;41708209000000000;844151;"У-Е ""ЦСМ Жайылского района""";"Учреждение ""Центр семейной медицины Жайылского района""";43;655;756;1411;397;421;818;615;667;1282;449;530;979
Чуйская обл.;4170800000000000;Жайылский р-н;41708209000000000;844151;"У-Е ""ЦСМ Жайылского района""";"Учреждение ""Центр семейной медицины Жайылского района""";44;638;746;1384;354;396;750;614;686;1300;470;559;1029
Чуйская обл.;4170800000000000;Жайылский р-н;41708209000000000;844151;"У-Е ""ЦСМ Жайылского района""";"Учреждение ""Центр семейной медицины Жайылского района""";45;616;701;1317;345;350;695;588;649;1237;465;506;971
Чуйская обл.;4170800000000000;Жайылский р-н;41708209000000000;844151;"У-Е ""ЦСМ Жайылского района""";"Учреждение ""Центр семейной медицины Жайылского района""";46;557;699;1256;330;365;695;530;636;1166;431;543;974
Чуйская обл.;4170800000000000;Жайылский р-н;41708209000000000;844151;"У-Е ""ЦСМ Жайылского района""";"Учреждение ""Центр семейной медицины Жайылского района""";47;538;710;1248;325;400;725;590;742;1332;476;592;1068
Чуйская обл.;4170800000000000;Жайылский р-н;41708209000000000;844151;"У-Е ""ЦСМ Жайылского района""";"Учреждение ""Центр семейной медицины Жайылского района""";48;560;668;1228;328;331;659;607;670;1277;524;555;1079
Чуйская обл.;4170800000000000;Жайылский р-н;41708209000000000;844151;"У-Е ""ЦСМ Жайылского района""";"Учреждение ""Центр семейной медицины Жайылского района""";49;507;715;1222;306;397;703;508;672;1180;429;567;996
Чуйская обл.;4170800000000000;Жайылский р-н;41708209000000000;844151;"У-Е ""ЦСМ Жайылского района""";"Учреждение ""Центр семейной медицины Жайылского района""";50;498;618;1116;274;333;607;676;625;1301;520;500;1020
Чуйская обл.;4170800000000000;Жайылский р-н;41708209000000000;844151;"У-Е ""ЦСМ Жайылского района""";"Учреждение ""Центр семейной медицины Жайылского района""";51;481;682;1163;295;375;670;636;722;1358;522;603;1125
Чуйская обл.;4170800000000000;Жайылский р-н;41708209000000000;844151;"У-Е ""ЦСМ Жайылского района""";"Учреждение ""Центр семейной медицины Жайылского района""";52;484;645;1129;296;349;645;606;723;1329;484;577;1061
Чуйская обл.;4170800000000000;Жайылский р-н;41708209000000000;844151;"У-Е ""ЦСМ Жайылского района""";"Учреждение ""Центр семейной медицины Жайылского района""";53;451;666;1117;267;376;643;497;724;1221;415;612;1027
Чуйская обл.;4170800000000000;Жайылский р-н;41708209000000000;844151;"У-Е ""ЦСМ Жайылского района""";"Учреждение ""Центр семейной медицины Жайылского района""";54;417;680;1097;265;377;642;594;754;1348;517;609;1126
Чуйская обл.;4170800000000000;Жайылский р-н;41708209000000000;844151;"У-Е ""ЦСМ Жайылского района""";"Учреждение ""Центр семейной медицины Жайылского района""";55;463;639;1102;281;358;639;588;636;1224;475;497;972
Чуйская обл.;4170800000000000;Жайылский р-н;41708209000000000;844151;"У-Е ""ЦСМ Жайылского района""";"Учреждение ""Центр семейной медицины Жайылского района""";56;438;591;1029;265;348;613;470;745;1215;359;597;956
Чуйская обл.;4170800000000000;Жайылский р-н;41708209000000000;844151;"У-Е ""ЦСМ Жайылского района""";"Учреждение ""Центр семейной медицины Жайылского района""";57;429;606;1035;254;383;637;592;711;1303;475;603;1078
Чуйская обл.;4170800000000000;Жайылский р-н;41708209000000000;844151;"У-Е ""ЦСМ Жайылского района""";"Учреждение ""Центр семейной медицины Жайылского района""";58;455;591;1046;296;456;752;588;838;1426;510;789;1299
Чуйская обл.;4170800000000000;Жайылский р-н;41708209000000000;844151;"У-Е ""ЦСМ Жайылского района""";"Учреждение ""Центр семейной медицины Жайылского района""";59;429;577;1006;267;541;808;471;773;1244;384;746;1130
Чуйская обл.;4170800000000000;Жайылский р-н;41708209000000000;844151;"У-Е ""ЦСМ Жайылского района""";"Учреждение ""Центр семейной медицины Жайылского района""";60;431;593;1024;287;554;841;693;775;1468;581;759;1340
Чуйская обл.;4170800000000000;Жайылский р-н;41708209000000000;844151;"У-Е ""ЦСМ Жайылского района""";"Учреждение ""Центр семейной медицины Жайылского района""";61;457;634;1091;304;594;898;573;794;1367;464;766;1230
Чуйская обл.;4170800000000000;Жайылский р-н;41708209000000000;844151;"У-Е ""ЦСМ Жайылского района""";"Учреждение ""Центр семейной медицины Жайылского района""";62;416;625;1041;288;595;883;598;760;1358;498;743;1241
Чуйская обл.;4170800000000000;Жайылский р-н;41708209000000000;844151;"У-Е ""ЦСМ Жайылского района""";"Учреждение ""Центр семейной медицины Жайылского района""";63;436;609;1045;360;584;944;519;739;1258;482;701;1183
Чуйская обл.;4170800000000000;Жайылский р-н;41708209000000000;844151;"У-Е ""ЦСМ Жайылского района""";"Учреждение ""Центр семейной медицины Жайылского района""";64;417;527;944;394;513;907;541;598;1139;516;566;1082
Чуйская обл.;4170800000000000;Жайылский р-н;41708209000000000;844151;"У-Е ""ЦСМ Жайылского района""";"Учреждение ""Центр семейной медицины Жайылского района""";65;401;520;921;390;506;896;421;600;1021;412;583;995
Чуйская обл.;4170800000000000;Жайылский р-н;41708209000000000;844151;"У-Е ""ЦСМ Жайылского района""";"Учреждение ""Центр семейной медицины Жайылского района""";66;367;487;854;356;474;830;421;551;972;409;530;939
Чуйская обл.;4170800000000000;Жайылский р-н;41708209000000000;844151;"У-Е ""ЦСМ Жайылского района""";"Учреждение ""Центр семейной медицины Жайылского района""";67;296;460;756;287;451;738;334;497;831;309;478;787
Чуйская обл.;4170800000000000;Жайылский р-н;41708209000000000;844151;"У-Е ""ЦСМ Жайылского района""";"Учреждение ""Центр семейной медицины Жайылского района""";68;305;457;762;295;447;742;258;521;779;256;507;763
Чуйская обл.;4170800000000000;Жайылский р-н;41708209000000000;844151;"У-Е ""ЦСМ Жайылского района""";"Учреждение ""Центр семейной медицины Жайылского района""";69;239;412;651;233;402;635;254;489;743;247;475;722
Чуйская обл.;4170800000000000;Жайылский р-н;41708209000000000;844151;"У-Е ""ЦСМ Жайылского района""";"Учреждение ""Центр семейной медицины Жайылского района""";70;221;398;619;214;392;606;193;553;746;188;534;722
Чуйская обл.;4170800000000000;Жайылский р-н;41708209000000000;844151;"У-Е ""ЦСМ Жайылского района""";"Учреждение ""Центр семейной медицины Жайылского района""";71;205;338;543;201;330;531;202;359;561;198;353;551
Чуйская обл.;4170800000000000;Жайылский р-н;41708209000000000;844151;"У-Е ""ЦСМ Жайылского района""";"Учреждение ""Центр семейной медицины Жайылского района""";72;190;326;516;186;323;509;231;327;558;229;322;551
Чуйская обл.;4170800000000000;Жайылский р-н;41708209000000000;844151;"У-Е ""ЦСМ Жайылского района""";"Учреждение ""Центр семейной медицины Жайылского района""";73;191;343;534;188;333;521;207;288;495;203;279;482
Чуйская обл.;4170800000000000;Жайылский р-н;41708209000000000;844151;"У-Е ""ЦСМ Жайылского района""";"Учреждение ""Центр семейной медицины Жайылского района""";74;177;330;507;175;315;490;116;277;393;111;258;369
Чуйская обл.;4170800000000000;Жайылский р-н;41708209000000000;844151;"У-Е ""ЦСМ Жайылского района""";"Учреждение ""Центр семейной медицины Жайылского района""";75;161;286;447;158;282;440;112;302;414;101;292;393
Чуйская обл.;4170800000000000;Жайылский р-н;41708209000000000;844151;"У-Е ""ЦСМ Жайылского района""";"Учреждение ""Центр семейной медицины Жайылского района""";76;123;278;401;121;275;396;89;189;278;87;184;271
Чуйская обл.;4170800000000000;Жайылский р-н;41708209000000000;844151;"У-Е ""ЦСМ Жайылского района""";"Учреждение ""Центр семейной медицины Жайылского района""";77;142;246;388;138;244;382;68;165;233;68;159;227
Чуйская обл.;4170800000000000;Жайылский р-н;41708209000000000;844151;"У-Е ""ЦСМ Жайылского района""";"Учреждение ""Центр семейной медицины Жайылского района""";78;94;183;277;93;177;270;38;109;147;35;108;143
Чуйская обл.;4170800000000000;Жайылский р-н;41708209000000000;844151;"У-Е ""ЦСМ Жайылского района""";"Учреждение ""Центр семейной медицины Жайылского района""";79;38;105;143;37;102;139;35;89;124;24;85;109
Чуйская обл.;4170800000000000;Жайылский р-н;41708209000000000;844151;"У-Е ""ЦСМ Жайылского района""";"Учреждение ""Центр семейной медицины Жайылского района""";80;42;79;121;42;76;118;31;74;105;31;69;100
Чуйская обл.;4170800000000000;Жайылский р-н;41708209000000000;844151;"У-Е ""ЦСМ Жайылского района""";"Учреждение ""Центр семейной медицины Жайылского района""";81;42;98;140;41;94;135;25;75;100;25;75;100
Чуйская обл.;4170800000000000;Жайылский р-н;41708209000000000;844151;"У-Е ""ЦСМ Жайылского района""";"Учреждение ""Центр семейной медицины Жайылского района""";82;71;124;195;70;122;192;40;73;113;40;71;111
Чуйская обл.;4170800000000000;Жайылский р-н;41708209000000000;844151;"У-Е ""ЦСМ Жайылского района""";"Учреждение ""Центр семейной медицины Жайылского района""";83;71;161;232;71;160;231;35;73;108;35;72;107
Чуйская обл.;4170800000000000;Жайылский р-н;41708209000000000;844151;"У-Е ""ЦСМ Жайылского района""";"Учреждение ""Центр семейной медицины Жайылского района""";84;67;199;266;65;192;257;40;93;133;38;91;129
Чуйская обл.;4170800000000000;Жайылский р-н;41708209000000000;844151;"У-Е ""ЦСМ Жайылского района""";"Учреждение ""Центр семейной медицины Жайылского района""";85;63;192;255;62;192;254;22;125;147;17;125;142
Чуйская обл.;4170800000000000;Жайылский р-н;41708209000000000;844151;"У-Е ""ЦСМ Жайылского района""";"Учреждение ""Центр семейной медицины Жайылского района""";86;61;169;230;61;169;230;14;64;78;14;64;78
Чуйская обл.;4170800000000000;Жайылский р-н;41708209000000000;844151;"У-Е ""ЦСМ Жайылского района""";"Учреждение ""Центр семейной медицины Жайылского района""";87;57;171;228;54;171;225;6;76;82;6;75;81
Чуйская обл.;4170800000000000;Жайылский р-н;41708209000000000;844151;"У-Е ""ЦСМ Жайылского района""";"Учреждение ""Центр семейной медицины Жайылского района""";88;43;148;191;43;147;190;19;37;56;19;37;56
Чуйская обл.;4170800000000000;Жайылский р-н;41708209000000000;844151;"У-Е ""ЦСМ Жайылского района""";"Учреждение ""Центр семейной медицины Жайылского района""";89;36;107;143;35;106;141;13;30;43;12;30;42
Чуйская обл.;4170800000000000;Жайылский р-н;41708209000000000;844151;"У-Е ""ЦСМ Жайылского района""";"Учреждение ""Центр семейной медицины Жайылского района""";90;19;83;102;19;83;102;0;12;12;0;12;12
Чуйская обл.;4170800000000000;Жайылский р-н;41708209000000000;844151;"У-Е ""ЦСМ Жайылского района""";"Учреждение ""Центр семейной медицины Жайылского района""";91;19;69;88;19;69;88;17;16;33;17;16;33
Чуйская обл.;4170800000000000;Жайылский р-н;41708209000000000;844151;"У-Е ""ЦСМ Жайылского района""";"Учреждение ""Центр семейной медицины Жайылского района""";92;27;85;112;26;85;111;4;4;8;4;4;8
Чуйская обл.;4170800000000000;Жайылский р-н;41708209000000000;844151;"У-Е ""ЦСМ Жайылского района""";"Учреждение ""Центр семейной медицины Жайылского района""";93;10;34;44;10;34;44;0;7;7;0;7;7
Чуйская обл.;4170800000000000;Жайылский р-н;41708209000000000;844151;"У-Е ""ЦСМ Жайылского района""";"Учреждение ""Центр семейной медицины Жайылского района""";94;6;39;45;6;38;44;1;0;1;1;0;1
Чуйская обл.;4170800000000000;Жайылский р-н;41708209000000000;844151;"У-Е ""ЦСМ Жайылского района""";"Учреждение ""Центр семейной медицины Жайылского района""";95;7;22;29;7;22;29;0;3;3;0;3;3
Чуйская обл.;4170800000000000;Жайылский р-н;41708209000000000;844151;"У-Е ""ЦСМ Жайылского района""";"Учреждение ""Центр семейной медицины Жайылского района""";96;6;24;30;6;24;30;4;1;5;4;1;5
Чуйская обл.;4170800000000000;Жайылский р-н;41708209000000000;844151;"У-Е ""ЦСМ Жайылского района""";"Учреждение ""Центр семейной медицины Жайылского района""";97;8;17;25;8;17;25;0;2;2;0;2;2
Чуйская обл.;4170800000000000;Жайылский р-н;41708209000000000;844151;"У-Е ""ЦСМ Жайылского района""";"Учреждение ""Центр семейной медицины Жайылского района""";98;3;17;20;3;17;20;0;1;1;0;1;1
Чуйская обл.;4170800000000000;Жайылский р-н;41708209000000000;844151;"У-Е ""ЦСМ Жайылского района""";"Учреждение ""Центр семейной медицины Жайылского района""";101;0;10;10;0;10;10;0;1;1;0;1;1
Ошская обл.;4170600000000000;Ноокатский р-н;41706242000000000;645361;"У-е ""ЦСМ Ноокатского района Ошской области""";"Учреждение ""Центр семейной медицины Ноокатского района Ошской области""";0;1156;1145;2301;1156;1145;2301;9267;8249;17516;9267;8249;17516
Ошская обл.;4170600000000000;Ноокатский р-н;41706242000000000;645361;"У-е ""ЦСМ Ноокатского района Ошской области""";"Учреждение ""Центр семейной медицины Ноокатского района Ошской области""";1;2709;2497;5206;2709;2497;5206;5055;4438;9493;5055;4438;9493
Ошская обл.;4170600000000000;Ноокатский р-н;41706242000000000;645361;"У-е ""ЦСМ Ноокатского района Ошской области""";"Учреждение ""Центр семейной медицины Ноокатского района Ошской области""";2;3310;3157;6467;3310;3157;6467;3957;3378;7335;3957;3378;7335
Ошская обл.;4170600000000000;Ноокатский р-н;41706242000000000;645361;"У-е ""ЦСМ Ноокатского района Ошской области""";"Учреждение ""Центр семейной медицины Ноокатского района Ошской области""";3;3517;3410;6927;3517;3410;6927;2865;2345;5210;2865;2345;5210
Ошская обл.;4170600000000000;Ноокатский р-н;41706242000000000;645361;"У-е ""ЦСМ Ноокатского района Ошской области""";"Учреждение ""Центр семейной медицины Ноокатского района Ошской области""";4;3478;3583;7061;3478;3583;7061;2291;2115;4406;2291;2115;4406
Ошская обл.;4170600000000000;Ноокатский р-н;41706242000000000;645361;"У-е ""ЦСМ Ноокатского района Ошской области""";"Учреждение ""Центр семейной медицины Ноокатского района Ошской области""";5;3632;3633;7265;3632;3633;7265;3199;2630;5829;3199;2630;5829
Ошская обл.;4170600000000000;Ноокатский р-н;41706242000000000;645361;"У-е ""ЦСМ Ноокатского района Ошской области""";"Учреждение ""Центр семейной медицины Ноокатского района Ошской области""";6;3676;4401;8077;3676;4401;8077;3638;3582;7220;3638;3582;7220
Ошская обл.;4170600000000000;Ноокатский р-н;41706242000000000;645361;"У-е ""ЦСМ Ноокатского района Ошской области""";"Учреждение ""Центр семейной медицины Ноокатского района Ошской области""";7;3261;3965;7226;3261;3965;7226;1538;1507;3045;1538;1507;3045
Ошская обл.;4170600000000000;Ноокатский р-н;41706242000000000;645361;"У-е ""ЦСМ Ноокатского района Ошской области""";"Учреждение ""Центр семейной медицины Ноокатского района Ошской области""";8;3553;4767;8320;3553;4767;8320;1259;955;2214;1259;955;2214
Ошская обл.;4170600000000000;Ноокатский р-н;41706242000000000;645361;"У-е ""ЦСМ Ноокатского района Ошской области""";"Учреждение ""Центр семейной медицины Ноокатского района Ошской области""";9;3597;6060;9657;3597;6060;9657;1103;1096;2199;1103;1096;2199
Ошская обл.;4170600000000000;Ноокатский р-н;41706242000000000;645361;"У-е ""ЦСМ Ноокатского района Ошской области""";"Учреждение ""Центр семейной медицины Ноокатского района Ошской области""";10;3565;6157;9722;3565;6157;9722;1079;1002;2081;1079;1002;2081
Ошская обл.;4170600000000000;Ноокатский р-н;41706242000000000;645361;"У-е ""ЦСМ Ноокатского района Ошской области""";"Учреждение ""Центр семейной медицины Ноокатского района Ошской области""";11;3294;5644;8938;3294;5644;8938;1116;957;2073;1116;957;2073
Ошская обл.;4170600000000000;Ноокатский р-н;41706242000000000;645361;"У-е ""ЦСМ Ноокатского района Ошской области""";"Учреждение ""Центр семейной медицины Ноокатского района Ошской области""";12;3124;5326;8450;3124;5326;8450;854;746;1600;854;746;1600
Ошская обл.;4170600000000000;Ноокатский р-н;41706242000000000;645361;"У-е ""ЦСМ Ноокатского района Ошской области""";"Учреждение ""Центр семейной медицины Ноокатского района Ошской области""";13;2883;5052;7935;2883;5052;7935;937;906;1843;937;906;1843
Ошская обл.;4170600000000000;Ноокатский р-н;41706242000000000;645361;"У-е ""ЦСМ Ноокатского района Ошской области""";"Учреждение ""Центр семейной медицины Ноокатского района Ошской области""";14;2646;4589;7235;2646;4589;7235;937;913;1850;937;913;1850
Ошская обл.;4170600000000000;Ноокатский р-н;41706242000000000;645361;"У-е ""ЦСМ Ноокатского района Ошской области""";"Учреждение ""Центр семейной медицины Ноокатского района Ошской области""";15;2546;4214;6760;2546;4214;6760;1282;969;2251;1282;969;2251
Ошская обл.;4170600000000000;Ноокатский р-н;41706242000000000;645361;"У-е ""ЦСМ Ноокатского района Ошской области""";"Учреждение ""Центр семейной медицины Ноокатского района Ошской области""";16;2331;3986;6317;2331;3986;6317;1151;1138;2289;1072;1084;2156
Ошская обл.;4170600000000000;Ноокатский р-н;41706242000000000;645361;"У-е ""ЦСМ Ноокатского района Ошской области""";"Учреждение ""Центр семейной медицины Ноокатского района Ошской области""";17;2198;3702;5900;2010;3514;5524;1795;1304;3099;1490;1041;2531
Ошская обл.;4170600000000000;Ноокатский р-н;41706242000000000;645361;"У-е ""ЦСМ Ноокатского района Ошской области""";"Учреждение ""Центр семейной медицины Ноокатского района Ошской области""";18;1922;3559;5481;1699;3352;5051;2127;2427;4554;1510;1604;3114
Ошская обл.;4170600000000000;Ноокатский р-н;41706242000000000;645361;"У-е ""ЦСМ Ноокатского района Ошской области""";"Учреждение ""Центр семейной медицины Ноокатского района Ошской области""";19;1795;3141;4936;939;2288;3227;1781;2753;4534;439;783;1222
Ошская обл.;4170600000000000;Ноокатский р-н;41706242000000000;645361;"У-е ""ЦСМ Ноокатского района Ошской области""";"Учреждение ""Центр семейной медицины Ноокатского района Ошской области""";20;1811;1998;3809;68;401;469;1281;2836;4117;50;599;649
Ошская обл.;4170600000000000;Ноокатский р-н;41706242000000000;645361;"У-е ""ЦСМ Ноокатского района Ошской области""";"Учреждение ""Центр семейной медицины Ноокатского района Ошской области""";21;1679;1870;3549;59;331;390;1135;2797;3932;71;562;633
Ошская обл.;4170600000000000;Ноокатский р-н;41706242000000000;645361;"У-е ""ЦСМ Ноокатского района Ошской области""";"Учреждение ""Центр семейной медицины Ноокатского района Ошской области""";22;1742;1925;3667;75;310;385;1117;2458;3575;147;639;786
Ошская обл.;4170600000000000;Ноокатский р-н;41706242000000000;645361;"У-е ""ЦСМ Ноокатского района Ошской области""";"Учреждение ""Центр семейной медицины Ноокатского района Ошской области""";23;1720;1976;3696;101;393;494;1009;2596;3605;116;769;885
Ошская обл.;4170600000000000;Ноокатский р-н;41706242000000000;645361;"У-е ""ЦСМ Ноокатского района Ошской области""";"Учреждение ""Центр семейной медицины Ноокатского района Ошской области""";24;1768;2024;3792;107;484;591;988;2774;3762;113;973;1086
Ошская обл.;4170600000000000;Ноокатский р-н;41706242000000000;645361;"У-е ""ЦСМ Ноокатского района Ошской области""";"Учреждение ""Центр семейной медицины Ноокатского района Ошской области""";25;1890;2537;4427;152;583;735;972;3063;4035;137;1244;1381
Ошская обл.;4170600000000000;Ноокатский р-н;41706242000000000;645361;"У-е ""ЦСМ Ноокатского района Ошской области""";"Учреждение ""Центр семейной медицины Ноокатского района Ошской области""";26;1906;2653;4559;190;657;847;1093;3086;4179;168;1265;1433
Ошская обл.;4170600000000000;Ноокатский р-н;41706242000000000;645361;"У-е ""ЦСМ Ноокатского района Ошской области""";"Учреждение ""Центр семейной медицины Ноокатского района Ошской области""";27;2074;2508;4582;258;731;989;1051;2767;3818;234;1166;1400
Ошская обл.;4170600000000000;Ноокатский р-н;41706242000000000;645361;"У-е ""ЦСМ Ноокатского района Ошской области""";"Учреждение ""Центр семейной медицины Ноокатского района Ошской области""";28;2281;2644;4925;319;758;1077;1206;3123;4329;293;1302;1595
Ошская обл.;4170600000000000;Ноокатский р-н;41706242000000000;645361;"У-е ""ЦСМ Ноокатского района Ошской области""";"Учреждение ""Центр семейной медицины Ноокатского района Ошской области""";29;2247;2823;5070;474;913;1387;1252;3207;4459;549;1909;2458
Ошская обл.;4170600000000000;Ноокатский р-н;41706242000000000;645361;"У-е ""ЦСМ Ноокатского района Ошской области""";"Учреждение ""Центр семейной медицины Ноокатского района Ошской области""";30;2511;3019;5530;1476;1577;3053;1380;3239;4619;990;2427;3417
Ошская обл.;4170600000000000;Ноокатский р-н;41706242000000000;645361;"У-е ""ЦСМ Ноокатского района Ошской области""";"Учреждение ""Центр семейной медицины Ноокатского района Ошской области""";31;2186;2631;4817;1459;1510;2969;1178;2903;4081;837;2228;3065
Ошская обл.;4170600000000000;Ноокатский р-н;41706242000000000;645361;"У-е ""ЦСМ Ноокатского района Ошской области""";"Учреждение ""Центр семейной медицины Ноокатского района Ошской области""";32;2294;2723;5017;1531;1651;3182;1028;2900;3928;705;2271;2976
Ошская обл.;4170600000000000;Ноокатский р-н;41706242000000000;645361;"У-е ""ЦСМ Ноокатского района Ошской области""";"Учреждение ""Центр семейной медицины Ноокатского района Ошской области""";33;2074;2401;4475;1449;1466;2915;1020;2286;3306;738;1782;2520
Ошская обл.;4170600000000000;Ноокатский р-н;41706242000000000;645361;"У-е ""ЦСМ Ноокатского района Ошской области""";"Учреждение ""Центр семейной медицины Ноокатского района Ошской области""";34;2046;2390;4436;1461;1428;2889;986;2563;3549;793;2134;2927
Ошская обл.;4170600000000000;Ноокатский р-н;41706242000000000;645361;"У-е ""ЦСМ Ноокатского района Ошской области""";"Учреждение ""Центр семейной медицины Ноокатского района Ошской области""";35;2001;2357;4358;1483;1567;3050;1090;2400;3490;880;1927;2807
Ошская обл.;4170600000000000;Ноокатский р-н;41706242000000000;645361;"У-е ""ЦСМ Ноокатского района Ошской области""";"Учреждение ""Центр семейной медицины Ноокатского района Ошской области""";36;1954;2233;4187;1475;1484;2959;1161;2440;3601;831;1990;2821
Ошская обл.;4170600000000000;Ноокатский р-н;41706242000000000;645361;"У-е ""ЦСМ Ноокатского района Ошской области""";"Учреждение ""Центр семейной медицины Ноокатского района Ошской области""";37;1969;2141;4110;1500;1438;2938;1187;1987;3174;891;1607;2498
Ошская обл.;4170600000000000;Ноокатский р-н;41706242000000000;645361;"У-е ""ЦСМ Ноокатского района Ошской области""";"Учреждение ""Центр семейной медицины Ноокатского района Ошской области""";38;1859;2183;4042;1387;1468;2855;1038;1938;2976;779;1611;2390
Ошская обл.;4170600000000000;Ноокатский р-н;41706242000000000;645361;"У-е ""ЦСМ Ноокатского района Ошской области""";"Учреждение ""Центр семейной медицины Ноокатского района Ошской области""";39;1834;2117;3951;1360;1431;2791;1039;1664;2703;762;1416;2178
Ошская обл.;4170600000000000;Ноокатский р-н;41706242000000000;645361;"У-е ""ЦСМ Ноокатского района Ошской области""";"Учреждение ""Центр семейной медицины Ноокатского района Ошской области""";40;1749;1977;3726;1284;1317;2601;931;1864;2795;790;1604;2394
Ошская обл.;4170600000000000;Ноокатский р-н;41706242000000000;645361;"У-е ""ЦСМ Ноокатского района Ошской области""";"Учреждение ""Центр семейной медицины Ноокатского района Ошской области""";41;1607;1920;3527;1202;1318;2520;909;1515;2424;707;1308;2015
Ошская обл.;4170600000000000;Ноокатский р-н;41706242000000000;645361;"У-е ""ЦСМ Ноокатского района Ошской области""";"Учреждение ""Центр семейной медицины Ноокатского района Ошской области""";42;1548;1780;3328;1167;1237;2404;982;1328;2310;773;1095;1868
Ошская обл.;4170600000000000;Ноокатский р-н;41706242000000000;645361;"У-е ""ЦСМ Ноокатского района Ошской области""";"Учреждение ""Центр семейной медицины Ноокатского района Ошской области""";43;1471;1626;3097;1081;1091;2172;703;1244;1947;554;1062;1616
Ошская обл.;4170600000000000;Ноокатский р-н;41706242000000000;645361;"У-е ""ЦСМ Ноокатского района Ошской области""";"Учреждение ""Центр семейной медицины Ноокатского района Ошской области""";44;1351;1591;2942;992;1073;2065;792;1307;2099;606;1127;1733
Ошская обл.;4170600000000000;Ноокатский р-н;41706242000000000;645361;"У-е ""ЦСМ Ноокатского района Ошской области""";"Учреждение ""Центр семейной медицины Ноокатского района Ошской области""";45;1348;1559;2907;999;1061;2060;805;1251;2056;626;1004;1630
Ошская обл.;4170600000000000;Ноокатский р-н;41706242000000000;645361;"У-е ""ЦСМ Ноокатского района Ошской области""";"Учреждение ""Центр семейной медицины Ноокатского района Ошской области""";46;1336;1471;2807;938;951;1889;940;1199;2139;698;955;1653
Ошская обл.;4170600000000000;Ноокатский р-н;41706242000000000;645361;"У-е ""ЦСМ Ноокатского района Ошской области""";"Учреждение ""Центр семейной медицины Ноокатского района Ошской области""";47;1322;1582;2904;989;995;1984;990;1503;2493;774;1232;2006
Ошская обл.;4170600000000000;Ноокатский р-н;41706242000000000;645361;"У-е ""ЦСМ Ноокатского района Ошской области""";"Учреждение ""Центр семейной медицины Ноокатского района Ошской области""";48;1305;1635;2940;961;1078;2039;878;1304;2182;688;1063;1751
Ошская обл.;4170600000000000;Ноокатский р-н;41706242000000000;645361;"У-е ""ЦСМ Ноокатского района Ошской области""";"Учреждение ""Центр семейной медицины Ноокатского района Ошской области""";49;1205;1349;2554;859;867;1726;924;1346;2270;661;1082;1743
Ошская обл.;4170600000000000;Ноокатский р-н;41706242000000000;645361;"У-е ""ЦСМ Ноокатского района Ошской области""";"Учреждение ""Центр семейной медицины Ноокатского района Ошской области""";50;1214;1451;2665;874;937;1811;1000;1475;2475;780;1208;1988
Ошская обл.;4170600000000000;Ноокатский р-н;41706242000000000;645361;"У-е ""ЦСМ Ноокатского района Ошской области""";"Учреждение ""Центр семейной медицины Ноокатского района Ошской области""";51;1207;1405;2612;851;941;1792;1077;1378;2455;848;1092;1940
Ошская обл.;4170600000000000;Ноокатский р-н;41706242000000000;645361;"У-е ""ЦСМ Ноокатского района Ошской области""";"Учреждение ""Центр семейной медицины Ноокатского района Ошской области""";52;1112;1300;2412;789;873;1662;1125;1367;2492;890;1107;1997
Ошская обл.;4170600000000000;Ноокатский р-н;41706242000000000;645361;"У-е ""ЦСМ Ноокатского района Ошской области""";"Учреждение ""Центр семейной медицины Ноокатского района Ошской области""";53;1142;1280;2422;831;856;1687;1099;1382;2481;891;1125;2016
Ошская обл.;4170600000000000;Ноокатский р-н;41706242000000000;645361;"У-е ""ЦСМ Ноокатского района Ошской области""";"Учреждение ""Центр семейной медицины Ноокатского района Ошской области""";54;1094;1248;2342;774;884;1658;1022;1569;2591;796;1322;2118
Ошская обл.;4170600000000000;Ноокатский р-н;41706242000000000;645361;"У-е ""ЦСМ Ноокатского района Ошской области""";"Учреждение ""Центр семейной медицины Ноокатского района Ошской области""";55;1081;1191;2272;777;851;1628;1186;1608;2794;975;1328;2303
Ошская обл.;4170600000000000;Ноокатский р-н;41706242000000000;645361;"У-е ""ЦСМ Ноокатского района Ошской области""";"Учреждение ""Центр семейной медицины Ноокатского района Ошской области""";56;1108;1331;2439;818;942;1760;1214;1584;2798;1024;1380;2404
Ошская обл.;4170600000000000;Ноокатский р-н;41706242000000000;645361;"У-е ""ЦСМ Ноокатского района Ошской области""";"Учреждение ""Центр семейной медицины Ноокатского района Ошской области""";57;943;1214;2157;728;886;1614;1115;1473;2588;904;1294;2198
Ошская обл.;4170600000000000;Ноокатский р-н;41706242000000000;645361;"У-е ""ЦСМ Ноокатского района Ошской области""";"Учреждение ""Центр семейной медицины Ноокатского района Ошской области""";58;1002;1163;2165;770;898;1668;1238;1554;2792;1101;1375;2476
Ошская обл.;4170600000000000;Ноокатский р-н;41706242000000000;645361;"У-е ""ЦСМ Ноокатского района Ошской области""";"Учреждение ""Центр семейной медицины Ноокатского района Ошской области""";59;936;1194;2130;764;1011;1775;1222;1863;3085;1140;1667;2807
Ошская обл.;4170600000000000;Ноокатский р-н;41706242000000000;645361;"У-е ""ЦСМ Ноокатского района Ошской области""";"Учреждение ""Центр семейной медицины Ноокатского района Ошской области""";60;934;1217;2151;763;1068;1831;1311;1810;3121;1172;1694;2866
Ошская обл.;4170600000000000;Ноокатский р-н;41706242000000000;645361;"У-е ""ЦСМ Ноокатского района Ошской области""";"Учреждение ""Центр семейной медицины Ноокатского района Ошской области""";61;957;1245;2202;825;1127;1952;1225;1977;3202;1103;1847;2950
Ошская обл.;4170600000000000;Ноокатский р-н;41706242000000000;645361;"У-е ""ЦСМ Ноокатского района Ошской области""";"Учреждение ""Центр семейной медицины Ноокатского района Ошской области""";62;869;1206;2075;739;1068;1807;1210;1919;3129;1108;1808;2916
Ошская обл.;4170600000000000;Ноокатский р-н;41706242000000000;645361;"У-е ""ЦСМ Ноокатского района Ошской области""";"Учреждение ""Центр семейной медицины Ноокатского района Ошской области""";63;916;1161;2077;797;1040;1837;1175;1940;3115;1103;1797;2900
Ошская обл.;4170600000000000;Ноокатский р-н;41706242000000000;645361;"У-е ""ЦСМ Ноокатского района Ошской области""";"Учреждение ""Центр семейной медицины Ноокатского района Ошской области""";64;781;1158;1939;694;1062;1756;1261;1847;3108;1152;1771;2923
Ошская обл.;4170600000000000;Ноокатский р-н;41706242000000000;645361;"У-е ""ЦСМ Ноокатского района Ошской области""";"Учреждение ""Центр семейной медицины Ноокатского района Ошской области""";65;669;1009;1678;599;953;1552;1140;1644;2784;1048;1584;2632
Ошская обл.;4170600000000000;Ноокатский р-н;41706242000000000;645361;"У-е ""ЦСМ Ноокатского района Ошской области""";"Учреждение ""Центр семейной медицины Ноокатского района Ошской области""";66;660;1000;1660;600;960;1560;1178;1591;2769;1074;1555;2629
Ошская обл.;4170600000000000;Ноокатский р-н;41706242000000000;645361;"У-е ""ЦСМ Ноокатского района Ошской области""";"Учреждение ""Центр семейной медицины Ноокатского района Ошской области""";67;588;857;1445;540;822;1362;1019;1588;2607;962;1539;2501
Ошская обл.;4170600000000000;Ноокатский р-н;41706242000000000;645361;"У-е ""ЦСМ Ноокатского района Ошской области""";"Учреждение ""Центр семейной медицины Ноокатского района Ошской области""";68;561;878;1439;523;847;1370;898;1485;2383;863;1458;2321
Ошская обл.;4170600000000000;Ноокатский р-н;41706242000000000;645361;"У-е ""ЦСМ Ноокатского района Ошской области""";"Учреждение ""Центр семейной медицины Ноокатского района Ошской области""";69;440;710;1150;413;682;1095;795;1097;1892;772;1059;1831
Ошская обл.;4170600000000000;Ноокатский р-н;41706242000000000;645361;"У-е ""ЦСМ Ноокатского района Ошской области""";"Учреждение ""Центр семейной медицины Ноокатского района Ошской области""";70;385;621;1006;376;603;979;681;973;1654;665;957;1622
Ошская обл.;4170600000000000;Ноокатский р-н;41706242000000000;645361;"У-е ""ЦСМ Ноокатского района Ошской области""";"Учреждение ""Центр семейной медицины Ноокатского района Ошской области""";71;402;594;996;390;583;973;666;993;1659;646;970;1616
Ошская обл.;4170600000000000;Ноокатский р-н;41706242000000000;645361;"У-е ""ЦСМ Ноокатского района Ошской области""";"Учреждение ""Центр семейной медицины Ноокатского района Ошской области""";72;322;563;885;313;555;868;554;908;1462;513;878;1391
Ошская обл.;4170600000000000;Ноокатский р-н;41706242000000000;645361;"У-е ""ЦСМ Ноокатского района Ошской области""";"Учреждение ""Центр семейной медицины Ноокатского района Ошской области""";73;277;475;752;269;468;737;538;833;1371;511;816;1327
Ошская обл.;4170600000000000;Ноокатский р-н;41706242000000000;645361;"У-е ""ЦСМ Ноокатского района Ошской области""";"Учреждение ""Центр семейной медицины Ноокатского района Ошской области""";74;279;554;833;269;544;813;486;806;1292;473;778;1251
Ошская обл.;4170600000000000;Ноокатский р-н;41706242000000000;645361;"У-е ""ЦСМ Ноокатского района Ошской области""";"Учреждение ""Центр семейной медицины Ноокатского района Ошской области""";75;212;445;657;209;433;642;301;703;1004;293;690;983
Ошская обл.;4170600000000000;Ноокатский р-н;41706242000000000;645361;"У-е ""ЦСМ Ноокатского района Ошской области""";"Учреждение ""Центр семейной медицины Ноокатского района Ошской области""";76;172;390;562;170;386;556;354;456;810;351;449;800
Ошская обл.;4170600000000000;Ноокатский р-н;41706242000000000;645361;"У-е ""ЦСМ Ноокатского района Ошской области""";"Учреждение ""Центр семейной медицины Ноокатского района Ошской области""";77;189;336;525;184;332;516;288;486;774;274;459;733
Ошская обл.;4170600000000000;Ноокатский р-н;41706242000000000;645361;"У-е ""ЦСМ Ноокатского района Ошской области""";"Учреждение ""Центр семейной медицины Ноокатского района Ошской области""";78;125;225;350;124;221;345;149;228;377;128;226;354
Ошская обл.;4170600000000000;Ноокатский р-н;41706242000000000;645361;"У-е ""ЦСМ Ноокатского района Ошской области""";"Учреждение ""Центр семейной медицины Ноокатского района Ошской области""";79;80;173;253;75;171;246;101;137;238;101;132;233
Ошская обл.;4170600000000000;Ноокатский р-н;41706242000000000;645361;"У-е ""ЦСМ Ноокатского района Ошской области""";"Учреждение ""Центр семейной медицины Ноокатского района Ошской области""";80;56;145;201;54;141;195;137;159;296;136;147;283
Ошская обл.;4170600000000000;Ноокатский р-н;41706242000000000;645361;"У-е ""ЦСМ Ноокатского района Ошской области""";"Учреждение ""Центр семейной медицины Ноокатского района Ошской области""";81;78;144;222;78;144;222;121;168;289;110;164;274
Ошская обл.;4170600000000000;Ноокатский р-н;41706242000000000;645361;"У-е ""ЦСМ Ноокатского района Ошской области""";"Учреждение ""Центр семейной медицины Ноокатского района Ошской области""";82;129;229;358;127;227;354;156;129;285;153;125;278
Ошская обл.;4170600000000000;Ноокатский р-н;41706242000000000;645361;"У-е ""ЦСМ Ноокатского района Ошской области""";"Учреждение ""Центр семейной медицины Ноокатского района Ошской области""";83;88;167;255;87;167;254;133;210;343;131;202;333
Ошская обл.;4170600000000000;Ноокатский р-н;41706242000000000;645361;"У-е ""ЦСМ Ноокатского района Ошской области""";"Учреждение ""Центр семейной медицины Ноокатского района Ошской области""";84;134;364;498;133;359;492;172;187;359;162;180;342
Ошская обл.;4170600000000000;Ноокатский р-н;41706242000000000;645361;"У-е ""ЦСМ Ноокатского района Ошской области""";"Учреждение ""Центр семейной медицины Ноокатского района Ошской области""";85;108;245;353;107;241;348;148;155;303;145;142;287
Ошская обл.;4170600000000000;Ноокатский р-н;41706242000000000;645361;"У-е ""ЦСМ Ноокатского района Ошской области""";"Учреждение ""Центр семейной медицины Ноокатского района Ошской области""";86;98;227;325;97;224;321;123;78;201;122;72;194
Ошская обл.;4170600000000000;Ноокатский р-н;41706242000000000;645361;"У-е ""ЦСМ Ноокатского района Ошской области""";"Учреждение ""Центр семейной медицины Ноокатского района Ошской области""";87;63;190;253;60;189;249;57;58;115;56;54;110
Ошская обл.;4170600000000000;Ноокатский р-н;41706242000000000;645361;"У-е ""ЦСМ Ноокатского района Ошской области""";"Учреждение ""Центр семейной медицины Ноокатского района Ошской области""";88;54;187;241;53;186;239;29;57;86;29;53;82
Ошская обл.;4170600000000000;Ноокатский р-н;41706242000000000;645361;"У-е ""ЦСМ Ноокатского района Ошской области""";"Учреждение ""Центр семейной медицины Ноокатского района Ошской области""";89;28;174;202;28;172;200;38;49;87;37;42;79
Ошская обл.;4170600000000000;Ноокатский р-н;41706242000000000;645361;"У-е ""ЦСМ Ноокатского района Ошской области""";"Учреждение ""Центр семейной медицины Ноокатского района Ошской области""";90;40;154;194;38;152;190;41;42;83;40;39;79
Ошская обл.;4170600000000000;Ноокатский р-н;41706242000000000;645361;"У-е ""ЦСМ Ноокатского района Ошской области""";"Учреждение ""Центр семейной медицины Ноокатского района Ошской области""";91;25;124;149;25;123;148;23;33;56;23;30;53
Ошская обл.;4170600000000000;Ноокатский р-н;41706242000000000;645361;"У-е ""ЦСМ Ноокатского района Ошской области""";"Учреждение ""Центр семейной медицины Ноокатского района Ошской области""";92;43;168;211;41;168;209;20;51;71;19;42;61
Ошская обл.;4170600000000000;Ноокатский р-н;41706242000000000;645361;"У-е ""ЦСМ Ноокатского района Ошской области""";"Учреждение ""Центр семейной медицины Ноокатского района Ошской области""";93;18;97;115;17;95;112;20;27;47;16;26;42
Ошская обл.;4170600000000000;Ноокатский р-н;41706242000000000;645361;"У-е ""ЦСМ Ноокатского района Ошской области""";"Учреждение ""Центр семейной медицины Ноокатского района Ошской области""";94;40;205;245;40;205;245;22;32;54;22;31;53
Ошская обл.;4170600000000000;Ноокатский р-н;41706242000000000;645361;"У-е ""ЦСМ Ноокатского района Ошской области""";"Учреждение ""Центр семейной медицины Ноокатского района Ошской области""";95;19;51;70;19;51;70;10;12;22;7;12;19
Ошская обл.;4170600000000000;Ноокатский р-н;41706242000000000;645361;"У-е ""ЦСМ Ноокатского района Ошской области""";"Учреждение ""Центр семейной медицины Ноокатского района Ошской области""";96;18;84;102;18;83;101;7;8;15;7;8;15
Ошская обл.;4170600000000000;Ноокатский р-н;41706242000000000;645361;"У-е ""ЦСМ Ноокатского района Ошской области""";"Учреждение ""Центр семейной медицины Ноокатского района Ошской области""";97;14;51;65;14;51;65;3;3;6;3;3;6
Ошская обл.;4170600000000000;Ноокатский р-н;41706242000000000;645361;"У-е ""ЦСМ Ноокатского района Ошской области""";"Учреждение ""Центр семейной медицины Ноокатского района Ошской области""";98;15;57;72;14;57;71;4;1;5;4;1;5
Ошская обл.;4170600000000000;Ноокатский р-н;41706242000000000;645361;"У-е ""ЦСМ Ноокатского района Ошской области""";"Учреждение ""Центр семейной медицины Ноокатского района Ошской области""";99;3;39;42;3;39;42;1;0;1;1;0;1
Ошская обл.;4170600000000000;Ноокатский р-н;41706242000000000;645361;"У-е ""ЦСМ Ноокатского района Ошской области""";"Учреждение ""Центр семейной медицины Ноокатского района Ошской области""";100;1;34;35;1;34;35;0;1;1;0;1;1
Ошская обл.;4170600000000000;Ноокатский р-н;41706242000000000;645361;"У-е ""ЦСМ Ноокатского района Ошской области""";"Учреждение ""Центр семейной медицины Ноокатского района Ошской области""";101;0;21;21;0;21;21;0;3;3;0;3;3
Ошская обл.;4170600000000000;Ноокатский р-н;41706242000000000;645361;"У-е ""ЦСМ Ноокатского района Ошской области""";"Учреждение ""Центр семейной медицины Ноокатского района Ошской области""";102;1;18;19;1;18;19;1;1;2;1;1;2
Ошская обл.;4170600000000000;Ноокатский р-н;41706242000000000;645361;"У-е ""ЦСМ Ноокатского района Ошской области""";"Учреждение ""Центр семейной медицины Ноокатского района Ошской области""";104;2;23;25;2;23;25;0;1;1;0;0;0
Ошская обл.;4170600000000000;Ноокатский р-н;41706242000000000;645361;"У-е ""ЦСМ Ноокатского района Ошской области""";"Учреждение ""Центр семейной медицины Ноокатского района Ошской области""";116;0;1;1;0;1;1;0;1;1;0;1;1
Ошская обл.;4170600000000000;Кара-Сууйский р-н;41706226000000000;641601;"У-е ""ЦСМ""";"Учреждение ""Центр семейной медицины Кара-Суйского района Ошской области""";0;2892;2892;5784;2892;2892;5784;15664;14655;30319;15664;14655;30319
Ошская обл.;4170600000000000;Кара-Сууйский р-н;41706226000000000;641601;"У-е ""ЦСМ""";"Учреждение ""Центр семейной медицины Кара-Суйского района Ошской области""";1;4460;4441;8901;4460;4441;8901;7894;7852;15746;7894;7852;15746
Ошская обл.;4170600000000000;Кара-Сууйский р-н;41706226000000000;641601;"У-е ""ЦСМ""";"Учреждение ""Центр семейной медицины Кара-Суйского района Ошской области""";2;4762;4723;9485;4762;4723;9485;5712;5324;11036;5712;5324;11036
Ошская обл.;4170600000000000;Кара-Сууйский р-н;41706226000000000;641601;"У-е ""ЦСМ""";"Учреждение ""Центр семейной медицины Кара-Суйского района Ошской области""";3;5084;4981;10065;5084;4981;10065;3434;3194;6628;3434;3194;6628
Ошская обл.;4170600000000000;Кара-Сууйский р-н;41706226000000000;641601;"У-е ""ЦСМ""";"Учреждение ""Центр семейной медицины Кара-Суйского района Ошской области""";4;4837;5368;10205;4837;5368;10205;3014;2683;5697;3014;2683;5697
Ошская обл.;4170600000000000;Кара-Сууйский р-н;41706226000000000;641601;"У-е ""ЦСМ""";"Учреждение ""Центр семейной медицины Кара-Суйского района Ошской области""";5;4830;5102;9932;4830;5102;9932;3010;2863;5873;3010;2863;5873
Ошская обл.;4170600000000000;Кара-Сууйский р-н;41706226000000000;641601;"У-е ""ЦСМ""";"Учреждение ""Центр семейной медицины Кара-Суйского района Ошской области""";6;5201;6852;12053;5201;6852;12053;3750;3575;7325;3750;3575;7325
Ошская обл.;4170600000000000;Кара-Сууйский р-н;41706226000000000;641601;"У-е ""ЦСМ""";"Учреждение ""Центр семейной медицины Кара-Суйского района Ошской области""";7;4904;7058;11962;4904;7058;11962;2172;2033;4205;2172;2033;4205
Ошская обл.;4170600000000000;Кара-Сууйский р-н;41706226000000000;641601;"У-е ""ЦСМ""";"Учреждение ""Центр семейной медицины Кара-Суйского района Ошской области""";8;5129;7751;12880;5129;7751;12880;1855;1667;3522;1855;1667;3522
Ошская обл.;4170600000000000;Кара-Сууйский р-н;41706226000000000;641601;"У-е ""ЦСМ""";"Учреждение ""Центр семейной медицины Кара-Суйского района Ошской области""";9;5279;8873;14152;5279;8873;14152;1524;1575;3099;1524;1575;3099
Ошская обл.;4170600000000000;Кара-Сууйский р-н;41706226000000000;641601;"У-е ""ЦСМ""";"Учреждение ""Центр семейной медицины Кара-Суйского района Ошской области""";10;4822;8961;13783;4822;8961;13783;1655;1730;3385;1655;1730;3385
Ошская обл.;4170600000000000;Кара-Сууйский р-н;41706226000000000;641601;"У-е ""ЦСМ""";"Учреждение ""Центр семейной медицины Кара-Суйского района Ошской области""";11;4835;7419;12254;4835;7419;12254;1485;1747;3232;1485;1747;3232
Ошская обл.;4170600000000000;Кара-Сууйский р-н;41706226000000000;641601;"У-е ""ЦСМ""";"Учреждение ""Центр семейной медицины Кара-Суйского района Ошской области""";12;4461;7176;11637;4461;7176;11637;1417;1288;2705;1417;1288;2705
Ошская обл.;4170600000000000;Кара-Сууйский р-н;41706226000000000;641601;"У-е ""ЦСМ""";"Учреждение ""Центр семейной медицины Кара-Суйского района Ошской области""";13;4202;6644;10846;4202;6644;10846;1452;1345;2797;1452;1345;2797
Ошская обл.;4170600000000000;Кара-Сууйский р-н;41706226000000000;641601;"У-е ""ЦСМ""";"Учреждение ""Центр семейной медицины Кара-Суйского района Ошской области""";14;3836;5824;9660;3836;5824;9660;1504;1509;3013;1504;1509;3013
Ошская обл.;4170600000000000;Кара-Сууйский р-н;41706226000000000;641601;"У-е ""ЦСМ""";"Учреждение ""Центр семейной медицины Кара-Суйского района Ошской области""";15;3566;5362;8928;3566;5362;8928;1625;1617;3242;1625;1617;3242
Ошская обл.;4170600000000000;Кара-Сууйский р-н;41706226000000000;641601;"У-е ""ЦСМ""";"Учреждение ""Центр семейной медицины Кара-Суйского района Ошской области""";16;3344;5253;8597;3344;5253;8597;1402;1439;2841;1301;1336;2637
Ошская обл.;4170600000000000;Кара-Сууйский р-н;41706226000000000;641601;"У-е ""ЦСМ""";"Учреждение ""Центр семейной медицины Кара-Суйского района Ошской области""";17;3067;4527;7594;2565;4051;6616;3475;1984;5459;2775;1485;4260
Ошская обл.;4170600000000000;Кара-Сууйский р-н;41706226000000000;641601;"У-е ""ЦСМ""";"Учреждение ""Центр семейной медицины Кара-Суйского района Ошской области""";18;2702;4165;6867;2160;3656;5816;3293;3479;6772;2455;2375;4830
Ошская обл.;4170600000000000;Кара-Сууйский р-н;41706226000000000;641601;"У-е ""ЦСМ""";"Учреждение ""Центр семейной медицины Кара-Суйского района Ошской области""";19;2775;3935;6710;1420;2586;4006;2285;4226;6511;953;1898;2851
Ошская обл.;4170600000000000;Кара-Сууйский р-н;41706226000000000;641601;"У-е ""ЦСМ""";"Учреждение ""Центр семейной медицины Кара-Суйского района Ошской области""";20;2552;2752;5304;262;630;892;1643;4256;5899;488;1924;2412
Ошская обл.;4170600000000000;Кара-Сууйский р-н;41706226000000000;641601;"У-е ""ЦСМ""";"Учреждение ""Центр семейной медицины Кара-Суйского района Ошской области""";21;2682;2718;5400;265;754;1019;1463;4187;5650;529;1969;2498
Ошская обл.;4170600000000000;Кара-Сууйский р-н;41706226000000000;641601;"У-е ""ЦСМ""";"Учреждение ""Центр семейной медицины Кара-Суйского района Ошской области""";22;2483;2668;5151;271;873;1144;1406;4170;5576;505;2283;2788
Ошская обл.;4170600000000000;Кара-Сууйский р-н;41706226000000000;641601;"У-е ""ЦСМ""";"Учреждение ""Центр семейной медицины Кара-Суйского района Ошской области""";23;2459;2639;5098;303;957;1260;1289;3954;5243;462;2217;2679
Ошская обл.;4170600000000000;Кара-Сууйский р-н;41706226000000000;641601;"У-е ""ЦСМ""";"Учреждение ""Центр семейной медицины Кара-Суйского района Ошской области""";24;2358;2750;5108;291;1029;1320;1312;4193;5505;459;2351;2810
Ошская обл.;4170600000000000;Кара-Сууйский р-н;41706226000000000;641601;"У-е ""ЦСМ""";"Учреждение ""Центр семейной медицины Кара-Суйского района Ошской области""";25;2640;2926;5566;375;1133;1508;1386;4306;5692;517;2562;3079
Ошская обл.;4170600000000000;Кара-Сууйский р-н;41706226000000000;641601;"У-е ""ЦСМ""";"Учреждение ""Центр семейной медицины Кара-Суйского района Ошской области""";26;2720;3103;5823;431;1301;1732;1377;4654;6031;585;2753;3338
Ошская обл.;4170600000000000;Кара-Сууйский р-н;41706226000000000;641601;"У-е ""ЦСМ""";"Учреждение ""Центр семейной медицины Кара-Суйского района Ошской области""";27;2763;3289;6052;489;1355;1844;1469;4363;5832;561;2649;3210
Ошская обл.;4170600000000000;Кара-Сууйский р-н;41706226000000000;641601;"У-е ""ЦСМ""";"Учреждение ""Центр семейной медицины Кара-Суйского района Ошской области""";28;2973;3285;6258;614;1440;2054;1801;4404;6205;772;2627;3399
Ошская обл.;4170600000000000;Кара-Сууйский р-н;41706226000000000;641601;"У-е ""ЦСМ""";"Учреждение ""Центр семейной медицины Кара-Суйского района Ошской области""";29;3160;3545;6705;798;1549;2347;1702;4425;6127;868;2829;3697
Ошская обл.;4170600000000000;Кара-Сууйский р-н;41706226000000000;641601;"У-е ""ЦСМ""";"Учреждение ""Центр семейной медицины Кара-Суйского района Ошской области""";30;3023;3490;6513;1203;1760;2963;1655;4344;5999;965;3004;3969
Ошская обл.;4170600000000000;Кара-Сууйский р-н;41706226000000000;641601;"У-е ""ЦСМ""";"Учреждение ""Центр семейной медицины Кара-Суйского района Ошской области""";31;3001;3332;6333;1254;1763;3017;1564;4001;5565;958;2803;3761
Ошская обл.;4170600000000000;Кара-Сууйский р-н;41706226000000000;641601;"У-е ""ЦСМ""";"Учреждение ""Центр семейной медицины Кара-Суйского района Ошской области""";32;3008;3502;6510;1358;1828;3186;1597;3895;5492;977;2676;3653
Ошская обл.;4170600000000000;Кара-Сууйский р-н;41706226000000000;641601;"У-е ""ЦСМ""";"Учреждение ""Центр семейной медицины Кара-Суйского района Ошской области""";33;3102;3384;6486;1375;1784;3159;1603;3818;5421;1048;2766;3814
Ошская обл.;4170600000000000;Кара-Сууйский р-н;41706226000000000;641601;"У-е ""ЦСМ""";"Учреждение ""Центр семейной медицины Кара-Суйского района Ошской области""";34;3046;3363;6409;1442;1807;3249;1530;3696;5226;1001;2684;3685
Ошская обл.;4170600000000000;Кара-Сууйский р-н;41706226000000000;641601;"У-е ""ЦСМ""";"Учреждение ""Центр семейной медицины Кара-Суйского района Ошской области""";35;3099;3141;6240;1496;1771;3267;1459;3480;4939;958;2527;3485
Ошская обл.;4170600000000000;Кара-Сууйский р-н;41706226000000000;641601;"У-е ""ЦСМ""";"Учреждение ""Центр семейной медицины Кара-Суйского района Ошской области""";36;2916;3137;6053;1449;1776;3225;1532;3051;4583;1030;2227;3257
Ошская обл.;4170600000000000;Кара-Сууйский р-н;41706226000000000;641601;"У-е ""ЦСМ""";"Учреждение ""Центр семейной медицины Кара-Суйского района Ошской области""";37;2768;2892;5660;1386;1587;2973;1363;2742;4105;884;1952;2836
Ошская обл.;4170600000000000;Кара-Сууйский р-н;41706226000000000;641601;"У-е ""ЦСМ""";"Учреждение ""Центр семейной медицины Кара-Суйского района Ошской области""";38;2539;2789;5328;1313;1494;2807;1287;2467;3754;778;1720;2498
Ошская обл.;4170600000000000;Кара-Сууйский р-н;41706226000000000;641601;"У-е ""ЦСМ""";"Учреждение ""Центр семейной медицины Кара-Суйского района Ошской области""";39;2481;2669;5150;1273;1442;2715;1199;2204;3403;795;1524;2319
Ошская обл.;4170600000000000;Кара-Сууйский р-н;41706226000000000;641601;"У-е ""ЦСМ""";"Учреждение ""Центр семейной медицины Кара-Суйского района Ошской области""";40;2240;2429;4669;1163;1286;2449;1144;1807;2951;774;1245;2019
Ошская обл.;4170600000000000;Кара-Сууйский р-н;41706226000000000;641601;"У-е ""ЦСМ""";"Учреждение ""Центр семейной медицины Кара-Суйского района Ошской области""";41;2122;2306;4428;1081;1255;2336;1275;1666;2941;821;1170;1991
Ошская обл.;4170600000000000;Кара-Сууйский р-н;41706226000000000;641601;"У-е ""ЦСМ""";"Учреждение ""Центр семейной медицины Кара-Суйского района Ошской области""";42;2105;2228;4333;1101;1135;2236;1198;1568;2766;712;1028;1740
Ошская обл.;4170600000000000;Кара-Сууйский р-н;41706226000000000;641601;"У-е ""ЦСМ""";"Учреждение ""Центр семейной медицины Кара-Суйского района Ошской области""";43;1994;2175;4169;991;1094;2085;1120;1512;2632;774;1037;1811
Ошская обл.;4170600000000000;Кара-Сууйский р-н;41706226000000000;641601;"У-е ""ЦСМ""";"Учреждение ""Центр семейной медицины Кара-Суйского района Ошской области""";44;1804;1904;3708;893;910;1803;987;1335;2322;588;875;1463
Ошская обл.;4170600000000000;Кара-Сууйский р-н;41706226000000000;641601;"У-е ""ЦСМ""";"Учреждение ""Центр семейной медицины Кара-Суйского района Ошской области""";45;1706;1877;3583;795;856;1651;1050;1201;2251;642;755;1397
Ошская обл.;4170600000000000;Кара-Сууйский р-н;41706226000000000;641601;"У-е ""ЦСМ""";"Учреждение ""Центр семейной медицины Кара-Суйского района Ошской области""";46;1634;1765;3399;751;786;1537;1058;1332;2390;589;844;1433
Ошская обл.;4170600000000000;Кара-Сууйский р-н;41706226000000000;641601;"У-е ""ЦСМ""";"Учреждение ""Центр семейной медицины Кара-Суйского района Ошской области""";47;1641;1753;3394;733;755;1488;936;1422;2358;619;907;1526
Ошская обл.;4170600000000000;Кара-Сууйский р-н;41706226000000000;641601;"У-е ""ЦСМ""";"Учреждение ""Центр семейной медицины Кара-Суйского района Ошской области""";48;1637;1819;3456;706;741;1447;938;1281;2219;541;785;1326
Ошская обл.;4170600000000000;Кара-Сууйский р-н;41706226000000000;641601;"У-е ""ЦСМ""";"Учреждение ""Центр семейной медицины Кара-Суйского района Ошской области""";49;1518;1632;3150;611;702;1313;930;1440;2370;561;895;1456
Ошская обл.;4170600000000000;Кара-Сууйский р-н;41706226000000000;641601;"У-е ""ЦСМ""";"Учреждение ""Центр семейной медицины Кара-Суйского района Ошской области""";50;1540;1690;3230;617;729;1346;945;1584;2529;580;993;1573
Ошская обл.;4170600000000000;Кара-Сууйский р-н;41706226000000000;641601;"У-е ""ЦСМ""";"Учреждение ""Центр семейной медицины Кара-Суйского района Ошской области""";51;1536;1740;3276;623;787;1410;1098;1686;2784;614;1101;1715
Ошская обл.;4170600000000000;Кара-Сууйский р-н;41706226000000000;641601;"У-е ""ЦСМ""";"Учреждение ""Центр семейной медицины Кара-Суйского района Ошской области""";52;1533;1726;3259;649;771;1420;1159;1848;3007;698;1174;1872
Ошская обл.;4170600000000000;Кара-Сууйский р-н;41706226000000000;641601;"У-е ""ЦСМ""";"Учреждение ""Центр семейной медицины Кара-Суйского района Ошской области""";53;1550;1781;3331;635;819;1454;1180;1748;2928;745;1033;1778
Ошская обл.;4170600000000000;Кара-Сууйский р-н;41706226000000000;641601;"У-е ""ЦСМ""";"Учреждение ""Центр семейной медицины Кара-Суйского района Ошской области""";54;1462;1656;3118;654;765;1419;1177;1822;2999;757;1227;1984
Ошская обл.;4170600000000000;Кара-Сууйский р-н;41706226000000000;641601;"У-е ""ЦСМ""";"Учреждение ""Центр семейной медицины Кара-Суйского района Ошской области""";55;1393;1617;3010;638;840;1478;1380;2031;3411;834;1422;2256
Ошская обл.;4170600000000000;Кара-Сууйский р-н;41706226000000000;641601;"У-е ""ЦСМ""";"Учреждение ""Центр семейной медицины Кара-Суйского района Ошской области""";56;1446;1741;3187;636;956;1592;1459;2057;3516;947;1382;2329
Ошская обл.;4170600000000000;Кара-Сууйский р-н;41706226000000000;641601;"У-е ""ЦСМ""";"Учреждение ""Центр семейной медицины Кара-Суйского района Ошской области""";57;1372;1570;2942;656;833;1489;1368;2113;3481;863;1508;2371
Ошская обл.;4170600000000000;Кара-Сууйский р-н;41706226000000000;641601;"У-е ""ЦСМ""";"Учреждение ""Центр семейной медицины Кара-Суйского района Ошской области""";58;1381;1586;2967;668;899;1567;1441;2056;3497;994;1471;2465
Ошская обл.;4170600000000000;Кара-Сууйский р-н;41706226000000000;641601;"У-е ""ЦСМ""";"Учреждение ""Центр семейной медицины Кара-Суйского района Ошской области""";59;1337;1548;2885;691;958;1649;1627;2033;3660;1175;1447;2622
Ошская обл.;4170600000000000;Кара-Сууйский р-н;41706226000000000;641601;"У-е ""ЦСМ""";"Учреждение ""Центр семейной медицины Кара-Суйского района Ошской области""";60;1332;1608;2940;759;1035;1794;1503;2069;3572;1097;1533;2630
Ошская обл.;4170600000000000;Кара-Сууйский р-н;41706226000000000;641601;"У-е ""ЦСМ""";"Учреждение ""Центр семейной медицины Кара-Суйского района Ошской области""";61;1279;1499;2778;757;1010;1767;1583;1957;3540;1174;1515;2689
Ошская обл.;4170600000000000;Кара-Сууйский р-н;41706226000000000;641601;"У-е ""ЦСМ""";"Учреждение ""Центр семейной медицины Кара-Суйского района Ошской области""";62;1250;1529;2779;749;1091;1840;1527;2291;3818;1126;1925;3051
Ошская обл.;4170600000000000;Кара-Сууйский р-н;41706226000000000;641601;"У-е ""ЦСМ""";"Учреждение ""Центр семейной медицины Кара-Суйского района Ошской области""";63;1258;1408;2666;825;1063;1888;1522;2206;3728;1174;1764;2938
Ошская обл.;4170600000000000;Кара-Сууйский р-н;41706226000000000;641601;"У-е ""ЦСМ""";"Учреждение ""Центр семейной медицины Кара-Суйского района Ошской области""";64;1137;1500;2637;781;1209;1990;1396;2160;3556;1043;1842;2885
Ошская обл.;4170600000000000;Кара-Сууйский р-н;41706226000000000;641601;"У-е ""ЦСМ""";"Учреждение ""Центр семейной медицины Кара-Суйского района Ошской области""";65;986;1273;2259;715;1098;1813;1288;2265;3553;1038;2001;3039
Ошская обл.;4170600000000000;Кара-Сууйский р-н;41706226000000000;641601;"У-е ""ЦСМ""";"Учреждение ""Центр семейной медицины Кара-Суйского района Ошской области""";66;893;1263;2156;694;1110;1804;1064;1833;2897;907;1576;2483
Ошская обл.;4170600000000000;Кара-Сууйский р-н;41706226000000000;641601;"У-е ""ЦСМ""";"Учреждение ""Центр семейной медицины Кара-Суйского района Ошской области""";67;784;1024;1808;614;881;1495;1081;1706;2787;898;1511;2409
Ошская обл.;4170600000000000;Кара-Сууйский р-н;41706226000000000;641601;"У-е ""ЦСМ""";"Учреждение ""Центр семейной медицины Кара-Суйского района Ошской области""";68;727;989;1716;566;879;1445;904;1470;2374;780;1350;2130
Ошская обл.;4170600000000000;Кара-Сууйский р-н;41706226000000000;641601;"У-е ""ЦСМ""";"Учреждение ""Центр семейной медицины Кара-Суйского района Ошской области""";69;572;847;1419;454;761;1215;825;1399;2224;706;1297;2003
Ошская обл.;4170600000000000;Кара-Сууйский р-н;41706226000000000;641601;"У-е ""ЦСМ""";"Учреждение ""Центр семейной медицины Кара-Суйского района Ошской области""";70;514;752;1266;436;664;1100;861;1235;2096;749;1091;1840
Ошская обл.;4170600000000000;Кара-Сууйский р-н;41706226000000000;641601;"У-е ""ЦСМ""";"Учреждение ""Центр семейной медицины Кара-Суйского района Ошской области""";71;463;729;1192;407;678;1085;714;1019;1733;655;947;1602
Ошская обл.;4170600000000000;Кара-Сууйский р-н;41706226000000000;641601;"У-е ""ЦСМ""";"Учреждение ""Центр семейной медицины Кара-Суйского района Ошской области""";72;457;673;1130;410;626;1036;698;969;1667;636;887;1523
Ошская обл.;4170600000000000;Кара-Сууйский р-н;41706226000000000;641601;"У-е ""ЦСМ""";"Учреждение ""Центр семейной медицины Кара-Суйского района Ошской области""";73;329;558;887;294;513;807;508;954;1462;472;868;1340
Ошская обл.;4170600000000000;Кара-Сууйский р-н;41706226000000000;641601;"У-е ""ЦСМ""";"Учреждение ""Центр семейной медицины Кара-Суйского района Ошской области""";74;291;568;859;267;535;802;536;881;1417;503;798;1301
Ошская обл.;4170600000000000;Кара-Сууйский р-н;41706226000000000;641601;"У-е ""ЦСМ""";"Учреждение ""Центр семейной медицины Кара-Суйского района Ошской области""";75;286;431;717;255;405;660;317;643;960;282;598;880
Ошская обл.;4170600000000000;Кара-Сууйский р-н;41706226000000000;641601;"У-е ""ЦСМ""";"Учреждение ""Центр семейной медицины Кара-Суйского района Ошской области""";76;173;348;521;157;312;469;209;488;697;178;400;578
Ошская обл.;4170600000000000;Кара-Сууйский р-н;41706226000000000;641601;"У-е ""ЦСМ""";"Учреждение ""Центр семейной медицины Кара-Суйского района Ошской области""";77;185;360;545;163;334;497;200;420;620;169;364;533
Ошская обл.;4170600000000000;Кара-Сууйский р-н;41706226000000000;641601;"У-е ""ЦСМ""";"Учреждение ""Центр семейной медицины Кара-Суйского района Ошской области""";78;128;245;373;108;222;330;139;209;348;114;183;297
Ошская обл.;4170600000000000;Кара-Сууйский р-н;41706226000000000;641601;"У-е ""ЦСМ""";"Учреждение ""Центр семейной медицины Кара-Суйского района Ошской области""";79;88;176;264;77;158;235;101;193;294;97;170;267
Ошская обл.;4170600000000000;Кара-Сууйский р-н;41706226000000000;641601;"У-е ""ЦСМ""";"Учреждение ""Центр семейной медицины Кара-Суйского района Ошской области""";80;78;130;208;69;122;191;99;146;245;67;131;198
Ошская обл.;4170600000000000;Кара-Сууйский р-н;41706226000000000;641601;"У-е ""ЦСМ""";"Учреждение ""Центр семейной медицины Кара-Суйского района Ошской области""";81;90;134;224;80;129;209;139;136;275;130;125;255
Ошская обл.;4170600000000000;Кара-Сууйский р-н;41706226000000000;641601;"У-е ""ЦСМ""";"Учреждение ""Центр семейной медицины Кара-Суйского района Ошской области""";82;122;253;375;107;233;340;149;291;440;134;247;381
Ошская обл.;4170600000000000;Кара-Сууйский р-н;41706226000000000;641601;"У-е ""ЦСМ""";"Учреждение ""Центр семейной медицины Кара-Суйского района Ошской области""";83;94;220;314;82;203;285;97;189;286;86;165;251
Ошская обл.;4170600000000000;Кара-Сууйский р-н;41706226000000000;641601;"У-е ""ЦСМ""";"Учреждение ""Центр семейной медицины Кара-Суйского района Ошской области""";84;90;295;385;85;274;359;84;177;261;79;155;234
Ошская обл.;4170600000000000;Кара-Сууйский р-н;41706226000000000;641601;"У-е ""ЦСМ""";"Учреждение ""Центр семейной медицины Кара-Суйского района Ошской области""";85;73;225;298;70;211;281;62;137;199;53;121;174
Ошская обл.;4170600000000000;Кара-Сууйский р-н;41706226000000000;641601;"У-е ""ЦСМ""";"Учреждение ""Центр семейной медицины Кара-Суйского района Ошской области""";86;67;213;280;61;198;259;41;118;159;39;96;135
Ошская обл.;4170600000000000;Кара-Сууйский р-н;41706226000000000;641601;"У-е ""ЦСМ""";"Учреждение ""Центр семейной медицины Кара-Суйского района Ошской области""";87;47;144;191;45;136;181;61;91;152;55;85;140
Ошская обл.;4170600000000000;Кара-Сууйский р-н;41706226000000000;641601;"У-е ""ЦСМ""";"Учреждение ""Центр семейной медицины Кара-Суйского района Ошской области""";88;52;173;225;50;168;218;47;61;108;47;54;101
Ошская обл.;4170600000000000;Кара-Сууйский р-н;41706226000000000;641601;"У-е ""ЦСМ""";"Учреждение ""Центр семейной медицины Кара-Суйского района Ошской области""";89;43;106;149;38;103;141;43;35;78;39;30;69
Ошская обл.;4170600000000000;Кара-Сууйский р-н;41706226000000000;641601;"У-е ""ЦСМ""";"Учреждение ""Центр семейной медицины Кара-Суйского района Ошской области""";90;22;97;119;21;94;115;14;24;38;12;24;36
Ошская обл.;4170600000000000;Кара-Сууйский р-н;41706226000000000;641601;"У-е ""ЦСМ""";"Учреждение ""Центр семейной медицины Кара-Суйского района Ошской области""";91;8;83;91;8;79;87;2;35;37;2;35;37
Ошская обл.;4170600000000000;Кара-Сууйский р-н;41706226000000000;641601;"У-е ""ЦСМ""";"Учреждение ""Центр семейной медицины Кара-Суйского района Ошской области""";92;19;146;165;18;142;160;5;33;38;3;26;29
Ошская обл.;4170600000000000;Кара-Сууйский р-н;41706226000000000;641601;"У-е ""ЦСМ""";"Учреждение ""Центр семейной медицины Кара-Суйского района Ошской области""";93;4;63;67;4;58;62;2;36;38;2;31;33
Ошская обл.;4170600000000000;Кара-Сууйский р-н;41706226000000000;641601;"У-е ""ЦСМ""";"Учреждение ""Центр семейной медицины Кара-Суйского района Ошской области""";94;11;101;112;10;100;110;1;28;29;1;28;29
Ошская обл.;4170600000000000;Кара-Сууйский р-н;41706226000000000;641601;"У-е ""ЦСМ""";"Учреждение ""Центр семейной медицины Кара-Суйского района Ошской области""";95;5;35;40;5;32;37;0;10;10;0;6;6
Ошская обл.;4170600000000000;Кара-Сууйский р-н;41706226000000000;641601;"У-е ""ЦСМ""";"Учреждение ""Центр семейной медицины Кара-Суйского района Ошской области""";96;8;40;48;7;40;47;1;0;1;1;0;1
Ошская обл.;4170600000000000;Кара-Сууйский р-н;41706226000000000;641601;"У-е ""ЦСМ""";"Учреждение ""Центр семейной медицины Кара-Суйского района Ошской области""";97;4;18;22;4;17;21;0;1;1;0;1;1
Ошская обл.;4170600000000000;Кара-Сууйский р-н;41706226000000000;641601;"У-е ""ЦСМ""";"Учреждение ""Центр семейной медицины Кара-Суйского района Ошской области""";98;3;16;19;3;16;19;0;1;1;0;1;1
Ошская обл.;4170600000000000;Кара-Сууйский р-н;41706226000000000;641601;"У-е ""ЦСМ""";"Учреждение ""Центр семейной медицины Кара-Суйского района Ошской области""";99;0;13;13;0;13;13;1;0;1;1;0;1
Ошская обл.;4170600000000000;Кара-Сууйский р-н;41706226000000000;641601;"У-е ""ЦСМ""";"Учреждение ""Центр семейной медицины Кара-Суйского района Ошской области""";101;1;5;6;1;5;6;0;4;4;0;4;4
Ошская обл.;4170600000000000;Кара-Сууйский р-н;41706226000000000;641601;"У-е ""ЦСМ""";"Учреждение ""Центр семейной медицины Кара-Суйского района Ошской области""";103;0;2;2;0;2;2;0;2;2;0;2;2
Ошская обл.;4170600000000000;Кара-Сууйский р-н;41706226000000000;641601;"У-е ""ЦСМ""";"Учреждение ""Центр семейной медицины Кара-Суйского района Ошской области""";106;0;1;1;0;1;1;0;1;1;0;1;1
Бишкек г.;4171100000000000;Ленинский р-н;41711201000000000;142521;"Учреждение ""ЦСМ № 9 г. Бишкек""";"Учреждение ""Центр семейной медицины № 9 г. Бишкек""";0;826;783;1609;826;783;1609;15086;13516;28602;15086;13516;28602
Бишкек г.;4171100000000000;Ленинский р-н;41711201000000000;142521;"Учреждение ""ЦСМ № 9 г. Бишкек""";"Учреждение ""Центр семейной медицины № 9 г. Бишкек""";1;1521;1437;2958;1521;1437;2958;8144;7421;15565;8144;7421;15565
Бишкек г.;4171100000000000;Ленинский р-н;41711201000000000;142521;"Учреждение ""ЦСМ № 9 г. Бишкек""";"Учреждение ""Центр семейной медицины № 9 г. Бишкек""";2;1548;1476;3024;1548;1476;3024;5794;5488;11282;5794;5488;11282
Бишкек г.;4171100000000000;Ленинский р-н;41711201000000000;142521;"Учреждение ""ЦСМ № 9 г. Бишкек""";"Учреждение ""Центр семейной медицины № 9 г. Бишкек""";3;1488;1499;2987;1488;1499;2987;4041;3949;7990;4041;3949;7990
Бишкек г.;4171100000000000;Ленинский р-н;41711201000000000;142521;"Учреждение ""ЦСМ № 9 г. Бишкек""";"Учреждение ""Центр семейной медицины № 9 г. Бишкек""";4;1597;1478;3075;1597;1478;3075;3547;3346;6893;3547;3346;6893
Бишкек г.;4171100000000000;Ленинский р-н;41711201000000000;142521;"Учреждение ""ЦСМ № 9 г. Бишкек""";"Учреждение ""Центр семейной медицины № 9 г. Бишкек""";5;1496;1462;2958;1496;1462;2958;2981;3013;5994;2981;3013;5994
Бишкек г.;4171100000000000;Ленинский р-н;41711201000000000;142521;"Учреждение ""ЦСМ № 9 г. Бишкек""";"Учреждение ""Центр семейной медицины № 9 г. Бишкек""";6;1520;1547;3067;1520;1547;3067;3880;3647;7527;3880;3647;7527
Бишкек г.;4171100000000000;Ленинский р-н;41711201000000000;142521;"Учреждение ""ЦСМ № 9 г. Бишкек""";"Учреждение ""Центр семейной медицины № 9 г. Бишкек""";7;1436;1494;2930;1436;1494;2930;2307;2154;4461;2307;2154;4461
Бишкек г.;4171100000000000;Ленинский р-н;41711201000000000;142521;"Учреждение ""ЦСМ № 9 г. Бишкек""";"Учреждение ""Центр семейной медицины № 9 г. Бишкек""";8;1413;1510;2923;1413;1510;2923;1556;1497;3053;1556;1497;3053
Бишкек г.;4171100000000000;Ленинский р-н;41711201000000000;142521;"Учреждение ""ЦСМ № 9 г. Бишкек""";"Учреждение ""Центр семейной медицины № 9 г. Бишкек""";9;1484;1464;2948;1484;1464;2948;1275;1244;2519;1275;1244;2519
Бишкек г.;4171100000000000;Ленинский р-н;41711201000000000;142521;"Учреждение ""ЦСМ № 9 г. Бишкек""";"Учреждение ""Центр семейной медицины № 9 г. Бишкек""";10;1370;1500;2870;1370;1500;2870;1052;1078;2130;1052;1078;2130
Бишкек г.;4171100000000000;Ленинский р-н;41711201000000000;142521;"Учреждение ""ЦСМ № 9 г. Бишкек""";"Учреждение ""Центр семейной медицины № 9 г. Бишкек""";11;1226;1384;2610;1226;1384;2610;1173;1062;2235;1173;1062;2235
Бишкек г.;4171100000000000;Ленинский р-н;41711201000000000;142521;"Учреждение ""ЦСМ № 9 г. Бишкек""";"Учреждение ""Центр семейной медицины № 9 г. Бишкек""";12;1154;1324;2478;1154;1324;2478;966;867;1833;966;867;1833
Бишкек г.;4171100000000000;Ленинский р-н;41711201000000000;142521;"Учреждение ""ЦСМ № 9 г. Бишкек""";"Учреждение ""Центр семейной медицины № 9 г. Бишкек""";13;1193;1360;2553;1193;1360;2553;1262;1031;2293;1262;1031;2293
Бишкек г.;4171100000000000;Ленинский р-н;41711201000000000;142521;"Учреждение ""ЦСМ № 9 г. Бишкек""";"Учреждение ""Центр семейной медицины № 9 г. Бишкек""";14;1213;1396;2609;1213;1396;2609;1702;1576;3278;1702;1576;3278
Бишкек г.;4171100000000000;Ленинский р-н;41711201000000000;142521;"Учреждение ""ЦСМ № 9 г. Бишкек""";"Учреждение ""Центр семейной медицины № 9 г. Бишкек""";15;1091;1383;2474;1091;1383;2474;1688;1408;3096;1688;1408;3096
Бишкек г.;4171100000000000;Ленинский р-н;41711201000000000;142521;"Учреждение ""ЦСМ № 9 г. Бишкек""";"Учреждение ""Центр семейной медицины № 9 г. Бишкек""";16;1105;1282;2387;1105;1282;2387;1601;1380;2981;1530;1321;2851
Бишкек г.;4171100000000000;Ленинский р-н;41711201000000000;142521;"Учреждение ""ЦСМ № 9 г. Бишкек""";"Учреждение ""Центр семейной медицины № 9 г. Бишкек""";17;956;1146;2102;901;1103;2004;2304;1737;4041;1889;1521;3410
Бишкек г.;4171100000000000;Ленинский р-н;41711201000000000;142521;"Учреждение ""ЦСМ № 9 г. Бишкек""";"Учреждение ""Центр семейной медицины № 9 г. Бишкек""";18;879;1019;1898;755;907;1662;2017;2133;4150;1174;1271;2445
Бишкек г.;4171100000000000;Ленинский р-н;41711201000000000;142521;"Учреждение ""ЦСМ № 9 г. Бишкек""";"Учреждение ""Центр семейной медицины № 9 г. Бишкек""";19;916;1041;1957;229;333;562;1451;2181;3632;220;540;760
Бишкек г.;4171100000000000;Ленинский р-н;41711201000000000;142521;"Учреждение ""ЦСМ № 9 г. Бишкек""";"Учреждение ""Центр семейной медицины № 9 г. Бишкек""";20;871;1034;1905;150;240;390;982;2531;3513;165;677;842
Бишкек г.;4171100000000000;Ленинский р-н;41711201000000000;142521;"Учреждение ""ЦСМ № 9 г. Бишкек""";"Учреждение ""Центр семейной медицины № 9 г. Бишкек""";21;806;971;1777;133;220;353;758;2812;3570;118;809;927
Бишкек г.;4171100000000000;Ленинский р-н;41711201000000000;142521;"Учреждение ""ЦСМ № 9 г. Бишкек""";"Учреждение ""Центр семейной медицины № 9 г. Бишкек""";22;764;985;1749;62;177;239;764;2862;3626;126;900;1026
Бишкек г.;4171100000000000;Ленинский р-н;41711201000000000;142521;"Учреждение ""ЦСМ № 9 г. Бишкек""";"Учреждение ""Центр семейной медицины № 9 г. Бишкек""";23;670;1027;1697;106;222;328;731;3672;4403;139;1287;1426
Бишкек г.;4171100000000000;Ленинский р-н;41711201000000000;142521;"Учреждение ""ЦСМ № 9 г. Бишкек""";"Учреждение ""Центр семейной медицины № 9 г. Бишкек""";24;747;1092;1839;136;316;452;986;4344;5330;456;1988;2444
Бишкек г.;4171100000000000;Ленинский р-н;41711201000000000;142521;"Учреждение ""ЦСМ № 9 г. Бишкек""";"Учреждение ""Центр семейной медицины № 9 г. Бишкек""";25;668;1081;1749;150;372;522;668;4122;4790;253;1987;2240
Бишкек г.;4171100000000000;Ленинский р-н;41711201000000000;142521;"Учреждение ""ЦСМ № 9 г. Бишкек""";"Учреждение ""Центр семейной медицины № 9 г. Бишкек""";26;679;1062;1741;202;422;624;706;3900;4606;252;2035;2287
Бишкек г.;4171100000000000;Ленинский р-н;41711201000000000;142521;"Учреждение ""ЦСМ № 9 г. Бишкек""";"Учреждение ""Центр семейной медицины № 9 г. Бишкек""";27;652;1115;1767;212;454;666;556;4007;4563;286;2173;2459
Бишкек г.;4171100000000000;Ленинский р-н;41711201000000000;142521;"Учреждение ""ЦСМ № 9 г. Бишкек""";"Учреждение ""Центр семейной медицины № 9 г. Бишкек""";28;733;1156;1889;293;534;827;760;4022;4782;382;2228;2610
Бишкек г.;4171100000000000;Ленинский р-н;41711201000000000;142521;"Учреждение ""ЦСМ № 9 г. Бишкек""";"Учреждение ""Центр семейной медицины № 9 г. Бишкек""";29;813;1194;2007;314;571;885;883;4111;4994;489;2354;2843
Бишкек г.;4171100000000000;Ленинский р-н;41711201000000000;142521;"Учреждение ""ЦСМ № 9 г. Бишкек""";"Учреждение ""Центр семейной медицины № 9 г. Бишкек""";30;931;1284;2215;462;693;1155;1021;4204;5225;589;2690;3279
Бишкек г.;4171100000000000;Ленинский р-н;41711201000000000;142521;"Учреждение ""ЦСМ № 9 г. Бишкек""";"Учреждение ""Центр семейной медицины № 9 г. Бишкек""";31;901;1229;2130;464;649;1113;859;4105;4964;518;2768;3286
Бишкек г.;4171100000000000;Ленинский р-н;41711201000000000;142521;"Учреждение ""ЦСМ № 9 г. Бишкек""";"Учреждение ""Центр семейной медицины № 9 г. Бишкек""";32;985;1318;2303;545;742;1287;956;3945;4901;682;2659;3341
Бишкек г.;4171100000000000;Ленинский р-н;41711201000000000;142521;"Учреждение ""ЦСМ № 9 г. Бишкек""";"Учреждение ""Центр семейной медицины № 9 г. Бишкек""";33;973;1229;2202;561;708;1269;952;3409;4361;662;2449;3111
Бишкек г.;4171100000000000;Ленинский р-н;41711201000000000;142521;"Учреждение ""ЦСМ № 9 г. Бишкек""";"Учреждение ""Центр семейной медицины № 9 г. Бишкек""";34;882;1177;2059;544;700;1244;866;3304;4170;540;2203;2743
Бишкек г.;4171100000000000;Ленинский р-н;41711201000000000;142521;"Учреждение ""ЦСМ № 9 г. Бишкек""";"Учреждение ""Центр семейной медицины № 9 г. Бишкек""";35;883;1131;2014;557;692;1249;833;3335;4168;553;2337;2890
Бишкек г.;4171100000000000;Ленинский р-н;41711201000000000;142521;"Учреждение ""ЦСМ № 9 г. Бишкек""";"Учреждение ""Центр семейной медицины № 9 г. Бишкек""";36;879;1119;1998;541;666;1207;896;3137;4033;659;2245;2904
Бишкек г.;4171100000000000;Ленинский р-н;41711201000000000;142521;"Учреждение ""ЦСМ № 9 г. Бишкек""";"Учреждение ""Центр семейной медицины № 9 г. Бишкек""";37;808;1158;1966;488;729;1217;898;2695;3593;573;1914;2487
Бишкек г.;4171100000000000;Ленинский р-н;41711201000000000;142521;"Учреждение ""ЦСМ № 9 г. Бишкек""";"Учреждение ""Центр семейной медицины № 9 г. Бишкек""";38;821;1103;1924;503;650;1153;703;2207;2910;492;1467;1959
Бишкек г.;4171100000000000;Ленинский р-н;41711201000000000;142521;"Учреждение ""ЦСМ № 9 г. Бишкек""";"Учреждение ""Центр семейной медицины № 9 г. Бишкек""";39;730;1017;1747;438;589;1027;759;2329;3088;529;1455;1984
Бишкек г.;4171100000000000;Ленинский р-н;41711201000000000;142521;"Учреждение ""ЦСМ № 9 г. Бишкек""";"Учреждение ""Центр семейной медицины № 9 г. Бишкек""";40;771;937;1708;475;545;1020;676;1681;2357;423;1178;1601
Бишкек г.;4171100000000000;Ленинский р-н;41711201000000000;142521;"Учреждение ""ЦСМ № 9 г. Бишкек""";"Учреждение ""Центр семейной медицины № 9 г. Бишкек""";41;735;875;1610;450;495;945;650;1586;2236;482;1028;1510
Бишкек г.;4171100000000000;Ленинский р-н;41711201000000000;142521;"Учреждение ""ЦСМ № 9 г. Бишкек""";"Учреждение ""Центр семейной медицины № 9 г. Бишкек""";42;609;819;1428;366;463;829;653;1260;1913;420;912;1332
Бишкек г.;4171100000000000;Ленинский р-н;41711201000000000;142521;"Учреждение ""ЦСМ № 9 г. Бишкек""";"Учреждение ""Центр семейной медицины № 9 г. Бишкек""";43;627;781;1408;357;428;785;758;1333;2091;454;852;1306
Бишкек г.;4171100000000000;Ленинский р-н;41711201000000000;142521;"Учреждение ""ЦСМ № 9 г. Бишкек""";"Учреждение ""Центр семейной медицины № 9 г. Бишкек""";44;595;717;1312;342;380;722;631;1270;1901;461;883;1344
Бишкек г.;4171100000000000;Ленинский р-н;41711201000000000;142521;"Учреждение ""ЦСМ № 9 г. Бишкек""";"Учреждение ""Центр семейной медицины № 9 г. Бишкек""";45;580;756;1336;339;409;748;635;1056;1691;407;745;1152
Бишкек г.;4171100000000000;Ленинский р-н;41711201000000000;142521;"Учреждение ""ЦСМ № 9 г. Бишкек""";"Учреждение ""Центр семейной медицины № 9 г. Бишкек""";46;554;689;1243;324;375;699;641;1017;1658;440;661;1101
Бишкек г.;4171100000000000;Ленинский р-н;41711201000000000;142521;"Учреждение ""ЦСМ № 9 г. Бишкек""";"Учреждение ""Центр семейной медицины № 9 г. Бишкек""";47;514;666;1180;305;352;657;731;1216;1947;507;786;1293
Бишкек г.;4171100000000000;Ленинский р-н;41711201000000000;142521;"Учреждение ""ЦСМ № 9 г. Бишкек""";"Учреждение ""Центр семейной медицины № 9 г. Бишкек""";48;494;626;1120;267;334;601;710;1102;1812;466;749;1215
Бишкек г.;4171100000000000;Ленинский р-н;41711201000000000;142521;"Учреждение ""ЦСМ № 9 г. Бишкек""";"Учреждение ""Центр семейной медицины № 9 г. Бишкек""";49;466;653;1119;266;357;623;712;1160;1872;525;804;1329
Бишкек г.;4171100000000000;Ленинский р-н;41711201000000000;142521;"Учреждение ""ЦСМ № 9 г. Бишкек""";"Учреждение ""Центр семейной медицины № 9 г. Бишкек""";50;447;632;1079;271;330;601;635;1221;1856;441;903;1344
Бишкек г.;4171100000000000;Ленинский р-н;41711201000000000;142521;"Учреждение ""ЦСМ № 9 г. Бишкек""";"Учреждение ""Центр семейной медицины № 9 г. Бишкек""";51;450;624;1074;265;353;618;603;1189;1792;406;833;1239
Бишкек г.;4171100000000000;Ленинский р-н;41711201000000000;142521;"Учреждение ""ЦСМ № 9 г. Бишкек""";"Учреждение ""Центр семейной медицины № 9 г. Бишкек""";52;460;649;1109;250;353;603;581;1367;1948;422;926;1348
Бишкек г.;4171100000000000;Ленинский р-н;41711201000000000;142521;"Учреждение ""ЦСМ № 9 г. Бишкек""";"Учреждение ""Центр семейной медицины № 9 г. Бишкек""";53;436;635;1071;252;345;597;731;1352;2083;512;952;1464
Бишкек г.;4171100000000000;Ленинский р-н;41711201000000000;142521;"Учреждение ""ЦСМ № 9 г. Бишкек""";"Учреждение ""Центр семейной медицины № 9 г. Бишкек""";54;449;609;1058;263;333;596;936;1384;2320;660;966;1626
Бишкек г.;4171100000000000;Ленинский р-н;41711201000000000;142521;"Учреждение ""ЦСМ № 9 г. Бишкек""";"Учреждение ""Центр семейной медицины № 9 г. Бишкек""";55;436;551;987;261;315;576;771;1291;2062;550;921;1471
Бишкек г.;4171100000000000;Ленинский р-н;41711201000000000;142521;"Учреждение ""ЦСМ № 9 г. Бишкек""";"Учреждение ""Центр семейной медицины № 9 г. Бишкек""";56;411;563;974;229;342;571;870;1427;2297;632;1095;1727
Бишкек г.;4171100000000000;Ленинский р-н;41711201000000000;142521;"Учреждение ""ЦСМ № 9 г. Бишкек""";"Учреждение ""Центр семейной медицины № 9 г. Бишкек""";57;403;602;1005;252;375;627;903;1437;2340;695;1135;1830
Бишкек г.;4171100000000000;Ленинский р-н;41711201000000000;142521;"Учреждение ""ЦСМ № 9 г. Бишкек""";"Учреждение ""Центр семейной медицины № 9 г. Бишкек""";58;438;516;954;294;333;627;1060;1503;2563;739;1209;1948
Бишкек г.;4171100000000000;Ленинский р-н;41711201000000000;142521;"Учреждение ""ЦСМ № 9 г. Бишкек""";"Учреждение ""Центр семейной медицины № 9 г. Бишкек""";59;437;528;965;299;407;706;1059;1262;2321;793;1090;1883
Бишкек г.;4171100000000000;Ленинский р-н;41711201000000000;142521;"Учреждение ""ЦСМ № 9 г. Бишкек""";"Учреждение ""Центр семейной медицины № 9 г. Бишкек""";60;338;453;791;211;340;551;688;1342;2030;552;1163;1715
Бишкек г.;4171100000000000;Ленинский р-н;41711201000000000;142521;"Учреждение ""ЦСМ № 9 г. Бишкек""";"Учреждение ""Центр семейной медицины № 9 г. Бишкек""";61;361;480;841;248;389;637;897;1399;2296;774;1235;2009
Бишкек г.;4171100000000000;Ленинский р-н;41711201000000000;142521;"Учреждение ""ЦСМ № 9 г. Бишкек""";"Учреждение ""Центр семейной медицины № 9 г. Бишкек""";62;320;432;752;241;371;612;744;1187;1931;632;1110;1742
Бишкек г.;4171100000000000;Ленинский р-н;41711201000000000;142521;"Учреждение ""ЦСМ № 9 г. Бишкек""";"Учреждение ""Центр семейной медицины № 9 г. Бишкек""";63;317;421;738;241;376;617;752;1167;1919;629;1114;1743
Бишкек г.;4171100000000000;Ленинский р-н;41711201000000000;142521;"Учреждение ""ЦСМ № 9 г. Бишкек""";"Учреждение ""Центр семейной медицины № 9 г. Бишкек""";64;253;377;630;206;338;544;627;1077;1704;536;1059;1595
Бишкек г.;4171100000000000;Ленинский р-н;41711201000000000;142521;"Учреждение ""ЦСМ № 9 г. Бишкек""";"Учреждение ""Центр семейной медицины № 9 г. Бишкек""";65;251;296;547;206;293;499;537;857;1394;451;848;1299
Бишкек г.;4171100000000000;Ленинский р-н;41711201000000000;142521;"Учреждение ""ЦСМ № 9 г. Бишкек""";"Учреждение ""Центр семейной медицины № 9 г. Бишкек""";66;243;289;532;203;274;477;483;800;1283;447;770;1217
Бишкек г.;4171100000000000;Ленинский р-н;41711201000000000;142521;"Учреждение ""ЦСМ № 9 г. Бишкек""";"Учреждение ""Центр семейной медицины № 9 г. Бишкек""";67;209;250;459;188;243;431;520;695;1215;499;674;1173
Бишкек г.;4171100000000000;Ленинский р-н;41711201000000000;142521;"Учреждение ""ЦСМ № 9 г. Бишкек""";"Учреждение ""Центр семейной медицины № 9 г. Бишкек""";68;145;203;348;131;201;332;527;497;1024;512;478;990
Бишкек г.;4171100000000000;Ленинский р-н;41711201000000000;142521;"Учреждение ""ЦСМ № 9 г. Бишкек""";"Учреждение ""Центр семейной медицины № 9 г. Бишкек""";69;144;179;323;136;179;315;317;368;685;316;361;677
Бишкек г.;4171100000000000;Ленинский р-н;41711201000000000;142521;"Учреждение ""ЦСМ № 9 г. Бишкек""";"Учреждение ""Центр семейной медицины № 9 г. Бишкек""";70;105;154;259;102;151;253;214;507;721;210;495;705
Бишкек г.;4171100000000000;Ленинский р-н;41711201000000000;142521;"Учреждение ""ЦСМ № 9 г. Бишкек""";"Учреждение ""Центр семейной медицины № 9 г. Бишкек""";71;87;155;242;87;154;241;143;454;597;143;452;595
Бишкек г.;4171100000000000;Ленинский р-н;41711201000000000;142521;"Учреждение ""ЦСМ № 9 г. Бишкек""";"Учреждение ""Центр семейной медицины № 9 г. Бишкек""";72;72;139;211;72;138;210;170;307;477;170;307;477
Бишкек г.;4171100000000000;Ленинский р-н;41711201000000000;142521;"Учреждение ""ЦСМ № 9 г. Бишкек""";"Учреждение ""Центр семейной медицины № 9 г. Бишкек""";73;52;126;178;52;122;174;151;388;539;151;382;533
Бишкек г.;4171100000000000;Ленинский р-н;41711201000000000;142521;"Учреждение ""ЦСМ № 9 г. Бишкек""";"Учреждение ""Центр семейной медицины № 9 г. Бишкек""";74;58;109;167;58;109;167;142;219;361;142;219;361
Бишкек г.;4171100000000000;Ленинский р-н;41711201000000000;142521;"Учреждение ""ЦСМ № 9 г. Бишкек""";"Учреждение ""Центр семейной медицины № 9 г. Бишкек""";75;57;120;177;57;120;177;121;187;308;121;187;308
Бишкек г.;4171100000000000;Ленинский р-н;41711201000000000;142521;"Учреждение ""ЦСМ № 9 г. Бишкек""";"Учреждение ""Центр семейной медицины № 9 г. Бишкек""";76;33;91;124;33;91;124;84;188;272;84;188;272
Бишкек г.;4171100000000000;Ленинский р-н;41711201000000000;142521;"Учреждение ""ЦСМ № 9 г. Бишкек""";"Учреждение ""Центр семейной медицины № 9 г. Бишкек""";77;40;79;119;40;79;119;67;128;195;67;128;195
Бишкек г.;4171100000000000;Ленинский р-н;41711201000000000;142521;"Учреждение ""ЦСМ № 9 г. Бишкек""";"Учреждение ""Центр семейной медицины № 9 г. Бишкек""";78;24;64;88;24;64;88;39;108;147;39;108;147
Бишкек г.;4171100000000000;Ленинский р-н;41711201000000000;142521;"Учреждение ""ЦСМ № 9 г. Бишкек""";"Учреждение ""Центр семейной медицины № 9 г. Бишкек""";79;11;40;51;10;40;50;8;54;62;8;54;62
Бишкек г.;4171100000000000;Ленинский р-н;41711201000000000;142521;"Учреждение ""ЦСМ № 9 г. Бишкек""";"Учреждение ""Центр семейной медицины № 9 г. Бишкек""";80;6;17;23;6;17;23;14;18;32;13;15;28
Бишкек г.;4171100000000000;Ленинский р-н;41711201000000000;142521;"Учреждение ""ЦСМ № 9 г. Бишкек""";"Учреждение ""Центр семейной медицины № 9 г. Бишкек""";81;16;16;32;16;16;32;32;42;74;32;42;74
Бишкек г.;4171100000000000;Ленинский р-н;41711201000000000;142521;"Учреждение ""ЦСМ № 9 г. Бишкек""";"Учреждение ""Центр семейной медицины № 9 г. Бишкек""";82;19;42;61;19;41;60;44;58;102;44;58;102
Бишкек г.;4171100000000000;Ленинский р-н;41711201000000000;142521;"Учреждение ""ЦСМ № 9 г. Бишкек""";"Учреждение ""Центр семейной медицины № 9 г. Бишкек""";83;20;44;64;20;44;64;26;49;75;26;47;73
Бишкек г.;4171100000000000;Ленинский р-н;41711201000000000;142521;"Учреждение ""ЦСМ № 9 г. Бишкек""";"Учреждение ""Центр семейной медицины № 9 г. Бишкек""";84;18;40;58;18;39;57;19;56;75;19;56;75
Бишкек г.;4171100000000000;Ленинский р-н;41711201000000000;142521;"Учреждение ""ЦСМ № 9 г. Бишкек""";"Учреждение ""Центр семейной медицины № 9 г. Бишкек""";85;11;51;62;11;51;62;7;13;20;7;13;20
Бишкек г.;4171100000000000;Ленинский р-н;41711201000000000;142521;"Учреждение ""ЦСМ № 9 г. Бишкек""";"Учреждение ""Центр семейной медицины № 9 г. Бишкек""";86;26;48;74;26;48;74;13;24;37;13;24;37
Бишкек г.;4171100000000000;Ленинский р-н;41711201000000000;142521;"Учреждение ""ЦСМ № 9 г. Бишкек""";"Учреждение ""Центр семейной медицины № 9 г. Бишкек""";87;16;24;40;16;24;40;7;32;39;7;32;39
Бишкек г.;4171100000000000;Ленинский р-н;41711201000000000;142521;"Учреждение ""ЦСМ № 9 г. Бишкек""";"Учреждение ""Центр семейной медицины № 9 г. Бишкек""";88;12;35;47;12;34;46;9;10;19;9;7;16
Бишкек г.;4171100000000000;Ленинский р-н;41711201000000000;142521;"Учреждение ""ЦСМ № 9 г. Бишкек""";"Учреждение ""Центр семейной медицины № 9 г. Бишкек""";89;11;30;41;11;30;41;0;15;15;0;15;15
Бишкек г.;4171100000000000;Ленинский р-н;41711201000000000;142521;"Учреждение ""ЦСМ № 9 г. Бишкек""";"Учреждение ""Центр семейной медицины № 9 г. Бишкек""";90;6;19;25;6;19;25;3;10;13;3;10;13
Бишкек г.;4171100000000000;Ленинский р-н;41711201000000000;142521;"Учреждение ""ЦСМ № 9 г. Бишкек""";"Учреждение ""Центр семейной медицины № 9 г. Бишкек""";91;7;22;29;7;22;29;0;7;7;0;7;7
Бишкек г.;4171100000000000;Ленинский р-н;41711201000000000;142521;"Учреждение ""ЦСМ № 9 г. Бишкек""";"Учреждение ""Центр семейной медицины № 9 г. Бишкек""";92;6;31;37;6;31;37;0;2;2;0;2;2
Бишкек г.;4171100000000000;Ленинский р-н;41711201000000000;142521;"Учреждение ""ЦСМ № 9 г. Бишкек""";"Учреждение ""Центр семейной медицины № 9 г. Бишкек""";93;2;13;15;2;13;15;0;3;3;0;3;3
Бишкек г.;4171100000000000;Ленинский р-н;41711201000000000;142521;"Учреждение ""ЦСМ № 9 г. Бишкек""";"Учреждение ""Центр семейной медицины № 9 г. Бишкек""";94;8;23;31;8;23;31;0;5;5;0;5;5
Бишкек г.;4171100000000000;Ленинский р-н;41711201000000000;142521;"Учреждение ""ЦСМ № 9 г. Бишкек""";"Учреждение ""Центр семейной медицины № 9 г. Бишкек""";95;6;16;22;6;16;22;0;1;1;0;1;1
Чуйская обл.;4170800000000000;Аламудунский р-н;41708203000000000;825651;"ЦОВП ""АРАШАН""";"ЦЕНТР ОБЩЕВРАЧЕБНОЙ ПРАКТИКИ ""АРАШАН""";0;156;149;305;156;149;305;672;579;1251;672;579;1251
Чуйская обл.;4170800000000000;Аламудунский р-н;41708203000000000;825651;"ЦОВП ""АРАШАН""";"ЦЕНТР ОБЩЕВРАЧЕБНОЙ ПРАКТИКИ ""АРАШАН""";1;220;237;457;220;237;457;307;284;591;307;284;591
Чуйская обл.;4170800000000000;Аламудунский р-н;41708203000000000;825651;"ЦОВП ""АРАШАН""";"ЦЕНТР ОБЩЕВРАЧЕБНОЙ ПРАКТИКИ ""АРАШАН""";2;294;273;567;294;273;567;308;165;473;308;165;473
Чуйская обл.;4170800000000000;Аламудунский р-н;41708203000000000;825651;"ЦОВП ""АРАШАН""";"ЦЕНТР ОБЩЕВРАЧЕБНОЙ ПРАКТИКИ ""АРАШАН""";3;282;284;566;282;284;566;234;260;494;234;260;494
Чуйская обл.;4170800000000000;Аламудунский р-н;41708203000000000;825651;"ЦОВП ""АРАШАН""";"ЦЕНТР ОБЩЕВРАЧЕБНОЙ ПРАКТИКИ ""АРАШАН""";4;300;351;651;300;351;651;143;197;340;143;197;340
Чуйская обл.;4170800000000000;Аламудунский р-н;41708203000000000;825651;"ЦОВП ""АРАШАН""";"ЦЕНТР ОБЩЕВРАЧЕБНОЙ ПРАКТИКИ ""АРАШАН""";5;314;356;670;314;356;670;173;192;365;173;192;365
Чуйская обл.;4170800000000000;Аламудунский р-н;41708203000000000;825651;"ЦОВП ""АРАШАН""";"ЦЕНТР ОБЩЕВРАЧЕБНОЙ ПРАКТИКИ ""АРАШАН""";6;294;415;709;294;415;709;183;194;377;183;194;377
Чуйская обл.;4170800000000000;Аламудунский р-н;41708203000000000;825651;"ЦОВП ""АРАШАН""";"ЦЕНТР ОБЩЕВРАЧЕБНОЙ ПРАКТИКИ ""АРАШАН""";7;318;409;727;318;409;727;187;109;296;187;109;296
Чуйская обл.;4170800000000000;Аламудунский р-н;41708203000000000;825651;"ЦОВП ""АРАШАН""";"ЦЕНТР ОБЩЕВРАЧЕБНОЙ ПРАКТИКИ ""АРАШАН""";8;334;390;724;334;390;724;146;81;227;146;81;227
Чуйская обл.;4170800000000000;Аламудунский р-н;41708203000000000;825651;"ЦОВП ""АРАШАН""";"ЦЕНТР ОБЩЕВРАЧЕБНОЙ ПРАКТИКИ ""АРАШАН""";9;324;375;699;324;375;699;82;89;171;82;89;171
Чуйская обл.;4170800000000000;Аламудунский р-н;41708203000000000;825651;"ЦОВП ""АРАШАН""";"ЦЕНТР ОБЩЕВРАЧЕБНОЙ ПРАКТИКИ ""АРАШАН""";10;307;390;697;307;390;697;119;113;232;119;113;232
Чуйская обл.;4170800000000000;Аламудунский р-н;41708203000000000;825651;"ЦОВП ""АРАШАН""";"ЦЕНТР ОБЩЕВРАЧЕБНОЙ ПРАКТИКИ ""АРАШАН""";11;302;374;676;302;374;676;83;100;183;83;100;183
Чуйская обл.;4170800000000000;Аламудунский р-н;41708203000000000;825651;"ЦОВП ""АРАШАН""";"ЦЕНТР ОБЩЕВРАЧЕБНОЙ ПРАКТИКИ ""АРАШАН""";12;285;328;613;285;328;613;89;64;153;89;64;153
Чуйская обл.;4170800000000000;Аламудунский р-н;41708203000000000;825651;"ЦОВП ""АРАШАН""";"ЦЕНТР ОБЩЕВРАЧЕБНОЙ ПРАКТИКИ ""АРАШАН""";13;249;356;605;249;356;605;95;99;194;95;99;194
Чуйская обл.;4170800000000000;Аламудунский р-н;41708203000000000;825651;"ЦОВП ""АРАШАН""";"ЦЕНТР ОБЩЕВРАЧЕБНОЙ ПРАКТИКИ ""АРАШАН""";14;305;357;662;305;357;662;200;208;408;200;208;408
Чуйская обл.;4170800000000000;Аламудунский р-н;41708203000000000;825651;"ЦОВП ""АРАШАН""";"ЦЕНТР ОБЩЕВРАЧЕБНОЙ ПРАКТИКИ ""АРАШАН""";15;279;367;646;279;367;646;660;157;817;660;157;817
Чуйская обл.;4170800000000000;Аламудунский р-н;41708203000000000;825651;"ЦОВП ""АРАШАН""";"ЦЕНТР ОБЩЕВРАЧЕБНОЙ ПРАКТИКИ ""АРАШАН""";16;263;319;582;263;319;582;453;190;643;449;190;639
Чуйская обл.;4170800000000000;Аламудунский р-н;41708203000000000;825651;"ЦОВП ""АРАШАН""";"ЦЕНТР ОБЩЕВРАЧЕБНОЙ ПРАКТИКИ ""АРАШАН""";17;224;297;521;215;294;509;321;216;537;288;212;500
Чуйская обл.;4170800000000000;Аламудунский р-н;41708203000000000;825651;"ЦОВП ""АРАШАН""";"ЦЕНТР ОБЩЕВРАЧЕБНОЙ ПРАКТИКИ ""АРАШАН""";18;207;254;461;178;234;412;508;219;727;425;191;616
Чуйская обл.;4170800000000000;Аламудунский р-н;41708203000000000;825651;"ЦОВП ""АРАШАН""";"ЦЕНТР ОБЩЕВРАЧЕБНОЙ ПРАКТИКИ ""АРАШАН""";19;212;175;387;162;115;277;225;191;416;144;111;255
Чуйская обл.;4170800000000000;Аламудунский р-н;41708203000000000;825651;"ЦОВП ""АРАШАН""";"ЦЕНТР ОБЩЕВРАЧЕБНОЙ ПРАКТИКИ ""АРАШАН""";20;178;146;324;111;97;208;174;164;338;113;108;221
Чуйская обл.;4170800000000000;Аламудунский р-н;41708203000000000;825651;"ЦОВП ""АРАШАН""";"ЦЕНТР ОБЩЕВРАЧЕБНОЙ ПРАКТИКИ ""АРАШАН""";21;153;197;350;56;60;116;140;128;268;68;57;125
Чуйская обл.;4170800000000000;Аламудунский р-н;41708203000000000;825651;"ЦОВП ""АРАШАН""";"ЦЕНТР ОБЩЕВРАЧЕБНОЙ ПРАКТИКИ ""АРАШАН""";22;158;225;383;50;62;112;109;154;263;65;115;180
Чуйская обл.;4170800000000000;Аламудунский р-н;41708203000000000;825651;"ЦОВП ""АРАШАН""";"ЦЕНТР ОБЩЕВРАЧЕБНОЙ ПРАКТИКИ ""АРАШАН""";23;163;205;368;51;69;120;101;145;246;49;87;136
Чуйская обл.;4170800000000000;Аламудунский р-н;41708203000000000;825651;"ЦОВП ""АРАШАН""";"ЦЕНТР ОБЩЕВРАЧЕБНОЙ ПРАКТИКИ ""АРАШАН""";24;143;172;315;60;58;118;96;137;233;71;88;159
Чуйская обл.;4170800000000000;Аламудунский р-н;41708203000000000;825651;"ЦОВП ""АРАШАН""";"ЦЕНТР ОБЩЕВРАЧЕБНОЙ ПРАКТИКИ ""АРАШАН""";25;163;172;335;73;80;153;71;174;245;36;113;149
Чуйская обл.;4170800000000000;Аламудунский р-н;41708203000000000;825651;"ЦОВП ""АРАШАН""";"ЦЕНТР ОБЩЕВРАЧЕБНОЙ ПРАКТИКИ ""АРАШАН""";26;137;214;351;61;62;123;88;154;242;51;86;137
Чуйская обл.;4170800000000000;Аламудунский р-н;41708203000000000;825651;"ЦОВП ""АРАШАН""";"ЦЕНТР ОБЩЕВРАЧЕБНОЙ ПРАКТИКИ ""АРАШАН""";27;158;272;430;91;75;166;71;107;178;65;80;145
Чуйская обл.;4170800000000000;Аламудунский р-н;41708203000000000;825651;"ЦОВП ""АРАШАН""";"ЦЕНТР ОБЩЕВРАЧЕБНОЙ ПРАКТИКИ ""АРАШАН""";28;178;265;443;93;91;184;129;234;363;97;178;275
Чуйская обл.;4170800000000000;Аламудунский р-н;41708203000000000;825651;"ЦОВП ""АРАШАН""";"ЦЕНТР ОБЩЕВРАЧЕБНОЙ ПРАКТИКИ ""АРАШАН""";29;194;322;516;112;113;225;103;235;338;69;146;215
Чуйская обл.;4170800000000000;Аламудунский р-н;41708203000000000;825651;"ЦОВП ""АРАШАН""";"ЦЕНТР ОБЩЕВРАЧЕБНОЙ ПРАКТИКИ ""АРАШАН""";30;235;290;525;126;96;222;119;164;283;94;114;208
Чуйская обл.;4170800000000000;Аламудунский р-н;41708203000000000;825651;"ЦОВП ""АРАШАН""";"ЦЕНТР ОБЩЕВРАЧЕБНОЙ ПРАКТИКИ ""АРАШАН""";31;209;312;521;135;115;250;85;170;255;73;124;197
Чуйская обл.;4170800000000000;Аламудунский р-н;41708203000000000;825651;"ЦОВП ""АРАШАН""";"ЦЕНТР ОБЩЕВРАЧЕБНОЙ ПРАКТИКИ ""АРАШАН""";32;247;344;591;160;123;283;130;172;302;102;122;224
Чуйская обл.;4170800000000000;Аламудунский р-н;41708203000000000;825651;"ЦОВП ""АРАШАН""";"ЦЕНТР ОБЩЕВРАЧЕБНОЙ ПРАКТИКИ ""АРАШАН""";33;218;312;530;144;143;287;151;221;372;118;165;283
Чуйская обл.;4170800000000000;Аламудунский р-н;41708203000000000;825651;"ЦОВП ""АРАШАН""";"ЦЕНТР ОБЩЕВРАЧЕБНОЙ ПРАКТИКИ ""АРАШАН""";34;248;280;528;164;136;300;113;190;303;91;139;230
Чуйская обл.;4170800000000000;Аламудунский р-н;41708203000000000;825651;"ЦОВП ""АРАШАН""";"ЦЕНТР ОБЩЕВРАЧЕБНОЙ ПРАКТИКИ ""АРАШАН""";35;226;319;545;171;147;318;94;208;302;86;154;240
Чуйская обл.;4170800000000000;Аламудунский р-н;41708203000000000;825651;"ЦОВП ""АРАШАН""";"ЦЕНТР ОБЩЕВРАЧЕБНОЙ ПРАКТИКИ ""АРАШАН""";36;254;295;549;199;163;362;186;198;384;157;154;311
Чуйская обл.;4170800000000000;Аламудунский р-н;41708203000000000;825651;"ЦОВП ""АРАШАН""";"ЦЕНТР ОБЩЕВРАЧЕБНОЙ ПРАКТИКИ ""АРАШАН""";37;237;265;502;159;141;300;116;164;280;80;148;228
Чуйская обл.;4170800000000000;Аламудунский р-н;41708203000000000;825651;"ЦОВП ""АРАШАН""";"ЦЕНТР ОБЩЕВРАЧЕБНОЙ ПРАКТИКИ ""АРАШАН""";38;239;262;501;155;136;291;102;143;245;88;123;211
Чуйская обл.;4170800000000000;Аламудунский р-н;41708203000000000;825651;"ЦОВП ""АРАШАН""";"ЦЕНТР ОБЩЕВРАЧЕБНОЙ ПРАКТИКИ ""АРАШАН""";39;205;251;456;137;136;273;99;175;274;76;142;218
Чуйская обл.;4170800000000000;Аламудунский р-н;41708203000000000;825651;"ЦОВП ""АРАШАН""";"ЦЕНТР ОБЩЕВРАЧЕБНОЙ ПРАКТИКИ ""АРАШАН""";40;205;245;450;136;128;264;87;107;194;69;79;148
Чуйская обл.;4170800000000000;Аламудунский р-н;41708203000000000;825651;"ЦОВП ""АРАШАН""";"ЦЕНТР ОБЩЕВРАЧЕБНОЙ ПРАКТИКИ ""АРАШАН""";41;209;213;422;128;107;235;113;121;234;103;90;193
Чуйская обл.;4170800000000000;Аламудунский р-н;41708203000000000;825651;"ЦОВП ""АРАШАН""";"ЦЕНТР ОБЩЕВРАЧЕБНОЙ ПРАКТИКИ ""АРАШАН""";42;178;237;415;127;136;263;92;112;204;77;100;177
Чуйская обл.;4170800000000000;Аламудунский р-н;41708203000000000;825651;"ЦОВП ""АРАШАН""";"ЦЕНТР ОБЩЕВРАЧЕБНОЙ ПРАКТИКИ ""АРАШАН""";43;173;233;406;124;134;258;103;77;180;92;69;161
Чуйская обл.;4170800000000000;Аламудунский р-н;41708203000000000;825651;"ЦОВП ""АРАШАН""";"ЦЕНТР ОБЩЕВРАЧЕБНОЙ ПРАКТИКИ ""АРАШАН""";44;157;217;374;114;113;227;90;94;184;73;67;140
Чуйская обл.;4170800000000000;Аламудунский р-н;41708203000000000;825651;"ЦОВП ""АРАШАН""";"ЦЕНТР ОБЩЕВРАЧЕБНОЙ ПРАКТИКИ ""АРАШАН""";45;146;195;341;106;112;218;117;84;201;85;60;145
Чуйская обл.;4170800000000000;Аламудунский р-н;41708203000000000;825651;"ЦОВП ""АРАШАН""";"ЦЕНТР ОБЩЕВРАЧЕБНОЙ ПРАКТИКИ ""АРАШАН""";46;174;181;355;112;103;215;86;100;186;71;76;147
Чуйская обл.;4170800000000000;Аламудунский р-н;41708203000000000;825651;"ЦОВП ""АРАШАН""";"ЦЕНТР ОБЩЕВРАЧЕБНОЙ ПРАКТИКИ ""АРАШАН""";47;182;196;378;127;116;243;88;107;195;72;93;165
Чуйская обл.;4170800000000000;Аламудунский р-н;41708203000000000;825651;"ЦОВП ""АРАШАН""";"ЦЕНТР ОБЩЕВРАЧЕБНОЙ ПРАКТИКИ ""АРАШАН""";48;134;192;326;98;124;222;85;108;193;77;101;178
Чуйская обл.;4170800000000000;Аламудунский р-н;41708203000000000;825651;"ЦОВП ""АРАШАН""";"ЦЕНТР ОБЩЕВРАЧЕБНОЙ ПРАКТИКИ ""АРАШАН""";49;131;180;311;89;109;198;94;137;231;78;128;206
Чуйская обл.;4170800000000000;Аламудунский р-н;41708203000000000;825651;"ЦОВП ""АРАШАН""";"ЦЕНТР ОБЩЕВРАЧЕБНОЙ ПРАКТИКИ ""АРАШАН""";50;113;169;282;73;97;170;92;109;201;70;65;135
Чуйская обл.;4170800000000000;Аламудунский р-н;41708203000000000;825651;"ЦОВП ""АРАШАН""";"ЦЕНТР ОБЩЕВРАЧЕБНОЙ ПРАКТИКИ ""АРАШАН""";51;136;171;307;96;107;203;114;78;192;102;68;170
Чуйская обл.;4170800000000000;Аламудунский р-н;41708203000000000;825651;"ЦОВП ""АРАШАН""";"ЦЕНТР ОБЩЕВРАЧЕБНОЙ ПРАКТИКИ ""АРАШАН""";52;132;171;303;94;109;203;71;70;141;58;56;114
Чуйская обл.;4170800000000000;Аламудунский р-н;41708203000000000;825651;"ЦОВП ""АРАШАН""";"ЦЕНТР ОБЩЕВРАЧЕБНОЙ ПРАКТИКИ ""АРАШАН""";53;126;171;297;92;100;192;82;74;156;76;46;122
Чуйская обл.;4170800000000000;Аламудунский р-н;41708203000000000;825651;"ЦОВП ""АРАШАН""";"ЦЕНТР ОБЩЕВРАЧЕБНОЙ ПРАКТИКИ ""АРАШАН""";54;130;138;268;99;79;178;125;148;273;90;139;229
Чуйская обл.;4170800000000000;Аламудунский р-н;41708203000000000;825651;"ЦОВП ""АРАШАН""";"ЦЕНТР ОБЩЕВРАЧЕБНОЙ ПРАКТИКИ ""АРАШАН""";55;123;168;291;90;109;199;85;161;246;71;131;202
Чуйская обл.;4170800000000000;Аламудунский р-н;41708203000000000;825651;"ЦОВП ""АРАШАН""";"ЦЕНТР ОБЩЕВРАЧЕБНОЙ ПРАКТИКИ ""АРАШАН""";56;127;158;285;94;103;197;166;122;288;119;100;219
Чуйская обл.;4170800000000000;Аламудунский р-н;41708203000000000;825651;"ЦОВП ""АРАШАН""";"ЦЕНТР ОБЩЕВРАЧЕБНОЙ ПРАКТИКИ ""АРАШАН""";57;127;182;309;96;121;217;108;128;236;93;126;219
Чуйская обл.;4170800000000000;Аламудунский р-н;41708203000000000;825651;"ЦОВП ""АРАШАН""";"ЦЕНТР ОБЩЕВРАЧЕБНОЙ ПРАКТИКИ ""АРАШАН""";58;131;156;287;85;123;208;79;121;200;65;118;183
Чуйская обл.;4170800000000000;Аламудунский р-н;41708203000000000;825651;"ЦОВП ""АРАШАН""";"ЦЕНТР ОБЩЕВРАЧЕБНОЙ ПРАКТИКИ ""АРАШАН""";59;108;173;281;77;156;233;70;85;155;62;83;145
Чуйская обл.;4170800000000000;Аламудунский р-н;41708203000000000;825651;"ЦОВП ""АРАШАН""";"ЦЕНТР ОБЩЕВРАЧЕБНОЙ ПРАКТИКИ ""АРАШАН""";60;112;136;248;90;124;214;146;76;222;130;76;206
Чуйская обл.;4170800000000000;Аламудунский р-н;41708203000000000;825651;"ЦОВП ""АРАШАН""";"ЦЕНТР ОБЩЕВРАЧЕБНОЙ ПРАКТИКИ ""АРАШАН""";61;134;152;286;97;136;233;132;140;272;121;135;256
Чуйская обл.;4170800000000000;Аламудунский р-н;41708203000000000;825651;"ЦОВП ""АРАШАН""";"ЦЕНТР ОБЩЕВРАЧЕБНОЙ ПРАКТИКИ ""АРАШАН""";62;115;161;276;88;148;236;107;132;239;73;129;202
Чуйская обл.;4170800000000000;Аламудунский р-н;41708203000000000;825651;"ЦОВП ""АРАШАН""";"ЦЕНТР ОБЩЕВРАЧЕБНОЙ ПРАКТИКИ ""АРАШАН""";63;113;181;294;95;171;266;112;130;242;102;130;232
Чуйская обл.;4170800000000000;Аламудунский р-н;41708203000000000;825651;"ЦОВП ""АРАШАН""";"ЦЕНТР ОБЩЕВРАЧЕБНОЙ ПРАКТИКИ ""АРАШАН""";64;135;146;281;135;145;280;61;85;146;61;85;146
Чуйская обл.;4170800000000000;Аламудунский р-н;41708203000000000;825651;"ЦОВП ""АРАШАН""";"ЦЕНТР ОБЩЕВРАЧЕБНОЙ ПРАКТИКИ ""АРАШАН""";65;120;135;255;118;133;251;64;85;149;63;80;143
Чуйская обл.;4170800000000000;Аламудунский р-н;41708203000000000;825651;"ЦОВП ""АРАШАН""";"ЦЕНТР ОБЩЕВРАЧЕБНОЙ ПРАКТИКИ ""АРАШАН""";66;83;159;242;83;158;241;63;103;166;63;103;166
Чуйская обл.;4170800000000000;Аламудунский р-н;41708203000000000;825651;"ЦОВП ""АРАШАН""";"ЦЕНТР ОБЩЕВРАЧЕБНОЙ ПРАКТИКИ ""АРАШАН""";67;105;141;246;104;141;245;60;126;186;59;123;182
Чуйская обл.;4170800000000000;Аламудунский р-н;41708203000000000;825651;"ЦОВП ""АРАШАН""";"ЦЕНТР ОБЩЕВРАЧЕБНОЙ ПРАКТИКИ ""АРАШАН""";68;84;123;207;84;123;207;50;120;170;50;119;169
Чуйская обл.;4170800000000000;Аламудунский р-н;41708203000000000;825651;"ЦОВП ""АРАШАН""";"ЦЕНТР ОБЩЕВРАЧЕБНОЙ ПРАКТИКИ ""АРАШАН""";69;81;119;200;81;118;199;25;90;115;18;90;108
Чуйская обл.;4170800000000000;Аламудунский р-н;41708203000000000;825651;"ЦОВП ""АРАШАН""";"ЦЕНТР ОБЩЕВРАЧЕБНОЙ ПРАКТИКИ ""АРАШАН""";70;79;121;200;78;121;199;60;87;147;60;87;147
Чуйская обл.;4170800000000000;Аламудунский р-н;41708203000000000;825651;"ЦОВП ""АРАШАН""";"ЦЕНТР ОБЩЕВРАЧЕБНОЙ ПРАКТИКИ ""АРАШАН""";71;80;98;178;80;98;178;38;46;84;38;46;84
Чуйская обл.;4170800000000000;Аламудунский р-н;41708203000000000;825651;"ЦОВП ""АРАШАН""";"ЦЕНТР ОБЩЕВРАЧЕБНОЙ ПРАКТИКИ ""АРАШАН""";72;50;96;146;50;96;146;21;58;79;21;57;78
Чуйская обл.;4170800000000000;Аламудунский р-н;41708203000000000;825651;"ЦОВП ""АРАШАН""";"ЦЕНТР ОБЩЕВРАЧЕБНОЙ ПРАКТИКИ ""АРАШАН""";73;48;93;141;48;93;141;13;65;78;13;64;77
Чуйская обл.;4170800000000000;Аламудунский р-н;41708203000000000;825651;"ЦОВП ""АРАШАН""";"ЦЕНТР ОБЩЕВРАЧЕБНОЙ ПРАКТИКИ ""АРАШАН""";74;46;106;152;45;106;151;30;56;86;23;56;79
Чуйская обл.;4170800000000000;Аламудунский р-н;41708203000000000;825651;"ЦОВП ""АРАШАН""";"ЦЕНТР ОБЩЕВРАЧЕБНОЙ ПРАКТИКИ ""АРАШАН""";75;38;69;107;38;69;107;33;25;58;33;24;57
Чуйская обл.;4170800000000000;Аламудунский р-н;41708203000000000;825651;"ЦОВП ""АРАШАН""";"ЦЕНТР ОБЩЕВРАЧЕБНОЙ ПРАКТИКИ ""АРАШАН""";76;33;54;87;33;54;87;23;43;66;23;41;64
Чуйская обл.;4170800000000000;Аламудунский р-н;41708203000000000;825651;"ЦОВП ""АРАШАН""";"ЦЕНТР ОБЩЕВРАЧЕБНОЙ ПРАКТИКИ ""АРАШАН""";77;30;62;92;30;61;91;7;35;42;7;33;40
Чуйская обл.;4170800000000000;Аламудунский р-н;41708203000000000;825651;"ЦОВП ""АРАШАН""";"ЦЕНТР ОБЩЕВРАЧЕБНОЙ ПРАКТИКИ ""АРАШАН""";78;13;35;48;13;35;48;8;3;11;8;3;11
Чуйская обл.;4170800000000000;Аламудунский р-н;41708203000000000;825651;"ЦОВП ""АРАШАН""";"ЦЕНТР ОБЩЕВРАЧЕБНОЙ ПРАКТИКИ ""АРАШАН""";79;15;21;36;15;21;36;5;6;11;5;6;11
Чуйская обл.;4170800000000000;Аламудунский р-н;41708203000000000;825651;"ЦОВП ""АРАШАН""";"ЦЕНТР ОБЩЕВРАЧЕБНОЙ ПРАКТИКИ ""АРАШАН""";80;7;17;24;7;17;24;6;9;15;6;9;15
Чуйская обл.;4170800000000000;Аламудунский р-н;41708203000000000;825651;"ЦОВП ""АРАШАН""";"ЦЕНТР ОБЩЕВРАЧЕБНОЙ ПРАКТИКИ ""АРАШАН""";81;16;14;30;16;14;30;6;5;11;6;5;11
Чуйская обл.;4170800000000000;Аламудунский р-н;41708203000000000;825651;"ЦОВП ""АРАШАН""";"ЦЕНТР ОБЩЕВРАЧЕБНОЙ ПРАКТИКИ ""АРАШАН""";82;17;36;53;17;36;53;9;8;17;9;8;17
Чуйская обл.;4170800000000000;Аламудунский р-н;41708203000000000;825651;"ЦОВП ""АРАШАН""";"ЦЕНТР ОБЩЕВРАЧЕБНОЙ ПРАКТИКИ ""АРАШАН""";83;22;26;48;22;26;48;25;12;37;25;12;37
Чуйская обл.;4170800000000000;Аламудунский р-н;41708203000000000;825651;"ЦОВП ""АРАШАН""";"ЦЕНТР ОБЩЕВРАЧЕБНОЙ ПРАКТИКИ ""АРАШАН""";84;10;25;35;10;25;35;6;7;13;6;7;13
Чуйская обл.;4170800000000000;Аламудунский р-н;41708203000000000;825651;"ЦОВП ""АРАШАН""";"ЦЕНТР ОБЩЕВРАЧЕБНОЙ ПРАКТИКИ ""АРАШАН""";85;14;32;46;13;32;45;8;13;21;6;13;19
Чуйская обл.;4170800000000000;Аламудунский р-н;41708203000000000;825651;"ЦОВП ""АРАШАН""";"ЦЕНТР ОБЩЕВРАЧЕБНОЙ ПРАКТИКИ ""АРАШАН""";86;12;32;44;12;32;44;7;10;17;7;10;17
Чуйская обл.;4170800000000000;Аламудунский р-н;41708203000000000;825651;"ЦОВП ""АРАШАН""";"ЦЕНТР ОБЩЕВРАЧЕБНОЙ ПРАКТИКИ ""АРАШАН""";87;10;21;31;10;21;31;0;4;4;0;4;4
Чуйская обл.;4170800000000000;Аламудунский р-н;41708203000000000;825651;"ЦОВП ""АРАШАН""";"ЦЕНТР ОБЩЕВРАЧЕБНОЙ ПРАКТИКИ ""АРАШАН""";88;7;17;24;7;17;24;0;2;2;0;2;2
Чуйская обл.;4170800000000000;Аламудунский р-н;41708203000000000;825651;"ЦОВП ""АРАШАН""";"ЦЕНТР ОБЩЕВРАЧЕБНОЙ ПРАКТИКИ ""АРАШАН""";89;4;13;17;4;13;17;1;5;6;1;5;6
Чуйская обл.;4170800000000000;Аламудунский р-н;41708203000000000;825651;"ЦОВП ""АРАШАН""";"ЦЕНТР ОБЩЕВРАЧЕБНОЙ ПРАКТИКИ ""АРАШАН""";90;2;12;14;2;12;14;2;2;4;2;2;4
Баткенская обл.;4170500000000000;Лейлекский р-н;41705236000000000;512941;"ЦОВП ""КУЛУНДА""";"ЦЕНТР ОБЩЕВРАЧЕБНОЙ ПРАКТИКИ ""КУЛУНДА""";0;189;173;362;189;173;362;968;871;1839;968;871;1839
Баткенская обл.;4170500000000000;Лейлекский р-н;41705236000000000;512941;"ЦОВП ""КУЛУНДА""";"ЦЕНТР ОБЩЕВРАЧЕБНОЙ ПРАКТИКИ ""КУЛУНДА""";1;474;449;923;474;449;923;631;481;1112;631;481;1112
Баткенская обл.;4170500000000000;Лейлекский р-н;41705236000000000;512941;"ЦОВП ""КУЛУНДА""";"ЦЕНТР ОБЩЕВРАЧЕБНОЙ ПРАКТИКИ ""КУЛУНДА""";2;548;509;1057;548;509;1057;550;429;979;550;429;979
Баткенская обл.;4170500000000000;Лейлекский р-н;41705236000000000;512941;"ЦОВП ""КУЛУНДА""";"ЦЕНТР ОБЩЕВРАЧЕБНОЙ ПРАКТИКИ ""КУЛУНДА""";3;549;602;1151;549;602;1151;398;328;726;398;328;726
Баткенская обл.;4170500000000000;Лейлекский р-н;41705236000000000;512941;"ЦОВП ""КУЛУНДА""";"ЦЕНТР ОБЩЕВРАЧЕБНОЙ ПРАКТИКИ ""КУЛУНДА""";4;579;609;1188;579;609;1188;365;320;685;365;320;685
Баткенская обл.;4170500000000000;Лейлекский р-н;41705236000000000;512941;"ЦОВП ""КУЛУНДА""";"ЦЕНТР ОБЩЕВРАЧЕБНОЙ ПРАКТИКИ ""КУЛУНДА""";5;521;575;1096;521;575;1096;294;298;592;294;298;592
Баткенская обл.;4170500000000000;Лейлекский р-н;41705236000000000;512941;"ЦОВП ""КУЛУНДА""";"ЦЕНТР ОБЩЕВРАЧЕБНОЙ ПРАКТИКИ ""КУЛУНДА""";6;493;747;1240;493;747;1240;266;325;591;266;325;591
Баткенская обл.;4170500000000000;Лейлекский р-н;41705236000000000;512941;"ЦОВП ""КУЛУНДА""";"ЦЕНТР ОБЩЕВРАЧЕБНОЙ ПРАКТИКИ ""КУЛУНДА""";7;486;893;1379;486;893;1379;147;144;291;147;144;291
Баткенская обл.;4170500000000000;Лейлекский р-н;41705236000000000;512941;"ЦОВП ""КУЛУНДА""";"ЦЕНТР ОБЩЕВРАЧЕБНОЙ ПРАКТИКИ ""КУЛУНДА""";8;448;802;1250;448;802;1250;104;129;233;104;129;233
Баткенская обл.;4170500000000000;Лейлекский р-н;41705236000000000;512941;"ЦОВП ""КУЛУНДА""";"ЦЕНТР ОБЩЕВРАЧЕБНОЙ ПРАКТИКИ ""КУЛУНДА""";9;457;890;1347;457;890;1347;136;139;275;136;139;275
Баткенская обл.;4170500000000000;Лейлекский р-н;41705236000000000;512941;"ЦОВП ""КУЛУНДА""";"ЦЕНТР ОБЩЕВРАЧЕБНОЙ ПРАКТИКИ ""КУЛУНДА""";10;476;1054;1530;476;1054;1530;142;97;239;142;97;239
Баткенская обл.;4170500000000000;Лейлекский р-н;41705236000000000;512941;"ЦОВП ""КУЛУНДА""";"ЦЕНТР ОБЩЕВРАЧЕБНОЙ ПРАКТИКИ ""КУЛУНДА""";11;464;984;1448;464;984;1448;143;170;313;143;170;313
Баткенская обл.;4170500000000000;Лейлекский р-н;41705236000000000;512941;"ЦОВП ""КУЛУНДА""";"ЦЕНТР ОБЩЕВРАЧЕБНОЙ ПРАКТИКИ ""КУЛУНДА""";12;466;966;1432;466;966;1432;100;137;237;100;137;237
Баткенская обл.;4170500000000000;Лейлекский р-н;41705236000000000;512941;"ЦОВП ""КУЛУНДА""";"ЦЕНТР ОБЩЕВРАЧЕБНОЙ ПРАКТИКИ ""КУЛУНДА""";13;467;857;1324;467;857;1324;192;160;352;192;160;352
Баткенская обл.;4170500000000000;Лейлекский р-н;41705236000000000;512941;"ЦОВП ""КУЛУНДА""";"ЦЕНТР ОБЩЕВРАЧЕБНОЙ ПРАКТИКИ ""КУЛУНДА""";14;463;861;1324;463;861;1324;290;262;552;290;262;552
Баткенская обл.;4170500000000000;Лейлекский р-н;41705236000000000;512941;"ЦОВП ""КУЛУНДА""";"ЦЕНТР ОБЩЕВРАЧЕБНОЙ ПРАКТИКИ ""КУЛУНДА""";15;445;814;1259;445;814;1259;461;385;846;461;385;846
Баткенская обл.;4170500000000000;Лейлекский р-н;41705236000000000;512941;"ЦОВП ""КУЛУНДА""";"ЦЕНТР ОБЩЕВРАЧЕБНОЙ ПРАКТИКИ ""КУЛУНДА""";16;388;624;1012;388;624;1012;291;361;652;290;358;648
Баткенская обл.;4170500000000000;Лейлекский р-н;41705236000000000;512941;"ЦОВП ""КУЛУНДА""";"ЦЕНТР ОБЩЕВРАЧЕБНОЙ ПРАКТИКИ ""КУЛУНДА""";17;394;668;1062;369;644;1013;294;382;676;247;354;601
Баткенская обл.;4170500000000000;Лейлекский р-н;41705236000000000;512941;"ЦОВП ""КУЛУНДА""";"ЦЕНТР ОБЩЕВРАЧЕБНОЙ ПРАКТИКИ ""КУЛУНДА""";18;325;523;848;310;502;812;204;439;643;157;318;475
Баткенская обл.;4170500000000000;Лейлекский р-н;41705236000000000;512941;"ЦОВП ""КУЛУНДА""";"ЦЕНТР ОБЩЕВРАЧЕБНОЙ ПРАКТИКИ ""КУЛУНДА""";19;295;558;853;66;346;412;133;353;486;22;50;72
Баткенская обл.;4170500000000000;Лейлекский р-н;41705236000000000;512941;"ЦОВП ""КУЛУНДА""";"ЦЕНТР ОБЩЕВРАЧЕБНОЙ ПРАКТИКИ ""КУЛУНДА""";20;350;470;820;14;221;235;93;306;399;3;28;31
Баткенская обл.;4170500000000000;Лейлекский р-н;41705236000000000;512941;"ЦОВП ""КУЛУНДА""";"ЦЕНТР ОБЩЕВРАЧЕБНОЙ ПРАКТИКИ ""КУЛУНДА""";21;288;432;720;9;129;138;81;289;370;4;56;60
Баткенская обл.;4170500000000000;Лейлекский р-н;41705236000000000;512941;"ЦОВП ""КУЛУНДА""";"ЦЕНТР ОБЩЕВРАЧЕБНОЙ ПРАКТИКИ ""КУЛУНДА""";22;320;420;740;3;27;30;76;243;319;2;42;44
Баткенская обл.;4170500000000000;Лейлекский р-н;41705236000000000;512941;"ЦОВП ""КУЛУНДА""";"ЦЕНТР ОБЩЕВРАЧЕБНОЙ ПРАКТИКИ ""КУЛУНДА""";23;303;485;788;12;42;54;83;280;363;12;67;79
Баткенская обл.;4170500000000000;Лейлекский р-н;41705236000000000;512941;"ЦОВП ""КУЛУНДА""";"ЦЕНТР ОБЩЕВРАЧЕБНОЙ ПРАКТИКИ ""КУЛУНДА""";24;328;472;800;13;66;79;72;232;304;12;94;106
Баткенская обл.;4170500000000000;Лейлекский р-н;41705236000000000;512941;"ЦОВП ""КУЛУНДА""";"ЦЕНТР ОБЩЕВРАЧЕБНОЙ ПРАКТИКИ ""КУЛУНДА""";25;347;492;839;25;101;126;76;373;449;4;183;187
Баткенская обл.;4170500000000000;Лейлекский р-н;41705236000000000;512941;"ЦОВП ""КУЛУНДА""";"ЦЕНТР ОБЩЕВРАЧЕБНОЙ ПРАКТИКИ ""КУЛУНДА""";26;333;485;818;23;96;119;116;327;443;14;140;154
Баткенская обл.;4170500000000000;Лейлекский р-н;41705236000000000;512941;"ЦОВП ""КУЛУНДА""";"ЦЕНТР ОБЩЕВРАЧЕБНОЙ ПРАКТИКИ ""КУЛУНДА""";27;352;413;765;38;95;133;78;250;328;16;117;133
Баткенская обл.;4170500000000000;Лейлекский р-н;41705236000000000;512941;"ЦОВП ""КУЛУНДА""";"ЦЕНТР ОБЩЕВРАЧЕБНОЙ ПРАКТИКИ ""КУЛУНДА""";28;360;402;762;44;118;162;70;237;307;22;139;161
Баткенская обл.;4170500000000000;Лейлекский р-н;41705236000000000;512941;"ЦОВП ""КУЛУНДА""";"ЦЕНТР ОБЩЕВРАЧЕБНОЙ ПРАКТИКИ ""КУЛУНДА""";29;370;397;767;63;137;200;76;340;416;37;171;208
Баткенская обл.;4170500000000000;Лейлекский р-н;41705236000000000;512941;"ЦОВП ""КУЛУНДА""";"ЦЕНТР ОБЩЕВРАЧЕБНОЙ ПРАКТИКИ ""КУЛУНДА""";30;377;407;784;139;177;316;94;265;359;50;175;225
Баткенская обл.;4170500000000000;Лейлекский р-н;41705236000000000;512941;"ЦОВП ""КУЛУНДА""";"ЦЕНТР ОБЩЕВРАЧЕБНОЙ ПРАКТИКИ ""КУЛУНДА""";31;334;343;677;163;180;343;66;262;328;37;185;222
Баткенская обл.;4170500000000000;Лейлекский р-н;41705236000000000;512941;"ЦОВП ""КУЛУНДА""";"ЦЕНТР ОБЩЕВРАЧЕБНОЙ ПРАКТИКИ ""КУЛУНДА""";32;344;355;699;173;176;349;74;280;354;47;207;254
Баткенская обл.;4170500000000000;Лейлекский р-н;41705236000000000;512941;"ЦОВП ""КУЛУНДА""";"ЦЕНТР ОБЩЕВРАЧЕБНОЙ ПРАКТИКИ ""КУЛУНДА""";33;385;369;754;213;201;414;109;333;442;71;259;330
Баткенская обл.;4170500000000000;Лейлекский р-н;41705236000000000;512941;"ЦОВП ""КУЛУНДА""";"ЦЕНТР ОБЩЕВРАЧЕБНОЙ ПРАКТИКИ ""КУЛУНДА""";34;363;352;715;182;187;369;65;287;352;38;237;275
Баткенская обл.;4170500000000000;Лейлекский р-н;41705236000000000;512941;"ЦОВП ""КУЛУНДА""";"ЦЕНТР ОБЩЕВРАЧЕБНОЙ ПРАКТИКИ ""КУЛУНДА""";35;328;366;694;185;236;421;68;296;364;43;227;270
Баткенская обл.;4170500000000000;Лейлекский р-н;41705236000000000;512941;"ЦОВП ""КУЛУНДА""";"ЦЕНТР ОБЩЕВРАЧЕБНОЙ ПРАКТИКИ ""КУЛУНДА""";36;327;392;719;181;240;421;74;271;345;44;216;260
Баткенская обл.;4170500000000000;Лейлекский р-н;41705236000000000;512941;"ЦОВП ""КУЛУНДА""";"ЦЕНТР ОБЩЕВРАЧЕБНОЙ ПРАКТИКИ ""КУЛУНДА""";37;374;358;732;207;224;431;79;238;317;54;181;235
Баткенская обл.;4170500000000000;Лейлекский р-н;41705236000000000;512941;"ЦОВП ""КУЛУНДА""";"ЦЕНТР ОБЩЕВРАЧЕБНОЙ ПРАКТИКИ ""КУЛУНДА""";38;343;335;678;188;203;391;80;231;311;50;198;248
Баткенская обл.;4170500000000000;Лейлекский р-н;41705236000000000;512941;"ЦОВП ""КУЛУНДА""";"ЦЕНТР ОБЩЕВРАЧЕБНОЙ ПРАКТИКИ ""КУЛУНДА""";39;346;366;712;185;218;403;77;199;276;51;147;198
Баткенская обл.;4170500000000000;Лейлекский р-н;41705236000000000;512941;"ЦОВП ""КУЛУНДА""";"ЦЕНТР ОБЩЕВРАЧЕБНОЙ ПРАКТИКИ ""КУЛУНДА""";40;286;362;648;170;226;396;67;210;277;54;148;202
Баткенская обл.;4170500000000000;Лейлекский р-н;41705236000000000;512941;"ЦОВП ""КУЛУНДА""";"ЦЕНТР ОБЩЕВРАЧЕБНОЙ ПРАКТИКИ ""КУЛУНДА""";41;321;272;593;187;161;348;66;140;206;39;110;149
Баткенская обл.;4170500000000000;Лейлекский р-н;41705236000000000;512941;"ЦОВП ""КУЛУНДА""";"ЦЕНТР ОБЩЕВРАЧЕБНОЙ ПРАКТИКИ ""КУЛУНДА""";42;289;278;567;167;172;339;70;153;223;52;113;165
Баткенская обл.;4170500000000000;Лейлекский р-н;41705236000000000;512941;"ЦОВП ""КУЛУНДА""";"ЦЕНТР ОБЩЕВРАЧЕБНОЙ ПРАКТИКИ ""КУЛУНДА""";43;265;306;571;146;173;319;73;167;240;48;120;168
Баткенская обл.;4170500000000000;Лейлекский р-н;41705236000000000;512941;"ЦОВП ""КУЛУНДА""";"ЦЕНТР ОБЩЕВРАЧЕБНОЙ ПРАКТИКИ ""КУЛУНДА""";44;258;261;519;149;160;309;98;140;238;60;98;158
Баткенская обл.;4170500000000000;Лейлекский р-н;41705236000000000;512941;"ЦОВП ""КУЛУНДА""";"ЦЕНТР ОБЩЕВРАЧЕБНОЙ ПРАКТИКИ ""КУЛУНДА""";45;232;270;502;125;142;267;36;125;161;22;79;101
Баткенская обл.;4170500000000000;Лейлекский р-н;41705236000000000;512941;"ЦОВП ""КУЛУНДА""";"ЦЕНТР ОБЩЕВРАЧЕБНОЙ ПРАКТИКИ ""КУЛУНДА""";46;239;216;455;134;116;250;56;135;191;34;95;129
Баткенская обл.;4170500000000000;Лейлекский р-н;41705236000000000;512941;"ЦОВП ""КУЛУНДА""";"ЦЕНТР ОБЩЕВРАЧЕБНОЙ ПРАКТИКИ ""КУЛУНДА""";47;224;245;469;126;146;272;59;125;184;44;96;140
Баткенская обл.;4170500000000000;Лейлекский р-н;41705236000000000;512941;"ЦОВП ""КУЛУНДА""";"ЦЕНТР ОБЩЕВРАЧЕБНОЙ ПРАКТИКИ ""КУЛУНДА""";48;203;274;477;112;128;240;80;144;224;49;98;147
Баткенская обл.;4170500000000000;Лейлекский р-н;41705236000000000;512941;"ЦОВП ""КУЛУНДА""";"ЦЕНТР ОБЩЕВРАЧЕБНОЙ ПРАКТИКИ ""КУЛУНДА""";49;231;226;457;116;124;240;91;152;243;59;120;179
Баткенская обл.;4170500000000000;Лейлекский р-н;41705236000000000;512941;"ЦОВП ""КУЛУНДА""";"ЦЕНТР ОБЩЕВРАЧЕБНОЙ ПРАКТИКИ ""КУЛУНДА""";50;223;270;493;109;161;270;93;172;265;56;120;176
Баткенская обл.;4170500000000000;Лейлекский р-н;41705236000000000;512941;"ЦОВП ""КУЛУНДА""";"ЦЕНТР ОБЩЕВРАЧЕБНОЙ ПРАКТИКИ ""КУЛУНДА""";51;206;234;440;98;124;222;96;136;232;68;102;170
Баткенская обл.;4170500000000000;Лейлекский р-н;41705236000000000;512941;"ЦОВП ""КУЛУНДА""";"ЦЕНТР ОБЩЕВРАЧЕБНОЙ ПРАКТИКИ ""КУЛУНДА""";52;193;204;397;89;112;201;84;160;244;37;121;158
Баткенская обл.;4170500000000000;Лейлекский р-н;41705236000000000;512941;"ЦОВП ""КУЛУНДА""";"ЦЕНТР ОБЩЕВРАЧЕБНОЙ ПРАКТИКИ ""КУЛУНДА""";53;196;213;409;101;120;221;61;161;222;39;133;172
Баткенская обл.;4170500000000000;Лейлекский р-н;41705236000000000;512941;"ЦОВП ""КУЛУНДА""";"ЦЕНТР ОБЩЕВРАЧЕБНОЙ ПРАКТИКИ ""КУЛУНДА""";54;207;218;425;112;131;243;111;119;230;76;90;166
Баткенская обл.;4170500000000000;Лейлекский р-н;41705236000000000;512941;"ЦОВП ""КУЛУНДА""";"ЦЕНТР ОБЩЕВРАЧЕБНОЙ ПРАКТИКИ ""КУЛУНДА""";55;189;219;408;120;120;240;99;138;237;66;97;163
Баткенская обл.;4170500000000000;Лейлекский р-н;41705236000000000;512941;"ЦОВП ""КУЛУНДА""";"ЦЕНТР ОБЩЕВРАЧЕБНОЙ ПРАКТИКИ ""КУЛУНДА""";56;155;219;374;89;128;217;82;138;220;66;94;160
Баткенская обл.;4170500000000000;Лейлекский р-н;41705236000000000;512941;"ЦОВП ""КУЛУНДА""";"ЦЕНТР ОБЩЕВРАЧЕБНОЙ ПРАКТИКИ ""КУЛУНДА""";57;196;214;410;121;126;247;110;161;271;79;131;210
Баткенская обл.;4170500000000000;Лейлекский р-н;41705236000000000;512941;"ЦОВП ""КУЛУНДА""";"ЦЕНТР ОБЩЕВРАЧЕБНОЙ ПРАКТИКИ ""КУЛУНДА""";58;168;209;377;105;134;239;98;144;242;79;116;195
Баткенская обл.;4170500000000000;Лейлекский р-н;41705236000000000;512941;"ЦОВП ""КУЛУНДА""";"ЦЕНТР ОБЩЕВРАЧЕБНОЙ ПРАКТИКИ ""КУЛУНДА""";59;173;219;392;126;158;284;99;73;172;87;63;150
Баткенская обл.;4170500000000000;Лейлекский р-н;41705236000000000;512941;"ЦОВП ""КУЛУНДА""";"ЦЕНТР ОБЩЕВРАЧЕБНОЙ ПРАКТИКИ ""КУЛУНДА""";60;169;194;363;129;147;276;107;124;231;84;93;177
Баткенская обл.;4170500000000000;Лейлекский р-н;41705236000000000;512941;"ЦОВП ""КУЛУНДА""";"ЦЕНТР ОБЩЕВРАЧЕБНОЙ ПРАКТИКИ ""КУЛУНДА""";61;176;213;389;126;171;297;122;158;280;91;142;233
Баткенская обл.;4170500000000000;Лейлекский р-н;41705236000000000;512941;"ЦОВП ""КУЛУНДА""";"ЦЕНТР ОБЩЕВРАЧЕБНОЙ ПРАКТИКИ ""КУЛУНДА""";62;150;213;363;109;185;294;52;167;219;41;161;202
Баткенская обл.;4170500000000000;Лейлекский р-н;41705236000000000;512941;"ЦОВП ""КУЛУНДА""";"ЦЕНТР ОБЩЕВРАЧЕБНОЙ ПРАКТИКИ ""КУЛУНДА""";63;157;179;336;112;155;267;96;141;237;81;125;206
Баткенская обл.;4170500000000000;Лейлекский р-н;41705236000000000;512941;"ЦОВП ""КУЛУНДА""";"ЦЕНТР ОБЩЕВРАЧЕБНОЙ ПРАКТИКИ ""КУЛУНДА""";64;162;193;355;145;186;331;67;130;197;62;127;189
Баткенская обл.;4170500000000000;Лейлекский р-н;41705236000000000;512941;"ЦОВП ""КУЛУНДА""";"ЦЕНТР ОБЩЕВРАЧЕБНОЙ ПРАКТИКИ ""КУЛУНДА""";65;139;169;308;125;161;286;88;141;229;80;139;219
Баткенская обл.;4170500000000000;Лейлекский р-н;41705236000000000;512941;"ЦОВП ""КУЛУНДА""";"ЦЕНТР ОБЩЕВРАЧЕБНОЙ ПРАКТИКИ ""КУЛУНДА""";66;126;169;295;122;163;285;61;154;215;59;141;200
Баткенская обл.;4170500000000000;Лейлекский р-н;41705236000000000;512941;"ЦОВП ""КУЛУНДА""";"ЦЕНТР ОБЩЕВРАЧЕБНОЙ ПРАКТИКИ ""КУЛУНДА""";67;107;148;255;100;141;241;74;108;182;74;103;177
Баткенская обл.;4170500000000000;Лейлекский р-н;41705236000000000;512941;"ЦОВП ""КУЛУНДА""";"ЦЕНТР ОБЩЕВРАЧЕБНОЙ ПРАКТИКИ ""КУЛУНДА""";68;115;128;243;110;122;232;80;88;168;74;71;145
Баткенская обл.;4170500000000000;Лейлекский р-н;41705236000000000;512941;"ЦОВП ""КУЛУНДА""";"ЦЕНТР ОБЩЕВРАЧЕБНОЙ ПРАКТИКИ ""КУЛУНДА""";69;75;108;183;69;105;174;40;113;153;40;112;152
Баткенская обл.;4170500000000000;Лейлекский р-н;41705236000000000;512941;"ЦОВП ""КУЛУНДА""";"ЦЕНТР ОБЩЕВРАЧЕБНОЙ ПРАКТИКИ ""КУЛУНДА""";70;88;119;207;83;118;201;24;57;81;21;57;78
Баткенская обл.;4170500000000000;Лейлекский р-н;41705236000000000;512941;"ЦОВП ""КУЛУНДА""";"ЦЕНТР ОБЩЕВРАЧЕБНОЙ ПРАКТИКИ ""КУЛУНДА""";71;64;88;152;63;86;149;54;83;137;43;78;121
Баткенская обл.;4170500000000000;Лейлекский р-н;41705236000000000;512941;"ЦОВП ""КУЛУНДА""";"ЦЕНТР ОБЩЕВРАЧЕБНОЙ ПРАКТИКИ ""КУЛУНДА""";72;77;96;173;73;95;168;64;77;141;60;72;132
Баткенская обл.;4170500000000000;Лейлекский р-н;41705236000000000;512941;"ЦОВП ""КУЛУНДА""";"ЦЕНТР ОБЩЕВРАЧЕБНОЙ ПРАКТИКИ ""КУЛУНДА""";73;42;83;125;41;82;123;24;83;107;18;82;100
Баткенская обл.;4170500000000000;Лейлекский р-н;41705236000000000;512941;"ЦОВП ""КУЛУНДА""";"ЦЕНТР ОБЩЕВРАЧЕБНОЙ ПРАКТИКИ ""КУЛУНДА""";74;61;99;160;57;98;155;53;73;126;50;73;123
Баткенская обл.;4170500000000000;Лейлекский р-н;41705236000000000;512941;"ЦОВП ""КУЛУНДА""";"ЦЕНТР ОБЩЕВРАЧЕБНОЙ ПРАКТИКИ ""КУЛУНДА""";75;43;69;112;43;68;111;28;28;56;28;25;53
Баткенская обл.;4170500000000000;Лейлекский р-н;41705236000000000;512941;"ЦОВП ""КУЛУНДА""";"ЦЕНТР ОБЩЕВРАЧЕБНОЙ ПРАКТИКИ ""КУЛУНДА""";76;38;59;97;38;58;96;29;62;91;29;61;90
Баткенская обл.;4170500000000000;Лейлекский р-н;41705236000000000;512941;"ЦОВП ""КУЛУНДА""";"ЦЕНТР ОБЩЕВРАЧЕБНОЙ ПРАКТИКИ ""КУЛУНДА""";77;28;61;89;27;60;87;40;45;85;36;44;80
Баткенская обл.;4170500000000000;Лейлекский р-н;41705236000000000;512941;"ЦОВП ""КУЛУНДА""";"ЦЕНТР ОБЩЕВРАЧЕБНОЙ ПРАКТИКИ ""КУЛУНДА""";78;17;42;59;16;39;55;22;43;65;20;33;53
Баткенская обл.;4170500000000000;Лейлекский р-н;41705236000000000;512941;"ЦОВП ""КУЛУНДА""";"ЦЕНТР ОБЩЕВРАЧЕБНОЙ ПРАКТИКИ ""КУЛУНДА""";79;13;30;43;13;29;42;8;8;16;8;8;16
Баткенская обл.;4170500000000000;Лейлекский р-н;41705236000000000;512941;"ЦОВП ""КУЛУНДА""";"ЦЕНТР ОБЩЕВРАЧЕБНОЙ ПРАКТИКИ ""КУЛУНДА""";80;23;22;45;22;22;44;7;13;20;7;13;20
Баткенская обл.;4170500000000000;Лейлекский р-н;41705236000000000;512941;"ЦОВП ""КУЛУНДА""";"ЦЕНТР ОБЩЕВРАЧЕБНОЙ ПРАКТИКИ ""КУЛУНДА""";81;11;28;39;11;27;38;19;14;33;19;14;33
Баткенская обл.;4170500000000000;Лейлекский р-н;41705236000000000;512941;"ЦОВП ""КУЛУНДА""";"ЦЕНТР ОБЩЕВРАЧЕБНОЙ ПРАКТИКИ ""КУЛУНДА""";82;42;33;75;41;32;73;30;15;45;30;15;45
Баткенская обл.;4170500000000000;Лейлекский р-н;41705236000000000;512941;"ЦОВП ""КУЛУНДА""";"ЦЕНТР ОБЩЕВРАЧЕБНОЙ ПРАКТИКИ ""КУЛУНДА""";83;18;34;52;18;34;52;23;15;38;21;15;36
Баткенская обл.;4170500000000000;Лейлекский р-н;41705236000000000;512941;"ЦОВП ""КУЛУНДА""";"ЦЕНТР ОБЩЕВРАЧЕБНОЙ ПРАКТИКИ ""КУЛУНДА""";84;24;61;85;24;60;84;21;18;39;18;18;36
Баткенская обл.;4170500000000000;Лейлекский р-н;41705236000000000;512941;"ЦОВП ""КУЛУНДА""";"ЦЕНТР ОБЩЕВРАЧЕБНОЙ ПРАКТИКИ ""КУЛУНДА""";85;19;39;58;19;38;57;24;17;41;24;16;40
Баткенская обл.;4170500000000000;Лейлекский р-н;41705236000000000;512941;"ЦОВП ""КУЛУНДА""";"ЦЕНТР ОБЩЕВРАЧЕБНОЙ ПРАКТИКИ ""КУЛУНДА""";86;14;28;42;14;28;42;7;12;19;7;12;19
Баткенская обл.;4170500000000000;Лейлекский р-н;41705236000000000;512941;"ЦОВП ""КУЛУНДА""";"ЦЕНТР ОБЩЕВРАЧЕБНОЙ ПРАКТИКИ ""КУЛУНДА""";87;9;36;45;9;36;45;11;9;20;11;9;20
Баткенская обл.;4170500000000000;Лейлекский р-н;41705236000000000;512941;"ЦОВП ""КУЛУНДА""";"ЦЕНТР ОБЩЕВРАЧЕБНОЙ ПРАКТИКИ ""КУЛУНДА""";88;10;36;46;10;36;46;2;15;17;2;15;17
Баткенская обл.;4170500000000000;Лейлекский р-н;41705236000000000;512941;"ЦОВП ""КУЛУНДА""";"ЦЕНТР ОБЩЕВРАЧЕБНОЙ ПРАКТИКИ ""КУЛУНДА""";89;3;40;43;3;39;42;2;5;7;2;3;5
Баткенская обл.;4170500000000000;Лейлекский р-н;41705236000000000;512941;"ЦОВП ""КУЛУНДА""";"ЦЕНТР ОБЩЕВРАЧЕБНОЙ ПРАКТИКИ ""КУЛУНДА""";90;16;19;35;16;19;35;1;5;6;1;5;6
Баткенская обл.;4170500000000000;Лейлекский р-н;41705236000000000;512941;"ЦОВП ""КУЛУНДА""";"ЦЕНТР ОБЩЕВРАЧЕБНОЙ ПРАКТИКИ ""КУЛУНДА""";91;6;14;20;6;12;18;1;4;5;1;4;5
Баткенская обл.;4170500000000000;Лейлекский р-н;41705236000000000;512941;"ЦОВП ""КУЛУНДА""";"ЦЕНТР ОБЩЕВРАЧЕБНОЙ ПРАКТИКИ ""КУЛУНДА""";92;7;31;38;7;31;38;1;1;2;0;1;1
Баткенская обл.;4170500000000000;Лейлекский р-н;41705236000000000;512941;"ЦОВП ""КУЛУНДА""";"ЦЕНТР ОБЩЕВРАЧЕБНОЙ ПРАКТИКИ ""КУЛУНДА""";93;8;19;27;7;19;26;12;1;13;7;1;8
Баткенская обл.;4170500000000000;Лейлекский р-н;41705236000000000;512941;"ЦОВП ""КУЛУНДА""";"ЦЕНТР ОБЩЕВРАЧЕБНОЙ ПРАКТИКИ ""КУЛУНДА""";94;6;26;32;6;26;32;0;3;3;0;3;3
Баткенская обл.;4170500000000000;Лейлекский р-н;41705236000000000;512941;"ЦОВП ""КУЛУНДА""";"ЦЕНТР ОБЩЕВРАЧЕБНОЙ ПРАКТИКИ ""КУЛУНДА""";99;0;1;1;0;1;1;1;0;1;1;0;1
Джалал-Абадская обл.;4170300000000000;Майлуу-Суу г.;41703430000000000;306221;"ЦОВП ""МАЙЛУУ-СУУ""";МАЙЛУУ-СУУЙСКИЙ ЦЕНТР ОБЩЕВРАЧЕБНОЙ ПРАКТИКИ;0;149;164;313;149;164;313;2154;2431;4585;2154;2431;4585
Джалал-Абадская обл.;4170300000000000;Майлуу-Суу г.;41703430000000000;306221;"ЦОВП ""МАЙЛУУ-СУУ""";МАЙЛУУ-СУУЙСКИЙ ЦЕНТР ОБЩЕВРАЧЕБНОЙ ПРАКТИКИ;1;203;220;423;203;220;423;999;1121;2120;999;1121;2120
Джалал-Абадская обл.;4170300000000000;Майлуу-Суу г.;41703430000000000;306221;"ЦОВП ""МАЙЛУУ-СУУ""";МАЙЛУУ-СУУЙСКИЙ ЦЕНТР ОБЩЕВРАЧЕБНОЙ ПРАКТИКИ;2;251;235;486;251;235;486;1037;1069;2106;1037;1069;2106
Джалал-Абадская обл.;4170300000000000;Майлуу-Суу г.;41703430000000000;306221;"ЦОВП ""МАЙЛУУ-СУУ""";МАЙЛУУ-СУУЙСКИЙ ЦЕНТР ОБЩЕВРАЧЕБНОЙ ПРАКТИКИ;3;272;273;545;272;273;545;1220;1043;2263;1220;1043;2263
Джалал-Абадская обл.;4170300000000000;Майлуу-Суу г.;41703430000000000;306221;"ЦОВП ""МАЙЛУУ-СУУ""";МАЙЛУУ-СУУЙСКИЙ ЦЕНТР ОБЩЕВРАЧЕБНОЙ ПРАКТИКИ;4;248;240;488;248;240;488;919;681;1600;919;681;1600
Джалал-Абадская обл.;4170300000000000;Майлуу-Суу г.;41703430000000000;306221;"ЦОВП ""МАЙЛУУ-СУУ""";МАЙЛУУ-СУУЙСКИЙ ЦЕНТР ОБЩЕВРАЧЕБНОЙ ПРАКТИКИ;5;275;241;516;275;241;516;1072;760;1832;1072;760;1832
Джалал-Абадская обл.;4170300000000000;Майлуу-Суу г.;41703430000000000;306221;"ЦОВП ""МАЙЛУУ-СУУ""";МАЙЛУУ-СУУЙСКИЙ ЦЕНТР ОБЩЕВРАЧЕБНОЙ ПРАКТИКИ;6;281;259;540;281;259;540;907;874;1781;907;874;1781
Джалал-Абадская обл.;4170300000000000;Майлуу-Суу г.;41703430000000000;306221;"ЦОВП ""МАЙЛУУ-СУУ""";МАЙЛУУ-СУУЙСКИЙ ЦЕНТР ОБЩЕВРАЧЕБНОЙ ПРАКТИКИ;7;249;248;497;249;248;497;357;327;684;357;327;684
Джалал-Абадская обл.;4170300000000000;Майлуу-Суу г.;41703430000000000;306221;"ЦОВП ""МАЙЛУУ-СУУ""";МАЙЛУУ-СУУЙСКИЙ ЦЕНТР ОБЩЕВРАЧЕБНОЙ ПРАКТИКИ;8;240;327;567;240;327;567;236;179;415;236;179;415
Джалал-Абадская обл.;4170300000000000;Майлуу-Суу г.;41703430000000000;306221;"ЦОВП ""МАЙЛУУ-СУУ""";МАЙЛУУ-СУУЙСКИЙ ЦЕНТР ОБЩЕВРАЧЕБНОЙ ПРАКТИКИ;9;272;291;563;272;291;563;263;257;520;263;257;520
Джалал-Абадская обл.;4170300000000000;Майлуу-Суу г.;41703430000000000;306221;"ЦОВП ""МАЙЛУУ-СУУ""";МАЙЛУУ-СУУЙСКИЙ ЦЕНТР ОБЩЕВРАЧЕБНОЙ ПРАКТИКИ;10;293;334;627;293;334;627;355;368;723;355;368;723
Джалал-Абадская обл.;4170300000000000;Майлуу-Суу г.;41703430000000000;306221;"ЦОВП ""МАЙЛУУ-СУУ""";МАЙЛУУ-СУУЙСКИЙ ЦЕНТР ОБЩЕВРАЧЕБНОЙ ПРАКТИКИ;11;250;290;540;250;290;540;706;786;1492;706;786;1492
Джалал-Абадская обл.;4170300000000000;Майлуу-Суу г.;41703430000000000;306221;"ЦОВП ""МАЙЛУУ-СУУ""";МАЙЛУУ-СУУЙСКИЙ ЦЕНТР ОБЩЕВРАЧЕБНОЙ ПРАКТИКИ;12;240;346;586;240;346;586;366;442;808;366;442;808
Джалал-Абадская обл.;4170300000000000;Майлуу-Суу г.;41703430000000000;306221;"ЦОВП ""МАЙЛУУ-СУУ""";МАЙЛУУ-СУУЙСКИЙ ЦЕНТР ОБЩЕВРАЧЕБНОЙ ПРАКТИКИ;13;240;310;550;240;310;550;788;731;1519;788;731;1519
Джалал-Абадская обл.;4170300000000000;Майлуу-Суу г.;41703430000000000;306221;"ЦОВП ""МАЙЛУУ-СУУ""";МАЙЛУУ-СУУЙСКИЙ ЦЕНТР ОБЩЕВРАЧЕБНОЙ ПРАКТИКИ;14;226;282;508;226;282;508;486;395;881;486;395;881
Джалал-Абадская обл.;4170300000000000;Майлуу-Суу г.;41703430000000000;306221;"ЦОВП ""МАЙЛУУ-СУУ""";МАЙЛУУ-СУУЙСКИЙ ЦЕНТР ОБЩЕВРАЧЕБНОЙ ПРАКТИКИ;15;207;261;468;207;261;468;1242;883;2125;1242;883;2125
Джалал-Абадская обл.;4170300000000000;Майлуу-Суу г.;41703430000000000;306221;"ЦОВП ""МАЙЛУУ-СУУ""";МАЙЛУУ-СУУЙСКИЙ ЦЕНТР ОБЩЕВРАЧЕБНОЙ ПРАКТИКИ;16;197;270;467;197;270;467;366;358;724;366;351;717
Джалал-Абадская обл.;4170300000000000;Майлуу-Суу г.;41703430000000000;306221;"ЦОВП ""МАЙЛУУ-СУУ""";МАЙЛУУ-СУУЙСКИЙ ЦЕНТР ОБЩЕВРАЧЕБНОЙ ПРАКТИКИ;17;208;261;469;207;258;465;590;535;1125;554;520;1074
Джалал-Абадская обл.;4170300000000000;Майлуу-Суу г.;41703430000000000;306221;"ЦОВП ""МАЙЛУУ-СУУ""";МАЙЛУУ-СУУЙСКИЙ ЦЕНТР ОБЩЕВРАЧЕБНОЙ ПРАКТИКИ;18;180;254;434;174;245;419;557;270;827;475;221;696
Джалал-Абадская обл.;4170300000000000;Майлуу-Суу г.;41703430000000000;306221;"ЦОВП ""МАЙЛУУ-СУУ""";МАЙЛУУ-СУУЙСКИЙ ЦЕНТР ОБЩЕВРАЧЕБНОЙ ПРАКТИКИ;19;208;225;433;97;139;236;255;341;596;71;112;183
Джалал-Абадская обл.;4170300000000000;Майлуу-Суу г.;41703430000000000;306221;"ЦОВП ""МАЙЛУУ-СУУ""";МАЙЛУУ-СУУЙСКИЙ ЦЕНТР ОБЩЕВРАЧЕБНОЙ ПРАКТИКИ;20;170;208;378;24;88;112;192;292;484;19;72;91
Джалал-Абадская обл.;4170300000000000;Майлуу-Суу г.;41703430000000000;306221;"ЦОВП ""МАЙЛУУ-СУУ""";МАЙЛУУ-СУУЙСКИЙ ЦЕНТР ОБЩЕВРАЧЕБНОЙ ПРАКТИКИ;21;123;190;313;10;58;68;122;293;415;10;104;114
Джалал-Абадская обл.;4170300000000000;Майлуу-Суу г.;41703430000000000;306221;"ЦОВП ""МАЙЛУУ-СУУ""";МАЙЛУУ-СУУЙСКИЙ ЦЕНТР ОБЩЕВРАЧЕБНОЙ ПРАКТИКИ;22;120;190;310;17;37;54;208;233;441;44;129;173
Джалал-Абадская обл.;4170300000000000;Майлуу-Суу г.;41703430000000000;306221;"ЦОВП ""МАЙЛУУ-СУУ""";МАЙЛУУ-СУУЙСКИЙ ЦЕНТР ОБЩЕВРАЧЕБНОЙ ПРАКТИКИ;23;140;227;367;22;98;120;116;208;324;14;123;137
Джалал-Абадская обл.;4170300000000000;Майлуу-Суу г.;41703430000000000;306221;"ЦОВП ""МАЙЛУУ-СУУ""";МАЙЛУУ-СУУЙСКИЙ ЦЕНТР ОБЩЕВРАЧЕБНОЙ ПРАКТИКИ;24;122;192;314;22;77;99;187;215;402;71;166;237
Джалал-Абадская обл.;4170300000000000;Майлуу-Суу г.;41703430000000000;306221;"ЦОВП ""МАЙЛУУ-СУУ""";МАЙЛУУ-СУУЙСКИЙ ЦЕНТР ОБЩЕВРАЧЕБНОЙ ПРАКТИКИ;25;131;178;309;24;67;91;125;345;470;39;247;286
Джалал-Абадская обл.;4170300000000000;Майлуу-Суу г.;41703430000000000;306221;"ЦОВП ""МАЙЛУУ-СУУ""";МАЙЛУУ-СУУЙСКИЙ ЦЕНТР ОБЩЕВРАЧЕБНОЙ ПРАКТИКИ;26;115;193;308;24;89;113;169;355;524;81;294;375
Джалал-Абадская обл.;4170300000000000;Майлуу-Суу г.;41703430000000000;306221;"ЦОВП ""МАЙЛУУ-СУУ""";МАЙЛУУ-СУУЙСКИЙ ЦЕНТР ОБЩЕВРАЧЕБНОЙ ПРАКТИКИ;27;146;156;302;63;70;133;219;372;591;139;252;391
Джалал-Абадская обл.;4170300000000000;Майлуу-Суу г.;41703430000000000;306221;"ЦОВП ""МАЙЛУУ-СУУ""";МАЙЛУУ-СУУЙСКИЙ ЦЕНТР ОБЩЕВРАЧЕБНОЙ ПРАКТИКИ;28;154;214;368;62;109;171;242;484;726;129;338;467
Джалал-Абадская обл.;4170300000000000;Майлуу-Суу г.;41703430000000000;306221;"ЦОВП ""МАЙЛУУ-СУУ""";МАЙЛУУ-СУУЙСКИЙ ЦЕНТР ОБЩЕВРАЧЕБНОЙ ПРАКТИКИ;29;157;193;350;87;123;210;240;435;675;167;339;506
Джалал-Абадская обл.;4170300000000000;Майлуу-Суу г.;41703430000000000;306221;"ЦОВП ""МАЙЛУУ-СУУ""";МАЙЛУУ-СУУЙСКИЙ ЦЕНТР ОБЩЕВРАЧЕБНОЙ ПРАКТИКИ;30;153;203;356;94;137;231;256;542;798;215;406;621
Джалал-Абадская обл.;4170300000000000;Майлуу-Суу г.;41703430000000000;306221;"ЦОВП ""МАЙЛУУ-СУУ""";МАЙЛУУ-СУУЙСКИЙ ЦЕНТР ОБЩЕВРАЧЕБНОЙ ПРАКТИКИ;31;185;195;380;126;129;255;259;480;739;188;428;616
Джалал-Абадская обл.;4170300000000000;Майлуу-Суу г.;41703430000000000;306221;"ЦОВП ""МАЙЛУУ-СУУ""";МАЙЛУУ-СУУЙСКИЙ ЦЕНТР ОБЩЕВРАЧЕБНОЙ ПРАКТИКИ;32;173;186;359;115;133;248;283;429;712;241;376;617
Джалал-Абадская обл.;4170300000000000;Майлуу-Суу г.;41703430000000000;306221;"ЦОВП ""МАЙЛУУ-СУУ""";МАЙЛУУ-СУУЙСКИЙ ЦЕНТР ОБЩЕВРАЧЕБНОЙ ПРАКТИКИ;33;197;220;417;142;156;298;232;491;723;202;384;586
Джалал-Абадская обл.;4170300000000000;Майлуу-Суу г.;41703430000000000;306221;"ЦОВП ""МАЙЛУУ-СУУ""";МАЙЛУУ-СУУЙСКИЙ ЦЕНТР ОБЩЕВРАЧЕБНОЙ ПРАКТИКИ;34;170;207;377;114;142;256;272;521;793;216;458;674
Джалал-Абадская обл.;4170300000000000;Майлуу-Суу г.;41703430000000000;306221;"ЦОВП ""МАЙЛУУ-СУУ""";МАЙЛУУ-СУУЙСКИЙ ЦЕНТР ОБЩЕВРАЧЕБНОЙ ПРАКТИКИ;35;160;191;351;123;130;253;234;495;729;191;407;598
Джалал-Абадская обл.;4170300000000000;Майлуу-Суу г.;41703430000000000;306221;"ЦОВП ""МАЙЛУУ-СУУ""";МАЙЛУУ-СУУЙСКИЙ ЦЕНТР ОБЩЕВРАЧЕБНОЙ ПРАКТИКИ;36;163;188;351;117;132;249;232;446;678;168;388;556
Джалал-Абадская обл.;4170300000000000;Майлуу-Суу г.;41703430000000000;306221;"ЦОВП ""МАЙЛУУ-СУУ""";МАЙЛУУ-СУУЙСКИЙ ЦЕНТР ОБЩЕВРАЧЕБНОЙ ПРАКТИКИ;37;150;159;309;103;115;218;248;403;651;212;333;545
Джалал-Абадская обл.;4170300000000000;Майлуу-Суу г.;41703430000000000;306221;"ЦОВП ""МАЙЛУУ-СУУ""";МАЙЛУУ-СУУЙСКИЙ ЦЕНТР ОБЩЕВРАЧЕБНОЙ ПРАКТИКИ;38;159;164;323;123;112;235;282;419;701;239;377;616
Джалал-Абадская обл.;4170300000000000;Майлуу-Суу г.;41703430000000000;306221;"ЦОВП ""МАЙЛУУ-СУУ""";МАЙЛУУ-СУУЙСКИЙ ЦЕНТР ОБЩЕВРАЧЕБНОЙ ПРАКТИКИ;39;137;186;323;102;133;235;240;409;649;212;353;565
Джалал-Абадская обл.;4170300000000000;Майлуу-Суу г.;41703430000000000;306221;"ЦОВП ""МАЙЛУУ-СУУ""";МАЙЛУУ-СУУЙСКИЙ ЦЕНТР ОБЩЕВРАЧЕБНОЙ ПРАКТИКИ;40;137;158;295;99;123;222;204;437;641;172;400;572
Джалал-Абадская обл.;4170300000000000;Майлуу-Суу г.;41703430000000000;306221;"ЦОВП ""МАЙЛУУ-СУУ""";МАЙЛУУ-СУУЙСКИЙ ЦЕНТР ОБЩЕВРАЧЕБНОЙ ПРАКТИКИ;41;135;156;291;101;118;219;211;330;541;181;289;470
Джалал-Абадская обл.;4170300000000000;Майлуу-Суу г.;41703430000000000;306221;"ЦОВП ""МАЙЛУУ-СУУ""";МАЙЛУУ-СУУЙСКИЙ ЦЕНТР ОБЩЕВРАЧЕБНОЙ ПРАКТИКИ;42;116;140;256;91;108;199;234;384;618;189;318;507
Джалал-Абадская обл.;4170300000000000;Майлуу-Суу г.;41703430000000000;306221;"ЦОВП ""МАЙЛУУ-СУУ""";МАЙЛУУ-СУУЙСКИЙ ЦЕНТР ОБЩЕВРАЧЕБНОЙ ПРАКТИКИ;43;136;140;276;90;106;196;190;340;530;159;301;460
Джалал-Абадская обл.;4170300000000000;Майлуу-Суу г.;41703430000000000;306221;"ЦОВП ""МАЙЛУУ-СУУ""";МАЙЛУУ-СУУЙСКИЙ ЦЕНТР ОБЩЕВРАЧЕБНОЙ ПРАКТИКИ;44;88;102;190;62;73;135;165;334;499;137;302;439
Джалал-Абадская обл.;4170300000000000;Майлуу-Суу г.;41703430000000000;306221;"ЦОВП ""МАЙЛУУ-СУУ""";МАЙЛУУ-СУУЙСКИЙ ЦЕНТР ОБЩЕВРАЧЕБНОЙ ПРАКТИКИ;45;94;130;224;70;92;162;172;270;442;158;235;393
Джалал-Абадская обл.;4170300000000000;Майлуу-Суу г.;41703430000000000;306221;"ЦОВП ""МАЙЛУУ-СУУ""";МАЙЛУУ-СУУЙСКИЙ ЦЕНТР ОБЩЕВРАЧЕБНОЙ ПРАКТИКИ;46;94;76;170;67;55;122;159;258;417;136;221;357
Джалал-Абадская обл.;4170300000000000;Майлуу-Суу г.;41703430000000000;306221;"ЦОВП ""МАЙЛУУ-СУУ""";МАЙЛУУ-СУУЙСКИЙ ЦЕНТР ОБЩЕВРАЧЕБНОЙ ПРАКТИКИ;47;86;119;205;66;89;155;157;286;443;132;226;358
Джалал-Абадская обл.;4170300000000000;Майлуу-Суу г.;41703430000000000;306221;"ЦОВП ""МАЙЛУУ-СУУ""";МАЙЛУУ-СУУЙСКИЙ ЦЕНТР ОБЩЕВРАЧЕБНОЙ ПРАКТИКИ;48;97;104;201;72;85;157;227;285;512;200;273;473
Джалал-Абадская обл.;4170300000000000;Майлуу-Суу г.;41703430000000000;306221;"ЦОВП ""МАЙЛУУ-СУУ""";МАЙЛУУ-СУУЙСКИЙ ЦЕНТР ОБЩЕВРАЧЕБНОЙ ПРАКТИКИ;49;74;117;191;62;92;154;137;355;492;129;318;447
Джалал-Абадская обл.;4170300000000000;Майлуу-Суу г.;41703430000000000;306221;"ЦОВП ""МАЙЛУУ-СУУ""";МАЙЛУУ-СУУЙСКИЙ ЦЕНТР ОБЩЕВРАЧЕБНОЙ ПРАКТИКИ;50;85;118;203;61;88;149;163;287;450;150;255;405
Джалал-Абадская обл.;4170300000000000;Майлуу-Суу г.;41703430000000000;306221;"ЦОВП ""МАЙЛУУ-СУУ""";МАЙЛУУ-СУУЙСКИЙ ЦЕНТР ОБЩЕВРАЧЕБНОЙ ПРАКТИКИ;51;89;90;179;71;63;134;182;259;441;165;224;389
Джалал-Абадская обл.;4170300000000000;Майлуу-Суу г.;41703430000000000;306221;"ЦОВП ""МАЙЛУУ-СУУ""";МАЙЛУУ-СУУЙСКИЙ ЦЕНТР ОБЩЕВРАЧЕБНОЙ ПРАКТИКИ;52;99;107;206;84;78;162;261;408;669;242;382;624
Джалал-Абадская обл.;4170300000000000;Майлуу-Суу г.;41703430000000000;306221;"ЦОВП ""МАЙЛУУ-СУУ""";МАЙЛУУ-СУУЙСКИЙ ЦЕНТР ОБЩЕВРАЧЕБНОЙ ПРАКТИКИ;53;96;130;226;71;110;181;204;324;528;198;283;481
Джалал-Абадская обл.;4170300000000000;Майлуу-Суу г.;41703430000000000;306221;"ЦОВП ""МАЙЛУУ-СУУ""";МАЙЛУУ-СУУЙСКИЙ ЦЕНТР ОБЩЕВРАЧЕБНОЙ ПРАКТИКИ;54;76;122;198;60;95;155;223;384;607;188;369;557
Джалал-Абадская обл.;4170300000000000;Майлуу-Суу г.;41703430000000000;306221;"ЦОВП ""МАЙЛУУ-СУУ""";МАЙЛУУ-СУУЙСКИЙ ЦЕНТР ОБЩЕВРАЧЕБНОЙ ПРАКТИКИ;55;83;128;211;67;109;176;258;482;740;224;412;636
Джалал-Абадская обл.;4170300000000000;Майлуу-Суу г.;41703430000000000;306221;"ЦОВП ""МАЙЛУУ-СУУ""";МАЙЛУУ-СУУЙСКИЙ ЦЕНТР ОБЩЕВРАЧЕБНОЙ ПРАКТИКИ;56;91;126;217;69;97;166;209;447;656;190;412;602
Джалал-Абадская обл.;4170300000000000;Майлуу-Суу г.;41703430000000000;306221;"ЦОВП ""МАЙЛУУ-СУУ""";МАЙЛУУ-СУУЙСКИЙ ЦЕНТР ОБЩЕВРАЧЕБНОЙ ПРАКТИКИ;57;70;120;190;57;96;153;244;327;571;213;301;514
Джалал-Абадская обл.;4170300000000000;Майлуу-Суу г.;41703430000000000;306221;"ЦОВП ""МАЙЛУУ-СУУ""";МАЙЛУУ-СУУЙСКИЙ ЦЕНТР ОБЩЕВРАЧЕБНОЙ ПРАКТИКИ;58;98;128;226;77;108;185;321;357;678;262;330;592
Джалал-Абадская обл.;4170300000000000;Майлуу-Суу г.;41703430000000000;306221;"ЦОВП ""МАЙЛУУ-СУУ""";МАЙЛУУ-СУУЙСКИЙ ЦЕНТР ОБЩЕВРАЧЕБНОЙ ПРАКТИКИ;59;73;115;188;51;95;146;199;290;489;173;269;442
Джалал-Абадская обл.;4170300000000000;Майлуу-Суу г.;41703430000000000;306221;"ЦОВП ""МАЙЛУУ-СУУ""";МАЙЛУУ-СУУЙСКИЙ ЦЕНТР ОБЩЕВРАЧЕБНОЙ ПРАКТИКИ;60;89;111;200;76;105;181;289;320;609;256;299;555
Джалал-Абадская обл.;4170300000000000;Майлуу-Суу г.;41703430000000000;306221;"ЦОВП ""МАЙЛУУ-СУУ""";МАЙЛУУ-СУУЙСКИЙ ЦЕНТР ОБЩЕВРАЧЕБНОЙ ПРАКТИКИ;61;83;102;185;73;94;167;272;297;569;254;279;533
Джалал-Абадская обл.;4170300000000000;Майлуу-Суу г.;41703430000000000;306221;"ЦОВП ""МАЙЛУУ-СУУ""";МАЙЛУУ-СУУЙСКИЙ ЦЕНТР ОБЩЕВРАЧЕБНОЙ ПРАКТИКИ;62;83;136;219;73;128;201;240;386;626;233;366;599
Джалал-Абадская обл.;4170300000000000;Майлуу-Суу г.;41703430000000000;306221;"ЦОВП ""МАЙЛУУ-СУУ""";МАЙЛУУ-СУУЙСКИЙ ЦЕНТР ОБЩЕВРАЧЕБНОЙ ПРАКТИКИ;63;85;118;203;73;115;188;219;328;547;210;308;518
Джалал-Абадская обл.;4170300000000000;Майлуу-Суу г.;41703430000000000;306221;"ЦОВП ""МАЙЛУУ-СУУ""";МАЙЛУУ-СУУЙСКИЙ ЦЕНТР ОБЩЕВРАЧЕБНОЙ ПРАКТИКИ;64;86;125;211;77;117;194;244;329;573;233;315;548
Джалал-Абадская обл.;4170300000000000;Майлуу-Суу г.;41703430000000000;306221;"ЦОВП ""МАЙЛУУ-СУУ""";МАЙЛУУ-СУУЙСКИЙ ЦЕНТР ОБЩЕВРАЧЕБНОЙ ПРАКТИКИ;65;86;107;193;79;106;185;189;255;444;167;253;420
Джалал-Абадская обл.;4170300000000000;Майлуу-Суу г.;41703430000000000;306221;"ЦОВП ""МАЙЛУУ-СУУ""";МАЙЛУУ-СУУЙСКИЙ ЦЕНТР ОБЩЕВРАЧЕБНОЙ ПРАКТИКИ;66;61;96;157;54;96;150;185;263;448;183;262;445
Джалал-Абадская обл.;4170300000000000;Майлуу-Суу г.;41703430000000000;306221;"ЦОВП ""МАЙЛУУ-СУУ""";МАЙЛУУ-СУУЙСКИЙ ЦЕНТР ОБЩЕВРАЧЕБНОЙ ПРАКТИКИ;67;68;82;150;64;81;145;151;232;383;135;232;367
Джалал-Абадская обл.;4170300000000000;Майлуу-Суу г.;41703430000000000;306221;"ЦОВП ""МАЙЛУУ-СУУ""";МАЙЛУУ-СУУЙСКИЙ ЦЕНТР ОБЩЕВРАЧЕБНОЙ ПРАКТИКИ;68;57;83;140;55;83;138;81;176;257;78;176;254
Джалал-Абадская обл.;4170300000000000;Майлуу-Суу г.;41703430000000000;306221;"ЦОВП ""МАЙЛУУ-СУУ""";МАЙЛУУ-СУУЙСКИЙ ЦЕНТР ОБЩЕВРАЧЕБНОЙ ПРАКТИКИ;69;40;63;103;40;61;101;65;172;237;60;171;231
Джалал-Абадская обл.;4170300000000000;Майлуу-Суу г.;41703430000000000;306221;"ЦОВП ""МАЙЛУУ-СУУ""";МАЙЛУУ-СУУЙСКИЙ ЦЕНТР ОБЩЕВРАЧЕБНОЙ ПРАКТИКИ;70;46;71;117;44;71;115;98;160;258;98;159;257
Джалал-Абадская обл.;4170300000000000;Майлуу-Суу г.;41703430000000000;306221;"ЦОВП ""МАЙЛУУ-СУУ""";МАЙЛУУ-СУУЙСКИЙ ЦЕНТР ОБЩЕВРАЧЕБНОЙ ПРАКТИКИ;71;39;74;113;39;73;112;36;139;175;36;135;171
Джалал-Абадская обл.;4170300000000000;Майлуу-Суу г.;41703430000000000;306221;"ЦОВП ""МАЙЛУУ-СУУ""";МАЙЛУУ-СУУЙСКИЙ ЦЕНТР ОБЩЕВРАЧЕБНОЙ ПРАКТИКИ;72;31;50;81;31;50;81;52;126;178;52;126;178
Джалал-Абадская обл.;4170300000000000;Майлуу-Суу г.;41703430000000000;306221;"ЦОВП ""МАЙЛУУ-СУУ""";МАЙЛУУ-СУУЙСКИЙ ЦЕНТР ОБЩЕВРАЧЕБНОЙ ПРАКТИКИ;73;29;51;80;28;51;79;43;117;160;41;111;152
Джалал-Абадская обл.;4170300000000000;Майлуу-Суу г.;41703430000000000;306221;"ЦОВП ""МАЙЛУУ-СУУ""";МАЙЛУУ-СУУЙСКИЙ ЦЕНТР ОБЩЕВРАЧЕБНОЙ ПРАКТИКИ;74;21;51;72;21;51;72;27;96;123;27;89;116
Джалал-Абадская обл.;4170300000000000;Майлуу-Суу г.;41703430000000000;306221;"ЦОВП ""МАЙЛУУ-СУУ""";МАЙЛУУ-СУУЙСКИЙ ЦЕНТР ОБЩЕВРАЧЕБНОЙ ПРАКТИКИ;75;19;38;57;19;37;56;14;68;82;14;65;79
Джалал-Абадская обл.;4170300000000000;Майлуу-Суу г.;41703430000000000;306221;"ЦОВП ""МАЙЛУУ-СУУ""";МАЙЛУУ-СУУЙСКИЙ ЦЕНТР ОБЩЕВРАЧЕБНОЙ ПРАКТИКИ;76;12;29;41;12;29;41;34;49;83;34;49;83
Джалал-Абадская обл.;4170300000000000;Майлуу-Суу г.;41703430000000000;306221;"ЦОВП ""МАЙЛУУ-СУУ""";МАЙЛУУ-СУУЙСКИЙ ЦЕНТР ОБЩЕВРАЧЕБНОЙ ПРАКТИКИ;77;21;26;47;21;26;47;25;38;63;25;38;63
Джалал-Абадская обл.;4170300000000000;Майлуу-Суу г.;41703430000000000;306221;"ЦОВП ""МАЙЛУУ-СУУ""";МАЙЛУУ-СУУЙСКИЙ ЦЕНТР ОБЩЕВРАЧЕБНОЙ ПРАКТИКИ;78;9;17;26;9;17;26;6;11;17;6;11;17
Джалал-Абадская обл.;4170300000000000;Майлуу-Суу г.;41703430000000000;306221;"ЦОВП ""МАЙЛУУ-СУУ""";МАЙЛУУ-СУУЙСКИЙ ЦЕНТР ОБЩЕВРАЧЕБНОЙ ПРАКТИКИ;79;3;9;12;3;9;12;4;20;24;4;20;24
Джалал-Абадская обл.;4170300000000000;Майлуу-Суу г.;41703430000000000;306221;"ЦОВП ""МАЙЛУУ-СУУ""";МАЙЛУУ-СУУЙСКИЙ ЦЕНТР ОБЩЕВРАЧЕБНОЙ ПРАКТИКИ;80;4;5;9;4;5;9;9;13;22;9;13;22
Джалал-Абадская обл.;4170300000000000;Майлуу-Суу г.;41703430000000000;306221;"ЦОВП ""МАЙЛУУ-СУУ""";МАЙЛУУ-СУУЙСКИЙ ЦЕНТР ОБЩЕВРАЧЕБНОЙ ПРАКТИКИ;81;6;10;16;6;10;16;20;21;41;20;21;41
Джалал-Абадская обл.;4170300000000000;Майлуу-Суу г.;41703430000000000;306221;"ЦОВП ""МАЙЛУУ-СУУ""";МАЙЛУУ-СУУЙСКИЙ ЦЕНТР ОБЩЕВРАЧЕБНОЙ ПРАКТИКИ;82;7;14;21;7;14;21;17;13;30;17;13;30
Джалал-Абадская обл.;4170300000000000;Майлуу-Суу г.;41703430000000000;306221;"ЦОВП ""МАЙЛУУ-СУУ""";МАЙЛУУ-СУУЙСКИЙ ЦЕНТР ОБЩЕВРАЧЕБНОЙ ПРАКТИКИ;83;10;12;22;10;12;22;16;14;30;16;14;30
Джалал-Абадская обл.;4170300000000000;Майлуу-Суу г.;41703430000000000;306221;"ЦОВП ""МАЙЛУУ-СУУ""";МАЙЛУУ-СУУЙСКИЙ ЦЕНТР ОБЩЕВРАЧЕБНОЙ ПРАКТИКИ;84;11;17;28;11;17;28;13;19;32;13;19;32
Джалал-Абадская обл.;4170300000000000;Майлуу-Суу г.;41703430000000000;306221;"ЦОВП ""МАЙЛУУ-СУУ""";МАЙЛУУ-СУУЙСКИЙ ЦЕНТР ОБЩЕВРАЧЕБНОЙ ПРАКТИКИ;85;8;15;23;8;15;23;11;12;23;11;12;23
Джалал-Абадская обл.;4170300000000000;Майлуу-Суу г.;41703430000000000;306221;"ЦОВП ""МАЙЛУУ-СУУ""";МАЙЛУУ-СУУЙСКИЙ ЦЕНТР ОБЩЕВРАЧЕБНОЙ ПРАКТИКИ;86;4;8;12;4;8;12;10;8;18;10;8;18
Джалал-Абадская обл.;4170300000000000;Майлуу-Суу г.;41703430000000000;306221;"ЦОВП ""МАЙЛУУ-СУУ""";МАЙЛУУ-СУУЙСКИЙ ЦЕНТР ОБЩЕВРАЧЕБНОЙ ПРАКТИКИ;87;4;15;19;4;15;19;8;32;40;8;27;35
Джалал-Абадская обл.;4170300000000000;Майлуу-Суу г.;41703430000000000;306221;"ЦОВП ""МАЙЛУУ-СУУ""";МАЙЛУУ-СУУЙСКИЙ ЦЕНТР ОБЩЕВРАЧЕБНОЙ ПРАКТИКИ;88;4;8;12;4;8;12;7;10;17;7;10;17
Джалал-Абадская обл.;4170300000000000;Майлуу-Суу г.;41703430000000000;306221;"ЦОВП ""МАЙЛУУ-СУУ""";МАЙЛУУ-СУУЙСКИЙ ЦЕНТР ОБЩЕВРАЧЕБНОЙ ПРАКТИКИ;89;2;8;10;2;8;10;2;5;7;2;5;7
Джалал-Абадская обл.;4170300000000000;Майлуу-Суу г.;41703430000000000;306221;"ЦОВП ""МАЙЛУУ-СУУ""";МАЙЛУУ-СУУЙСКИЙ ЦЕНТР ОБЩЕВРАЧЕБНОЙ ПРАКТИКИ;90;0;4;4;0;4;4;1;3;4;1;3;4
Джалал-Абадская обл.;4170300000000000;Майлуу-Суу г.;41703430000000000;306221;"ЦОВП ""МАЙЛУУ-СУУ""";МАЙЛУУ-СУУЙСКИЙ ЦЕНТР ОБЩЕВРАЧЕБНОЙ ПРАКТИКИ;91;1;2;3;1;2;3;2;4;6;2;4;6
Джалал-Абадская обл.;4170300000000000;Майлуу-Суу г.;41703430000000000;306221;"ЦОВП ""МАЙЛУУ-СУУ""";МАЙЛУУ-СУУЙСКИЙ ЦЕНТР ОБЩЕВРАЧЕБНОЙ ПРАКТИКИ;92;0;5;5;0;5;5;0;1;1;0;1;1
Джалал-Абадская обл.;4170300000000000;Майлуу-Суу г.;41703430000000000;306221;"ЦОВП ""МАЙЛУУ-СУУ""";МАЙЛУУ-СУУЙСКИЙ ЦЕНТР ОБЩЕВРАЧЕБНОЙ ПРАКТИКИ;93;0;2;2;0;2;2;0;2;2;0;2;2
Джалал-Абадская обл.;4170300000000000;Майлуу-Суу г.;41703430000000000;306221;"ЦОВП ""МАЙЛУУ-СУУ""";МАЙЛУУ-СУУЙСКИЙ ЦЕНТР ОБЩЕВРАЧЕБНОЙ ПРАКТИКИ;94;0;3;3;0;3;3;3;2;5;3;2;5
Джалал-Абадская обл.;4170300000000000;Майлуу-Суу г.;41703430000000000;306221;"ЦОВП ""МАЙЛУУ-СУУ""";МАЙЛУУ-СУУЙСКИЙ ЦЕНТР ОБЩЕВРАЧЕБНОЙ ПРАКТИКИ;97;0;2;2;0;2;2;1;1;2;1;1;2
Джалал-Абадская обл.;4170300000000000;Майлуу-Суу г.;41703430000000000;306221;"ЦОВП ""МАЙЛУУ-СУУ""";МАЙЛУУ-СУУЙСКИЙ ЦЕНТР ОБЩЕВРАЧЕБНОЙ ПРАКТИКИ;98;0;2;2;0;2;2;0;1;1;0;0;0
Джалал-Абадская обл.;4170300000000000;Токтогульский р-н;41703225000000000;306241;"ЦОВП ""ОЗГОРУШ"" им. К.МАЛАБАШЕВА";Центр Общеврачебной Практики им. К. Малабашева села Кызыл-Озгоруш Токтогульского района;0;76;86;162;76;86;162;753;780;1533;753;780;1533
Джалал-Абадская обл.;4170300000000000;Токтогульский р-н;41703225000000000;306241;"ЦОВП ""ОЗГОРУШ"" им. К.МАЛАБАШЕВА";Центр Общеврачебной Практики им. К. Малабашева села Кызыл-Озгоруш Токтогульского района;1;117;116;233;117;116;233;430;435;865;430;435;865
Джалал-Абадская обл.;4170300000000000;Токтогульский р-н;41703225000000000;306241;"ЦОВП ""ОЗГОРУШ"" им. К.МАЛАБАШЕВА";Центр Общеврачебной Практики им. К. Малабашева села Кызыл-Озгоруш Токтогульского района;2;124;127;251;124;127;251;362;425;787;362;425;787
Джалал-Абадская обл.;4170300000000000;Токтогульский р-н;41703225000000000;306241;"ЦОВП ""ОЗГОРУШ"" им. К.МАЛАБАШЕВА";Центр Общеврачебной Практики им. К. Малабашева села Кызыл-Озгоруш Токтогульского района;3;137;155;292;137;155;292;383;357;740;383;357;740
Джалал-Абадская обл.;4170300000000000;Токтогульский р-н;41703225000000000;306241;"ЦОВП ""ОЗГОРУШ"" им. К.МАЛАБАШЕВА";Центр Общеврачебной Практики им. К. Малабашева села Кызыл-Озгоруш Токтогульского района;4;156;161;317;156;161;317;313;241;554;313;241;554
Джалал-Абадская обл.;4170300000000000;Токтогульский р-н;41703225000000000;306241;"ЦОВП ""ОЗГОРУШ"" им. К.МАЛАБАШЕВА";Центр Общеврачебной Практики им. К. Малабашева села Кызыл-Озгоруш Токтогульского района;5;143;135;278;143;135;278;308;307;615;308;307;615
Джалал-Абадская обл.;4170300000000000;Токтогульский р-н;41703225000000000;306241;"ЦОВП ""ОЗГОРУШ"" им. К.МАЛАБАШЕВА";Центр Общеврачебной Практики им. К. Малабашева села Кызыл-Озгоруш Токтогульского района;6;144;124;268;144;124;268;300;279;579;300;279;579
Джалал-Абадская обл.;4170300000000000;Токтогульский р-н;41703225000000000;306241;"ЦОВП ""ОЗГОРУШ"" им. К.МАЛАБАШЕВА";Центр Общеврачебной Практики им. К. Малабашева села Кызыл-Озгоруш Токтогульского района;7;137;136;273;137;136;273;162;150;312;162;150;312
Джалал-Абадская обл.;4170300000000000;Токтогульский р-н;41703225000000000;306241;"ЦОВП ""ОЗГОРУШ"" им. К.МАЛАБАШЕВА";Центр Общеврачебной Практики им. К. Малабашева села Кызыл-Озгоруш Токтогульского района;8;152;134;286;152;134;286;40;27;67;40;27;67
Джалал-Абадская обл.;4170300000000000;Токтогульский р-н;41703225000000000;306241;"ЦОВП ""ОЗГОРУШ"" им. К.МАЛАБАШЕВА";Центр Общеврачебной Практики им. К. Малабашева села Кызыл-Озгоруш Токтогульского района;9;145;192;337;145;192;337;24;34;58;24;34;58
Джалал-Абадская обл.;4170300000000000;Токтогульский р-н;41703225000000000;306241;"ЦОВП ""ОЗГОРУШ"" им. К.МАЛАБАШЕВА";Центр Общеврачебной Практики им. К. Малабашева села Кызыл-Озгоруш Токтогульского района;10;135;156;291;135;156;291;40;40;80;40;40;80
Джалал-Абадская обл.;4170300000000000;Токтогульский р-н;41703225000000000;306241;"ЦОВП ""ОЗГОРУШ"" им. К.МАЛАБАШЕВА";Центр Общеврачебной Практики им. К. Малабашева села Кызыл-Озгоруш Токтогульского района;11;133;211;344;133;211;344;36;48;84;36;48;84
Джалал-Абадская обл.;4170300000000000;Токтогульский р-н;41703225000000000;306241;"ЦОВП ""ОЗГОРУШ"" им. К.МАЛАБАШЕВА";Центр Общеврачебной Практики им. К. Малабашева села Кызыл-Озгоруш Токтогульского района;12;159;180;339;159;180;339;46;27;73;46;27;73
Джалал-Абадская обл.;4170300000000000;Токтогульский р-н;41703225000000000;306241;"ЦОВП ""ОЗГОРУШ"" им. К.МАЛАБАШЕВА";Центр Общеврачебной Практики им. К. Малабашева села Кызыл-Озгоруш Токтогульского района;13;143;189;332;143;189;332;68;38;106;68;38;106
Джалал-Абадская обл.;4170300000000000;Токтогульский р-н;41703225000000000;306241;"ЦОВП ""ОЗГОРУШ"" им. К.МАЛАБАШЕВА";Центр Общеврачебной Практики им. К. Малабашева села Кызыл-Озгоруш Токтогульского района;14;189;189;378;189;189;378;44;42;86;44;42;86
Джалал-Абадская обл.;4170300000000000;Токтогульский р-н;41703225000000000;306241;"ЦОВП ""ОЗГОРУШ"" им. К.МАЛАБАШЕВА";Центр Общеврачебной Практики им. К. Малабашева села Кызыл-Озгоруш Токтогульского района;15;155;192;347;155;192;347;117;114;231;117;114;231
Джалал-Абадская обл.;4170300000000000;Токтогульский р-н;41703225000000000;306241;"ЦОВП ""ОЗГОРУШ"" им. К.МАЛАБАШЕВА";Центр Общеврачебной Практики им. К. Малабашева села Кызыл-Озгоруш Токтогульского района;16;141;176;317;141;176;317;110;120;230;110;119;229
Джалал-Абадская обл.;4170300000000000;Токтогульский р-н;41703225000000000;306241;"ЦОВП ""ОЗГОРУШ"" им. К.МАЛАБАШЕВА";Центр Общеврачебной Практики им. К. Малабашева села Кызыл-Озгоруш Токтогульского района;17;137;175;312;126;164;290;148;73;221;130;67;197
Джалал-Абадская обл.;4170300000000000;Токтогульский р-н;41703225000000000;306241;"ЦОВП ""ОЗГОРУШ"" им. К.МАЛАБАШЕВА";Центр Общеврачебной Практики им. К. Малабашева села Кызыл-Озгоруш Токтогульского района;18;144;228;372;125;211;336;229;197;426;169;157;326
Джалал-Абадская обл.;4170300000000000;Токтогульский р-н;41703225000000000;306241;"ЦОВП ""ОЗГОРУШ"" им. К.МАЛАБАШЕВА";Центр Общеврачебной Практики им. К. Малабашева села Кызыл-Озгоруш Токтогульского района;19;99;213;312;46;160;206;99;169;268;35;62;97
Джалал-Абадская обл.;4170300000000000;Токтогульский р-н;41703225000000000;306241;"ЦОВП ""ОЗГОРУШ"" им. К.МАЛАБАШЕВА";Центр Общеврачебной Практики им. К. Малабашева села Кызыл-Озгоруш Токтогульского района;20;121;209;330;24;103;127;98;183;281;19;63;82
Джалал-Абадская обл.;4170300000000000;Токтогульский р-н;41703225000000000;306241;"ЦОВП ""ОЗГОРУШ"" им. К.МАЛАБАШЕВА";Центр Общеврачебной Практики им. К. Малабашева села Кызыл-Озгоруш Токтогульского района;21;136;193;329;19;80;99;84;175;259;16;23;39
Джалал-Абадская обл.;4170300000000000;Токтогульский р-н;41703225000000000;306241;"ЦОВП ""ОЗГОРУШ"" им. К.МАЛАБАШЕВА";Центр Общеврачебной Практики им. К. Малабашева села Кызыл-Озгоруш Токтогульского района;22;135;187;322;14;21;35;31;170;201;14;69;83
Джалал-Абадская обл.;4170300000000000;Токтогульский р-н;41703225000000000;306241;"ЦОВП ""ОЗГОРУШ"" им. К.МАЛАБАШЕВА";Центр Общеврачебной Практики им. К. Малабашева села Кызыл-Озгоруш Токтогульского района;23;108;194;302;8;40;48;28;194;222;5;48;53
Джалал-Абадская обл.;4170300000000000;Токтогульский р-н;41703225000000000;306241;"ЦОВП ""ОЗГОРУШ"" им. К.МАЛАБАШЕВА";Центр Общеврачебной Практики им. К. Малабашева села Кызыл-Озгоруш Токтогульского района;24;125;181;306;15;53;68;41;153;194;3;66;69
Джалал-Абадская обл.;4170300000000000;Токтогульский р-н;41703225000000000;306241;"ЦОВП ""ОЗГОРУШ"" им. К.МАЛАБАШЕВА";Центр Общеврачебной Практики им. К. Малабашева села Кызыл-Озгоруш Токтогульского района;25;133;173;306;17;37;54;44;161;205;11;95;106
Джалал-Абадская обл.;4170300000000000;Токтогульский р-н;41703225000000000;306241;"ЦОВП ""ОЗГОРУШ"" им. К.МАЛАБАШЕВА";Центр Общеврачебной Практики им. К. Малабашева села Кызыл-Озгоруш Токтогульского района;26;140;162;302;25;31;56;36;178;214;10;68;78
Джалал-Абадская обл.;4170300000000000;Токтогульский р-н;41703225000000000;306241;"ЦОВП ""ОЗГОРУШ"" им. К.МАЛАБАШЕВА";Центр Общеврачебной Практики им. К. Малабашева села Кызыл-Озгоруш Токтогульского района;27;101;130;231;12;31;43;53;123;176;10;45;55
Джалал-Абадская обл.;4170300000000000;Токтогульский р-н;41703225000000000;306241;"ЦОВП ""ОЗГОРУШ"" им. К.МАЛАБАШЕВА";Центр Общеврачебной Практики им. К. Малабашева села Кызыл-Озгоруш Токтогульского района;28;130;120;250;29;40;69;30;90;120;6;53;59
Джалал-Абадская обл.;4170300000000000;Токтогульский р-н;41703225000000000;306241;"ЦОВП ""ОЗГОРУШ"" им. К.МАЛАБАШЕВА";Центр Общеврачебной Практики им. К. Малабашева села Кызыл-Озгоруш Токтогульского района;29;140;120;260;40;40;80;42;155;197;26;122;148
Джалал-Абадская обл.;4170300000000000;Токтогульский р-н;41703225000000000;306241;"ЦОВП ""ОЗГОРУШ"" им. К.МАЛАБАШЕВА";Центр Общеврачебной Практики им. К. Малабашева села Кызыл-Озгоруш Токтогульского района;30;122;132;254;64;54;118;36;153;189;25;84;109
Джалал-Абадская обл.;4170300000000000;Токтогульский р-н;41703225000000000;306241;"ЦОВП ""ОЗГОРУШ"" им. К.МАЛАБАШЕВА";Центр Общеврачебной Практики им. К. Малабашева села Кызыл-Озгоруш Токтогульского района;31;122;115;237;58;46;104;75;111;186;60;77;137
Джалал-Абадская обл.;4170300000000000;Токтогульский р-н;41703225000000000;306241;"ЦОВП ""ОЗГОРУШ"" им. К.МАЛАБАШЕВА";Центр Общеврачебной Практики им. К. Малабашева села Кызыл-Озгоруш Токтогульского района;32;109;91;200;49;39;88;49;82;131;23;56;79
Джалал-Абадская обл.;4170300000000000;Токтогульский р-н;41703225000000000;306241;"ЦОВП ""ОЗГОРУШ"" им. К.МАЛАБАШЕВА";Центр Общеврачебной Практики им. К. Малабашева села Кызыл-Озгоруш Токтогульского района;33;115;105;220;52;51;103;29;127;156;12;87;99
Джалал-Абадская обл.;4170300000000000;Токтогульский р-н;41703225000000000;306241;"ЦОВП ""ОЗГОРУШ"" им. К.МАЛАБАШЕВА";Центр Общеврачебной Практики им. К. Малабашева села Кызыл-Озгоруш Токтогульского района;34;110;111;221;67;53;120;23;100;123;17;68;85
Джалал-Абадская обл.;4170300000000000;Токтогульский р-н;41703225000000000;306241;"ЦОВП ""ОЗГОРУШ"" им. К.МАЛАБАШЕВА";Центр Общеврачебной Практики им. К. Малабашева села Кызыл-Озгоруш Токтогульского района;35;94;78;172;51;45;96;39;72;111;26;61;87
Джалал-Абадская обл.;4170300000000000;Токтогульский р-н;41703225000000000;306241;"ЦОВП ""ОЗГОРУШ"" им. К.МАЛАБАШЕВА";Центр Общеврачебной Практики им. К. Малабашева села Кызыл-Озгоруш Токтогульского района;36;99;84;183;55;49;104;54;134;188;35;107;142
Джалал-Абадская обл.;4170300000000000;Токтогульский р-н;41703225000000000;306241;"ЦОВП ""ОЗГОРУШ"" им. К.МАЛАБАШЕВА";Центр Общеврачебной Практики им. К. Малабашева села Кызыл-Озгоруш Токтогульского района;37;108;95;203;68;68;136;34;117;151;30;106;136
Джалал-Абадская обл.;4170300000000000;Токтогульский р-н;41703225000000000;306241;"ЦОВП ""ОЗГОРУШ"" им. К.МАЛАБАШЕВА";Центр Общеврачебной Практики им. К. Малабашева села Кызыл-Озгоруш Токтогульского района;38;89;81;170;56;45;101;33;85;118;15;63;78
Джалал-Абадская обл.;4170300000000000;Токтогульский р-н;41703225000000000;306241;"ЦОВП ""ОЗГОРУШ"" им. К.МАЛАБАШЕВА";Центр Общеврачебной Практики им. К. Малабашева села Кызыл-Озгоруш Токтогульского района;39;85;83;168;50;52;102;31;64;95;25;54;79
Джалал-Абадская обл.;4170300000000000;Токтогульский р-н;41703225000000000;306241;"ЦОВП ""ОЗГОРУШ"" им. К.МАЛАБАШЕВА";Центр Общеврачебной Практики им. К. Малабашева села Кызыл-Озгоруш Токтогульского района;40;66;77;143;41;49;90;16;70;86;12;42;54
Джалал-Абадская обл.;4170300000000000;Токтогульский р-н;41703225000000000;306241;"ЦОВП ""ОЗГОРУШ"" им. К.МАЛАБАШЕВА";Центр Общеврачебной Практики им. К. Малабашева села Кызыл-Озгоруш Токтогульского района;41;66;65;131;39;43;82;24;82;106;18;71;89
Джалал-Абадская обл.;4170300000000000;Токтогульский р-н;41703225000000000;306241;"ЦОВП ""ОЗГОРУШ"" им. К.МАЛАБАШЕВА";Центр Общеврачебной Практики им. К. Малабашева села Кызыл-Озгоруш Токтогульского района;42;85;70;155;60;42;102;24;64;88;18;45;63
Джалал-Абадская обл.;4170300000000000;Токтогульский р-н;41703225000000000;306241;"ЦОВП ""ОЗГОРУШ"" им. К.МАЛАБАШЕВА";Центр Общеврачебной Практики им. К. Малабашева села Кызыл-Озгоруш Токтогульского района;43;64;65;129;35;43;78;37;75;112;30;54;84
Джалал-Абадская обл.;4170300000000000;Токтогульский р-н;41703225000000000;306241;"ЦОВП ""ОЗГОРУШ"" им. К.МАЛАБАШЕВА";Центр Общеврачебной Практики им. К. Малабашева села Кызыл-Озгоруш Токтогульского района;44;59;55;114;37;32;69;41;44;85;27;31;58
Джалал-Абадская обл.;4170300000000000;Токтогульский р-н;41703225000000000;306241;"ЦОВП ""ОЗГОРУШ"" им. К.МАЛАБАШЕВА";Центр Общеврачебной Практики им. К. Малабашева села Кызыл-Озгоруш Токтогульского района;45;62;69;131;35;44;79;30;63;93;16;49;65
Джалал-Абадская обл.;4170300000000000;Токтогульский р-н;41703225000000000;306241;"ЦОВП ""ОЗГОРУШ"" им. К.МАЛАБАШЕВА";Центр Общеврачебной Практики им. К. Малабашева села Кызыл-Озгоруш Токтогульского района;46;60;68;128;37;48;85;20;69;89;16;45;61
Джалал-Абадская обл.;4170300000000000;Токтогульский р-н;41703225000000000;306241;"ЦОВП ""ОЗГОРУШ"" им. К.МАЛАБАШЕВА";Центр Общеврачебной Практики им. К. Малабашева села Кызыл-Озгоруш Токтогульского района;47;72;65;137;43;41;84;19;67;86;13;50;63
Джалал-Абадская обл.;4170300000000000;Токтогульский р-н;41703225000000000;306241;"ЦОВП ""ОЗГОРУШ"" им. К.МАЛАБАШЕВА";Центр Общеврачебной Практики им. К. Малабашева села Кызыл-Озгоруш Токтогульского района;48;86;80;166;44;45;89;24;67;91;13;54;67
Джалал-Абадская обл.;4170300000000000;Токтогульский р-н;41703225000000000;306241;"ЦОВП ""ОЗГОРУШ"" им. К.МАЛАБАШЕВА";Центр Общеврачебной Практики им. К. Малабашева села Кызыл-Озгоруш Токтогульского района;49;66;74;140;37;48;85;19;44;63;16;43;59
Джалал-Абадская обл.;4170300000000000;Токтогульский р-н;41703225000000000;306241;"ЦОВП ""ОЗГОРУШ"" им. К.МАЛАБАШЕВА";Центр Общеврачебной Практики им. К. Малабашева села Кызыл-Озгоруш Токтогульского района;50;70;58;128;45;36;81;40;51;91;34;47;81
Джалал-Абадская обл.;4170300000000000;Токтогульский р-н;41703225000000000;306241;"ЦОВП ""ОЗГОРУШ"" им. К.МАЛАБАШЕВА";Центр Общеврачебной Практики им. К. Малабашева села Кызыл-Озгоруш Токтогульского района;51;66;58;124;38;33;71;15;59;74;10;49;59
Джалал-Абадская обл.;4170300000000000;Токтогульский р-н;41703225000000000;306241;"ЦОВП ""ОЗГОРУШ"" им. К.МАЛАБАШЕВА";Центр Общеврачебной Практики им. К. Малабашева села Кызыл-Озгоруш Токтогульского района;52;62;62;124;39;39;78;46;58;104;42;44;86
Джалал-Абадская обл.;4170300000000000;Токтогульский р-н;41703225000000000;306241;"ЦОВП ""ОЗГОРУШ"" им. К.МАЛАБАШЕВА";Центр Общеврачебной Практики им. К. Малабашева села Кызыл-Озгоруш Токтогульского района;53;63;52;115;44;30;74;30;47;77;23;30;53
Джалал-Абадская обл.;4170300000000000;Токтогульский р-н;41703225000000000;306241;"ЦОВП ""ОЗГОРУШ"" им. К.МАЛАБАШЕВА";Центр Общеврачебной Практики им. К. Малабашева села Кызыл-Озгоруш Токтогульского района;54;50;50;100;34;34;68;42;26;68;30;22;52
Джалал-Абадская обл.;4170300000000000;Токтогульский р-н;41703225000000000;306241;"ЦОВП ""ОЗГОРУШ"" им. К.МАЛАБАШЕВА";Центр Общеврачебной Практики им. К. Малабашева села Кызыл-Озгоруш Токтогульского района;55;59;48;107;40;35;75;79;39;118;68;29;97
Джалал-Абадская обл.;4170300000000000;Токтогульский р-н;41703225000000000;306241;"ЦОВП ""ОЗГОРУШ"" им. К.МАЛАБАШЕВА";Центр Общеврачебной Практики им. К. Малабашева села Кызыл-Озгоруш Токтогульского района;56;55;41;96;40;31;71;31;52;83;29;40;69
Джалал-Абадская обл.;4170300000000000;Токтогульский р-н;41703225000000000;306241;"ЦОВП ""ОЗГОРУШ"" им. К.МАЛАБАШЕВА";Центр Общеврачебной Практики им. К. Малабашева села Кызыл-Озгоруш Токтогульского района;57;33;61;94;22;48;70;44;74;118;42;73;115
Джалал-Абадская обл.;4170300000000000;Токтогульский р-н;41703225000000000;306241;"ЦОВП ""ОЗГОРУШ"" им. К.МАЛАБАШЕВА";Центр Общеврачебной Практики им. К. Малабашева села Кызыл-Озгоруш Токтогульского района;58;52;38;90;32;37;69;40;66;106;23;62;85
Джалал-Абадская обл.;4170300000000000;Токтогульский р-н;41703225000000000;306241;"ЦОВП ""ОЗГОРУШ"" им. К.МАЛАБАШЕВА";Центр Общеврачебной Практики им. К. Малабашева села Кызыл-Озгоруш Токтогульского района;59;37;50;87;22;39;61;38;75;113;18;70;88
Джалал-Абадская обл.;4170300000000000;Токтогульский р-н;41703225000000000;306241;"ЦОВП ""ОЗГОРУШ"" им. К.МАЛАБАШЕВА";Центр Общеврачебной Практики им. К. Малабашева села Кызыл-Озгоруш Токтогульского района;60;46;55;101;32;47;79;45;66;111;32;62;94
Джалал-Абадская обл.;4170300000000000;Токтогульский р-н;41703225000000000;306241;"ЦОВП ""ОЗГОРУШ"" им. К.МАЛАБАШЕВА";Центр Общеврачебной Практики им. К. Малабашева села Кызыл-Озгоруш Токтогульского района;61;41;54;95;30;42;72;28;67;95;24;47;71
Джалал-Абадская обл.;4170300000000000;Токтогульский р-н;41703225000000000;306241;"ЦОВП ""ОЗГОРУШ"" им. К.МАЛАБАШЕВА";Центр Общеврачебной Практики им. К. Малабашева села Кызыл-Озгоруш Токтогульского района;62;24;51;75;17;42;59;49;62;111;43;60;103
Джалал-Абадская обл.;4170300000000000;Токтогульский р-н;41703225000000000;306241;"ЦОВП ""ОЗГОРУШ"" им. К.МАЛАБАШЕВА";Центр Общеврачебной Практики им. К. Малабашева села Кызыл-Озгоруш Токтогульского района;63;48;53;101;39;46;85;45;56;101;44;47;91
Джалал-Абадская обл.;4170300000000000;Токтогульский р-н;41703225000000000;306241;"ЦОВП ""ОЗГОРУШ"" им. К.МАЛАБАШЕВА";Центр Общеврачебной Практики им. К. Малабашева села Кызыл-Озгоруш Токтогульского района;64;41;48;89;37;45;82;30;52;82;27;49;76
Джалал-Абадская обл.;4170300000000000;Токтогульский р-н;41703225000000000;306241;"ЦОВП ""ОЗГОРУШ"" им. К.МАЛАБАШЕВА";Центр Общеврачебной Практики им. К. Малабашева села Кызыл-Озгоруш Токтогульского района;65;36;29;65;29;27;56;14;50;64;14;41;55
Джалал-Абадская обл.;4170300000000000;Токтогульский р-н;41703225000000000;306241;"ЦОВП ""ОЗГОРУШ"" им. К.МАЛАБАШЕВА";Центр Общеврачебной Практики им. К. Малабашева села Кызыл-Озгоруш Токтогульского района;66;29;41;70;25;39;64;27;45;72;26;45;71
Джалал-Абадская обл.;4170300000000000;Токтогульский р-н;41703225000000000;306241;"ЦОВП ""ОЗГОРУШ"" им. К.МАЛАБАШЕВА";Центр Общеврачебной Практики им. К. Малабашева села Кызыл-Озгоруш Токтогульского района;67;29;41;70;26;36;62;27;41;68;27;39;66
Джалал-Абадская обл.;4170300000000000;Токтогульский р-н;41703225000000000;306241;"ЦОВП ""ОЗГОРУШ"" им. К.МАЛАБАШЕВА";Центр Общеврачебной Практики им. К. Малабашева села Кызыл-Озгоруш Токтогульского района;68;20;35;55;17;32;49;19;58;77;16;58;74
Джалал-Абадская обл.;4170300000000000;Токтогульский р-н;41703225000000000;306241;"ЦОВП ""ОЗГОРУШ"" им. К.МАЛАБАШЕВА";Центр Общеврачебной Практики им. К. Малабашева села Кызыл-Озгоруш Токтогульского района;69;18;37;55;14;36;50;22;48;70;11;48;59
Джалал-Абадская обл.;4170300000000000;Токтогульский р-н;41703225000000000;306241;"ЦОВП ""ОЗГОРУШ"" им. К.МАЛАБАШЕВА";Центр Общеврачебной Практики им. К. Малабашева села Кызыл-Озгоруш Токтогульского района;70;25;30;55;24;29;53;19;43;62;15;41;56
Джалал-Абадская обл.;4170300000000000;Токтогульский р-н;41703225000000000;306241;"ЦОВП ""ОЗГОРУШ"" им. К.МАЛАБАШЕВА";Центр Общеврачебной Практики им. К. Малабашева села Кызыл-Озгоруш Токтогульского района;71;26;32;58;25;30;55;35;41;76;35;41;76
Джалал-Абадская обл.;4170300000000000;Токтогульский р-н;41703225000000000;306241;"ЦОВП ""ОЗГОРУШ"" им. К.МАЛАБАШЕВА";Центр Общеврачебной Практики им. К. Малабашева села Кызыл-Озгоруш Токтогульского района;72;20;30;50;20;30;50;19;43;62;19;43;62
Джалал-Абадская обл.;4170300000000000;Токтогульский р-н;41703225000000000;306241;"ЦОВП ""ОЗГОРУШ"" им. К.МАЛАБАШЕВА";Центр Общеврачебной Практики им. К. Малабашева села Кызыл-Озгоруш Токтогульского района;73;19;16;35;19;13;32;11;17;28;11;16;27
Джалал-Абадская обл.;4170300000000000;Токтогульский р-н;41703225000000000;306241;"ЦОВП ""ОЗГОРУШ"" им. К.МАЛАБАШЕВА";Центр Общеврачебной Практики им. К. Малабашева села Кызыл-Озгоруш Токтогульского района;74;9;18;27;9;18;27;19;17;36;19;17;36
Джалал-Абадская обл.;4170300000000000;Токтогульский р-н;41703225000000000;306241;"ЦОВП ""ОЗГОРУШ"" им. К.МАЛАБАШЕВА";Центр Общеврачебной Практики им. К. Малабашева села Кызыл-Озгоруш Токтогульского района;75;10;16;26;10;16;26;17;18;35;17;18;35
Джалал-Абадская обл.;4170300000000000;Токтогульский р-н;41703225000000000;306241;"ЦОВП ""ОЗГОРУШ"" им. К.МАЛАБАШЕВА";Центр Общеврачебной Практики им. К. Малабашева села Кызыл-Озгоруш Токтогульского района;76;7;20;27;6;19;25;3;30;33;2;30;32
Джалал-Абадская обл.;4170300000000000;Токтогульский р-н;41703225000000000;306241;"ЦОВП ""ОЗГОРУШ"" им. К.МАЛАБАШЕВА";Центр Общеврачебной Практики им. К. Малабашева села Кызыл-Озгоруш Токтогульского района;77;3;9;12;3;9;12;2;14;16;2;14;16
Джалал-Абадская обл.;4170300000000000;Токтогульский р-н;41703225000000000;306241;"ЦОВП ""ОЗГОРУШ"" им. К.МАЛАБАШЕВА";Центр Общеврачебной Практики им. К. Малабашева села Кызыл-Озгоруш Токтогульского района;78;3;12;15;3;12;15;0;8;8;0;8;8
Джалал-Абадская обл.;4170300000000000;Токтогульский р-н;41703225000000000;306241;"ЦОВП ""ОЗГОРУШ"" им. К.МАЛАБАШЕВА";Центр Общеврачебной Практики им. К. Малабашева села Кызыл-Озгоруш Токтогульского района;79;3;4;7;3;3;6;2;1;3;2;0;2
Джалал-Абадская обл.;4170300000000000;Токтогульский р-н;41703225000000000;306241;"ЦОВП ""ОЗГОРУШ"" им. К.МАЛАБАШЕВА";Центр Общеврачебной Практики им. К. Малабашева села Кызыл-Озгоруш Токтогульского района;80;4;3;7;4;3;7;1;3;4;0;3;3
Джалал-Абадская обл.;4170300000000000;Токтогульский р-н;41703225000000000;306241;"ЦОВП ""ОЗГОРУШ"" им. К.МАЛАБАШЕВА";Центр Общеврачебной Практики им. К. Малабашева села Кызыл-Озгоруш Токтогульского района;81;5;10;15;5;10;15;5;8;13;5;8;13
Джалал-Абадская обл.;4170300000000000;Токтогульский р-н;41703225000000000;306241;"ЦОВП ""ОЗГОРУШ"" им. К.МАЛАБАШЕВА";Центр Общеврачебной Практики им. К. Малабашева села Кызыл-Озгоруш Токтогульского района;82;13;7;20;12;7;19;6;5;11;6;5;11
Джалал-Абадская обл.;4170300000000000;Токтогульский р-н;41703225000000000;306241;"ЦОВП ""ОЗГОРУШ"" им. К.МАЛАБАШЕВА";Центр Общеврачебной Практики им. К. Малабашева села Кызыл-Озгоруш Токтогульского района;83;5;5;10;5;5;10;6;3;9;6;3;9
Джалал-Абадская обл.;4170300000000000;Токтогульский р-н;41703225000000000;306241;"ЦОВП ""ОЗГОРУШ"" им. К.МАЛАБАШЕВА";Центр Общеврачебной Практики им. К. Малабашева села Кызыл-Озгоруш Токтогульского района;84;7;16;23;7;16;23;1;8;9;1;8;9
Джалал-Абадская обл.;4170300000000000;Токтогульский р-н;41703225000000000;306241;"ЦОВП ""ОЗГОРУШ"" им. К.МАЛАБАШЕВА";Центр Общеврачебной Практики им. К. Малабашева села Кызыл-Озгоруш Токтогульского района;85;3;12;15;3;12;15;1;3;4;1;3;4
Джалал-Абадская обл.;4170300000000000;Токтогульский р-н;41703225000000000;306241;"ЦОВП ""ОЗГОРУШ"" им. К.МАЛАБАШЕВА";Центр Общеврачебной Практики им. К. Малабашева села Кызыл-Озгоруш Токтогульского района;86;4;20;24;3;20;23;6;2;8;6;2;8
Джалал-Абадская обл.;4170300000000000;Токтогульский р-н;41703225000000000;306241;"ЦОВП ""ОЗГОРУШ"" им. К.МАЛАБАШЕВА";Центр Общеврачебной Практики им. К. Малабашева села Кызыл-Озгоруш Токтогульского района;87;3;21;24;3;21;24;3;4;7;3;4;7
Джалал-Абадская обл.;4170300000000000;Токтогульский р-н;41703225000000000;306241;"ЦОВП ""ОЗГОРУШ"" им. К.МАЛАБАШЕВА";Центр Общеврачебной Практики им. К. Малабашева села Кызыл-Озгоруш Токтогульского района;88;2;15;17;2;15;17;1;7;8;1;7;8
Джалал-Абадская обл.;4170300000000000;Токтогульский р-н;41703225000000000;306241;"ЦОВП ""ОЗГОРУШ"" им. К.МАЛАБАШЕВА";Центр Общеврачебной Практики им. К. Малабашева села Кызыл-Озгоруш Токтогульского района;89;2;13;15;2;12;14;1;3;4;1;3;4
Джалал-Абадская обл.;4170300000000000;Токтогульский р-н;41703225000000000;306241;"ЦОВП ""ОЗГОРУШ"" им. К.МАЛАБАШЕВА";Центр Общеврачебной Практики им. К. Малабашева села Кызыл-Озгоруш Токтогульского района;90;1;9;10;1;9;10;0;1;1;0;1;1
Джалал-Абадская обл.;4170300000000000;Токтогульский р-н;41703225000000000;306241;"ЦОВП ""ОЗГОРУШ"" им. К.МАЛАБАШЕВА";Центр Общеврачебной Практики им. К. Малабашева села Кызыл-Озгоруш Токтогульского района;92;2;18;20;2;18;20;2;7;9;2;6;8
Джалал-Абадская обл.;4170300000000000;Токтогульский р-н;41703225000000000;306241;"ЦОВП ""ОЗГОРУШ"" им. К.МАЛАБАШЕВА";Центр Общеврачебной Практики им. К. Малабашева села Кызыл-Озгоруш Токтогульского района;93;1;6;7;1;6;7;0;2;2;0;2;2
Джалал-Абадская обл.;4170300000000000;Токтогульский р-н;41703225000000000;306241;"ЦОВП ""ОЗГОРУШ"" им. К.МАЛАБАШЕВА";Центр Общеврачебной Практики им. К. Малабашева села Кызыл-Озгоруш Токтогульского района;94;2;18;20;2;18;20;0;1;1;0;1;1
Джалал-Абадская обл.;4170300000000000;Токтогульский р-н;41703225000000000;306241;"ЦОВП ""ОЗГОРУШ"" им. К.МАЛАБАШЕВА";Центр Общеврачебной Практики им. К. Малабашева села Кызыл-Озгоруш Токтогульского района;95;1;18;19;1;18;19;2;1;3;2;1;3
Джалал-Абадская обл.;4170300000000000;Токтогульский р-н;41703225000000000;306241;"ЦОВП ""ОЗГОРУШ"" им. К.МАЛАБАШЕВА";Центр Общеврачебной Практики им. К. Малабашева села Кызыл-Озгоруш Токтогульского района;96;1;12;13;1;12;13;3;1;4;3;1;4
Баткенская обл.;4170500000000000;Баткенский р-н;41705214000000000;512871;"ЦОВП ""САМАРКАНДЕК""";"ЦЕНТР ОБЩЕВРАЧЕБНОЙ ПРАКТИКИ ""САМАРКАНДЕК""";0;257;287;544;257;287;544;1820;2007;3827;1820;2007;3827
Баткенская обл.;4170500000000000;Баткенский р-н;41705214000000000;512871;"ЦОВП ""САМАРКАНДЕК""";"ЦЕНТР ОБЩЕВРАЧЕБНОЙ ПРАКТИКИ ""САМАРКАНДЕК""";1;289;321;610;289;321;610;676;832;1508;676;832;1508
Баткенская обл.;4170500000000000;Баткенский р-н;41705214000000000;512871;"ЦОВП ""САМАРКАНДЕК""";"ЦЕНТР ОБЩЕВРАЧЕБНОЙ ПРАКТИКИ ""САМАРКАНДЕК""";2;301;342;643;301;342;643;620;481;1101;620;481;1101
Баткенская обл.;4170500000000000;Баткенский р-н;41705214000000000;512871;"ЦОВП ""САМАРКАНДЕК""";"ЦЕНТР ОБЩЕВРАЧЕБНОЙ ПРАКТИКИ ""САМАРКАНДЕК""";3;332;330;662;332;330;662;474;532;1006;474;532;1006
Баткенская обл.;4170500000000000;Баткенский р-н;41705214000000000;512871;"ЦОВП ""САМАРКАНДЕК""";"ЦЕНТР ОБЩЕВРАЧЕБНОЙ ПРАКТИКИ ""САМАРКАНДЕК""";4;351;332;683;351;332;683;481;429;910;481;429;910
Баткенская обл.;4170500000000000;Баткенский р-н;41705214000000000;512871;"ЦОВП ""САМАРКАНДЕК""";"ЦЕНТР ОБЩЕВРАЧЕБНОЙ ПРАКТИКИ ""САМАРКАНДЕК""";5;362;360;722;362;360;722;637;500;1137;637;500;1137
Баткенская обл.;4170500000000000;Баткенский р-н;41705214000000000;512871;"ЦОВП ""САМАРКАНДЕК""";"ЦЕНТР ОБЩЕВРАЧЕБНОЙ ПРАКТИКИ ""САМАРКАНДЕК""";6;429;415;844;429;415;844;436;418;854;436;418;854
Баткенская обл.;4170500000000000;Баткенский р-н;41705214000000000;512871;"ЦОВП ""САМАРКАНДЕК""";"ЦЕНТР ОБЩЕВРАЧЕБНОЙ ПРАКТИКИ ""САМАРКАНДЕК""";7;340;422;762;340;422;762;227;232;459;227;232;459
Баткенская обл.;4170500000000000;Баткенский р-н;41705214000000000;512871;"ЦОВП ""САМАРКАНДЕК""";"ЦЕНТР ОБЩЕВРАЧЕБНОЙ ПРАКТИКИ ""САМАРКАНДЕК""";8;385;471;856;385;471;856;181;144;325;181;144;325
Баткенская обл.;4170500000000000;Баткенский р-н;41705214000000000;512871;"ЦОВП ""САМАРКАНДЕК""";"ЦЕНТР ОБЩЕВРАЧЕБНОЙ ПРАКТИКИ ""САМАРКАНДЕК""";9;411;437;848;411;437;848;174;135;309;174;135;309
Баткенская обл.;4170500000000000;Баткенский р-н;41705214000000000;512871;"ЦОВП ""САМАРКАНДЕК""";"ЦЕНТР ОБЩЕВРАЧЕБНОЙ ПРАКТИКИ ""САМАРКАНДЕК""";10;377;501;878;377;501;878;245;214;459;245;214;459
Баткенская обл.;4170500000000000;Баткенский р-н;41705214000000000;512871;"ЦОВП ""САМАРКАНДЕК""";"ЦЕНТР ОБЩЕВРАЧЕБНОЙ ПРАКТИКИ ""САМАРКАНДЕК""";11;424;488;912;424;488;912;225;189;414;225;189;414
Баткенская обл.;4170500000000000;Баткенский р-н;41705214000000000;512871;"ЦОВП ""САМАРКАНДЕК""";"ЦЕНТР ОБЩЕВРАЧЕБНОЙ ПРАКТИКИ ""САМАРКАНДЕК""";12;354;476;830;354;476;830;202;141;343;202;141;343
Баткенская обл.;4170500000000000;Баткенский р-н;41705214000000000;512871;"ЦОВП ""САМАРКАНДЕК""";"ЦЕНТР ОБЩЕВРАЧЕБНОЙ ПРАКТИКИ ""САМАРКАНДЕК""";13;314;443;757;314;443;757;158;148;306;158;148;306
Баткенская обл.;4170500000000000;Баткенский р-н;41705214000000000;512871;"ЦОВП ""САМАРКАНДЕК""";"ЦЕНТР ОБЩЕВРАЧЕБНОЙ ПРАКТИКИ ""САМАРКАНДЕК""";14;312;406;718;312;406;718;181;162;343;181;162;343
Баткенская обл.;4170500000000000;Баткенский р-н;41705214000000000;512871;"ЦОВП ""САМАРКАНДЕК""";"ЦЕНТР ОБЩЕВРАЧЕБНОЙ ПРАКТИКИ ""САМАРКАНДЕК""";15;304;354;658;304;354;658;262;218;480;262;218;480
Баткенская обл.;4170500000000000;Баткенский р-н;41705214000000000;512871;"ЦОВП ""САМАРКАНДЕК""";"ЦЕНТР ОБЩЕВРАЧЕБНОЙ ПРАКТИКИ ""САМАРКАНДЕК""";16;271;329;600;271;329;600;291;304;595;282;301;583
Баткенская обл.;4170500000000000;Баткенский р-н;41705214000000000;512871;"ЦОВП ""САМАРКАНДЕК""";"ЦЕНТР ОБЩЕВРАЧЕБНОЙ ПРАКТИКИ ""САМАРКАНДЕК""";17;258;327;585;234;314;548;414;367;781;371;336;707
Баткенская обл.;4170500000000000;Баткенский р-н;41705214000000000;512871;"ЦОВП ""САМАРКАНДЕК""";"ЦЕНТР ОБЩЕВРАЧЕБНОЙ ПРАКТИКИ ""САМАРКАНДЕК""";18;220;273;493;196;249;445;377;510;887;327;400;727
Баткенская обл.;4170500000000000;Баткенский р-н;41705214000000000;512871;"ЦОВП ""САМАРКАНДЕК""";"ЦЕНТР ОБЩЕВРАЧЕБНОЙ ПРАКТИКИ ""САМАРКАНДЕК""";19;232;294;526;158;233;391;277;563;840;146;273;419
Баткенская обл.;4170500000000000;Баткенский р-н;41705214000000000;512871;"ЦОВП ""САМАРКАНДЕК""";"ЦЕНТР ОБЩЕВРАЧЕБНОЙ ПРАКТИКИ ""САМАРКАНДЕК""";20;248;285;533;79;164;243;213;487;700;50;201;251
Баткенская обл.;4170500000000000;Баткенский р-н;41705214000000000;512871;"ЦОВП ""САМАРКАНДЕК""";"ЦЕНТР ОБЩЕВРАЧЕБНОЙ ПРАКТИКИ ""САМАРКАНДЕК""";21;213;269;482;35;81;116;180;434;614;15;158;173
Баткенская обл.;4170500000000000;Баткенский р-н;41705214000000000;512871;"ЦОВП ""САМАРКАНДЕК""";"ЦЕНТР ОБЩЕВРАЧЕБНОЙ ПРАКТИКИ ""САМАРКАНДЕК""";22;212;250;462;10;57;67;209;544;753;9;265;274
Баткенская обл.;4170500000000000;Баткенский р-н;41705214000000000;512871;"ЦОВП ""САМАРКАНДЕК""";"ЦЕНТР ОБЩЕВРАЧЕБНОЙ ПРАКТИКИ ""САМАРКАНДЕК""";23;189;275;464;16;73;89;199;423;622;29;223;252
Баткенская обл.;4170500000000000;Баткенский р-н;41705214000000000;512871;"ЦОВП ""САМАРКАНДЕК""";"ЦЕНТР ОБЩЕВРАЧЕБНОЙ ПРАКТИКИ ""САМАРКАНДЕК""";24;224;226;450;14;68;82;213;476;689;14;266;280
Баткенская обл.;4170500000000000;Баткенский р-н;41705214000000000;512871;"ЦОВП ""САМАРКАНДЕК""";"ЦЕНТР ОБЩЕВРАЧЕБНОЙ ПРАКТИКИ ""САМАРКАНДЕК""";25;227;262;489;14;93;107;202;592;794;28;368;396
Баткенская обл.;4170500000000000;Баткенский р-н;41705214000000000;512871;"ЦОВП ""САМАРКАНДЕК""";"ЦЕНТР ОБЩЕВРАЧЕБНОЙ ПРАКТИКИ ""САМАРКАНДЕК""";26;221;253;474;26;106;132;212;536;748;19;394;413
Баткенская обл.;4170500000000000;Баткенский р-н;41705214000000000;512871;"ЦОВП ""САМАРКАНДЕК""";"ЦЕНТР ОБЩЕВРАЧЕБНОЙ ПРАКТИКИ ""САМАРКАНДЕК""";27;220;223;443;25;109;134;180;484;664;34;328;362
Баткенская обл.;4170500000000000;Баткенский р-н;41705214000000000;512871;"ЦОВП ""САМАРКАНДЕК""";"ЦЕНТР ОБЩЕВРАЧЕБНОЙ ПРАКТИКИ ""САМАРКАНДЕК""";28;244;223;467;45;114;159;231;490;721;57;344;401
Баткенская обл.;4170500000000000;Баткенский р-н;41705214000000000;512871;"ЦОВП ""САМАРКАНДЕК""";"ЦЕНТР ОБЩЕВРАЧЕБНОЙ ПРАКТИКИ ""САМАРКАНДЕК""";29;226;239;465;58;139;197;204;748;952;69;544;613
Баткенская обл.;4170500000000000;Баткенский р-н;41705214000000000;512871;"ЦОВП ""САМАРКАНДЕК""";"ЦЕНТР ОБЩЕВРАЧЕБНОЙ ПРАКТИКИ ""САМАРКАНДЕК""";30;209;216;425;68;113;181;169;424;593;70;343;413
Баткенская обл.;4170500000000000;Баткенский р-н;41705214000000000;512871;"ЦОВП ""САМАРКАНДЕК""";"ЦЕНТР ОБЩЕВРАЧЕБНОЙ ПРАКТИКИ ""САМАРКАНДЕК""";31;195;223;418;61;131;192;135;477;612;50;390;440
Баткенская обл.;4170500000000000;Баткенский р-н;41705214000000000;512871;"ЦОВП ""САМАРКАНДЕК""";"ЦЕНТР ОБЩЕВРАЧЕБНОЙ ПРАКТИКИ ""САМАРКАНДЕК""";32;189;212;401;71;133;204;107;520;627;61;421;482
Баткенская обл.;4170500000000000;Баткенский р-н;41705214000000000;512871;"ЦОВП ""САМАРКАНДЕК""";"ЦЕНТР ОБЩЕВРАЧЕБНОЙ ПРАКТИКИ ""САМАРКАНДЕК""";33;185;214;399;71;129;200;166;460;626;73;323;396
Баткенская обл.;4170500000000000;Баткенский р-н;41705214000000000;512871;"ЦОВП ""САМАРКАНДЕК""";"ЦЕНТР ОБЩЕВРАЧЕБНОЙ ПРАКТИКИ ""САМАРКАНДЕК""";34;240;225;465;89;136;225;156;435;591;70;367;437
Баткенская обл.;4170500000000000;Баткенский р-н;41705214000000000;512871;"ЦОВП ""САМАРКАНДЕК""";"ЦЕНТР ОБЩЕВРАЧЕБНОЙ ПРАКТИКИ ""САМАРКАНДЕК""";35;185;199;384;68;123;191;152;502;654;71;428;499
Баткенская обл.;4170500000000000;Баткенский р-н;41705214000000000;512871;"ЦОВП ""САМАРКАНДЕК""";"ЦЕНТР ОБЩЕВРАЧЕБНОЙ ПРАКТИКИ ""САМАРКАНДЕК""";36;227;220;447;99;145;244;176;472;648;73;382;455
Баткенская обл.;4170500000000000;Баткенский р-н;41705214000000000;512871;"ЦОВП ""САМАРКАНДЕК""";"ЦЕНТР ОБЩЕВРАЧЕБНОЙ ПРАКТИКИ ""САМАРКАНДЕК""";37;176;191;367;68;113;181;124;325;449;65;232;297
Баткенская обл.;4170500000000000;Баткенский р-н;41705214000000000;512871;"ЦОВП ""САМАРКАНДЕК""";"ЦЕНТР ОБЩЕВРАЧЕБНОЙ ПРАКТИКИ ""САМАРКАНДЕК""";38;202;179;381;76;99;175;171;317;488;61;262;323
Баткенская обл.;4170500000000000;Баткенский р-н;41705214000000000;512871;"ЦОВП ""САМАРКАНДЕК""";"ЦЕНТР ОБЩЕВРАЧЕБНОЙ ПРАКТИКИ ""САМАРКАНДЕК""";39;183;200;383;75;120;195;141;314;455;65;266;331
Баткенская обл.;4170500000000000;Баткенский р-н;41705214000000000;512871;"ЦОВП ""САМАРКАНДЕК""";"ЦЕНТР ОБЩЕВРАЧЕБНОЙ ПРАКТИКИ ""САМАРКАНДЕК""";40;165;174;339;71;112;183;113;318;431;60;261;321
Баткенская обл.;4170500000000000;Баткенский р-н;41705214000000000;512871;"ЦОВП ""САМАРКАНДЕК""";"ЦЕНТР ОБЩЕВРАЧЕБНОЙ ПРАКТИКИ ""САМАРКАНДЕК""";41;175;182;357;80;105;185;99;273;372;45;186;231
Баткенская обл.;4170500000000000;Баткенский р-н;41705214000000000;512871;"ЦОВП ""САМАРКАНДЕК""";"ЦЕНТР ОБЩЕВРАЧЕБНОЙ ПРАКТИКИ ""САМАРКАНДЕК""";42;141;155;296;51;83;134;124;260;384;59;185;244
Баткенская обл.;4170500000000000;Баткенский р-н;41705214000000000;512871;"ЦОВП ""САМАРКАНДЕК""";"ЦЕНТР ОБЩЕВРАЧЕБНОЙ ПРАКТИКИ ""САМАРКАНДЕК""";43;146;167;313;57;90;147;92;244;336;48;149;197
Баткенская обл.;4170500000000000;Баткенский р-н;41705214000000000;512871;"ЦОВП ""САМАРКАНДЕК""";"ЦЕНТР ОБЩЕВРАЧЕБНОЙ ПРАКТИКИ ""САМАРКАНДЕК""";44;147;125;272;52;55;107;105;195;300;45;140;185
Баткенская обл.;4170500000000000;Баткенский р-н;41705214000000000;512871;"ЦОВП ""САМАРКАНДЕК""";"ЦЕНТР ОБЩЕВРАЧЕБНОЙ ПРАКТИКИ ""САМАРКАНДЕК""";45;157;131;288;45;57;102;153;261;414;77;184;261
Баткенская обл.;4170500000000000;Баткенский р-н;41705214000000000;512871;"ЦОВП ""САМАРКАНДЕК""";"ЦЕНТР ОБЩЕВРАЧЕБНОЙ ПРАКТИКИ ""САМАРКАНДЕК""";46;112;139;251;42;66;108;91;273;364;49;171;220
Баткенская обл.;4170500000000000;Баткенский р-н;41705214000000000;512871;"ЦОВП ""САМАРКАНДЕК""";"ЦЕНТР ОБЩЕВРАЧЕБНОЙ ПРАКТИКИ ""САМАРКАНДЕК""";47;100;129;229;42;64;106;84;218;302;48;146;194
Баткенская обл.;4170500000000000;Баткенский р-н;41705214000000000;512871;"ЦОВП ""САМАРКАНДЕК""";"ЦЕНТР ОБЩЕВРАЧЕБНОЙ ПРАКТИКИ ""САМАРКАНДЕК""";48;106;129;235;42;55;97;105;226;331;61;117;178
Баткенская обл.;4170500000000000;Баткенский р-н;41705214000000000;512871;"ЦОВП ""САМАРКАНДЕК""";"ЦЕНТР ОБЩЕВРАЧЕБНОЙ ПРАКТИКИ ""САМАРКАНДЕК""";49;116;129;245;50;49;99;85;199;284;40;126;166
Баткенская обл.;4170500000000000;Баткенский р-н;41705214000000000;512871;"ЦОВП ""САМАРКАНДЕК""";"ЦЕНТР ОБЩЕВРАЧЕБНОЙ ПРАКТИКИ ""САМАРКАНДЕК""";50;109;115;224;35;46;81;121;217;338;21;136;157
Баткенская обл.;4170500000000000;Баткенский р-н;41705214000000000;512871;"ЦОВП ""САМАРКАНДЕК""";"ЦЕНТР ОБЩЕВРАЧЕБНОЙ ПРАКТИКИ ""САМАРКАНДЕК""";51;111;124;235;38;55;93;98;167;265;50;90;140
Баткенская обл.;4170500000000000;Баткенский р-н;41705214000000000;512871;"ЦОВП ""САМАРКАНДЕК""";"ЦЕНТР ОБЩЕВРАЧЕБНОЙ ПРАКТИКИ ""САМАРКАНДЕК""";52;110;101;211;39;43;82;80;238;318;38;135;173
Баткенская обл.;4170500000000000;Баткенский р-н;41705214000000000;512871;"ЦОВП ""САМАРКАНДЕК""";"ЦЕНТР ОБЩЕВРАЧЕБНОЙ ПРАКТИКИ ""САМАРКАНДЕК""";53;105;121;226;45;50;95;110;184;294;70;115;185
Баткенская обл.;4170500000000000;Баткенский р-н;41705214000000000;512871;"ЦОВП ""САМАРКАНДЕК""";"ЦЕНТР ОБЩЕВРАЧЕБНОЙ ПРАКТИКИ ""САМАРКАНДЕК""";54;94;108;202;42;43;85;124;178;302;79;106;185
Баткенская обл.;4170500000000000;Баткенский р-н;41705214000000000;512871;"ЦОВП ""САМАРКАНДЕК""";"ЦЕНТР ОБЩЕВРАЧЕБНОЙ ПРАКТИКИ ""САМАРКАНДЕК""";55;92;107;199;44;47;91;110;149;259;82;93;175
Баткенская обл.;4170500000000000;Баткенский р-н;41705214000000000;512871;"ЦОВП ""САМАРКАНДЕК""";"ЦЕНТР ОБЩЕВРАЧЕБНОЙ ПРАКТИКИ ""САМАРКАНДЕК""";56;87;92;179;53;45;98;93;203;296;47;140;187
Баткенская обл.;4170500000000000;Баткенский р-н;41705214000000000;512871;"ЦОВП ""САМАРКАНДЕК""";"ЦЕНТР ОБЩЕВРАЧЕБНОЙ ПРАКТИКИ ""САМАРКАНДЕК""";57;72;100;172;37;54;91;105;228;333;71;178;249
Баткенская обл.;4170500000000000;Баткенский р-н;41705214000000000;512871;"ЦОВП ""САМАРКАНДЕК""";"ЦЕНТР ОБЩЕВРАЧЕБНОЙ ПРАКТИКИ ""САМАРКАНДЕК""";58;87;100;187;43;64;107;89;188;277;49;165;214
Баткенская обл.;4170500000000000;Баткенский р-н;41705214000000000;512871;"ЦОВП ""САМАРКАНДЕК""";"ЦЕНТР ОБЩЕВРАЧЕБНОЙ ПРАКТИКИ ""САМАРКАНДЕК""";59;80;125;205;42;83;125;76;267;343;52;221;273
Баткенская обл.;4170500000000000;Баткенский р-н;41705214000000000;512871;"ЦОВП ""САМАРКАНДЕК""";"ЦЕНТР ОБЩЕВРАЧЕБНОЙ ПРАКТИКИ ""САМАРКАНДЕК""";60;91;107;198;42;72;114;163;221;384;99;188;287
Баткенская обл.;4170500000000000;Баткенский р-н;41705214000000000;512871;"ЦОВП ""САМАРКАНДЕК""";"ЦЕНТР ОБЩЕВРАЧЕБНОЙ ПРАКТИКИ ""САМАРКАНДЕК""";61;94;100;194;46;76;122;111;214;325;72;179;251
Баткенская обл.;4170500000000000;Баткенский р-н;41705214000000000;512871;"ЦОВП ""САМАРКАНДЕК""";"ЦЕНТР ОБЩЕВРАЧЕБНОЙ ПРАКТИКИ ""САМАРКАНДЕК""";62;70;97;167;44;75;119;114;191;305;82;170;252
Баткенская обл.;4170500000000000;Баткенский р-н;41705214000000000;512871;"ЦОВП ""САМАРКАНДЕК""";"ЦЕНТР ОБЩЕВРАЧЕБНОЙ ПРАКТИКИ ""САМАРКАНДЕК""";63;83;106;189;53;87;140;148;243;391;107;224;331
Баткенская обл.;4170500000000000;Баткенский р-н;41705214000000000;512871;"ЦОВП ""САМАРКАНДЕК""";"ЦЕНТР ОБЩЕВРАЧЕБНОЙ ПРАКТИКИ ""САМАРКАНДЕК""";64;89;115;204;58;103;161;126;240;366;100;222;322
Баткенская обл.;4170500000000000;Баткенский р-н;41705214000000000;512871;"ЦОВП ""САМАРКАНДЕК""";"ЦЕНТР ОБЩЕВРАЧЕБНОЙ ПРАКТИКИ ""САМАРКАНДЕК""";65;61;80;141;51;73;124;83;180;263;74;154;228
Баткенская обл.;4170500000000000;Баткенский р-н;41705214000000000;512871;"ЦОВП ""САМАРКАНДЕК""";"ЦЕНТР ОБЩЕВРАЧЕБНОЙ ПРАКТИКИ ""САМАРКАНДЕК""";66;67;80;147;52;75;127;70;176;246;57;164;221
Баткенская обл.;4170500000000000;Баткенский р-н;41705214000000000;512871;"ЦОВП ""САМАРКАНДЕК""";"ЦЕНТР ОБЩЕВРАЧЕБНОЙ ПРАКТИКИ ""САМАРКАНДЕК""";67;49;69;118;46;60;106;92;111;203;91;106;197
Баткенская обл.;4170500000000000;Баткенский р-н;41705214000000000;512871;"ЦОВП ""САМАРКАНДЕК""";"ЦЕНТР ОБЩЕВРАЧЕБНОЙ ПРАКТИКИ ""САМАРКАНДЕК""";68;51;63;114;51;60;111;70;135;205;70;135;205
Баткенская обл.;4170500000000000;Баткенский р-н;41705214000000000;512871;"ЦОВП ""САМАРКАНДЕК""";"ЦЕНТР ОБЩЕВРАЧЕБНОЙ ПРАКТИКИ ""САМАРКАНДЕК""";69;42;73;115;40;70;110;74;135;209;66;131;197
Баткенская обл.;4170500000000000;Баткенский р-н;41705214000000000;512871;"ЦОВП ""САМАРКАНДЕК""";"ЦЕНТР ОБЩЕВРАЧЕБНОЙ ПРАКТИКИ ""САМАРКАНДЕК""";70;42;42;84;41;41;82;67;91;158;65;90;155
Баткенская обл.;4170500000000000;Баткенский р-н;41705214000000000;512871;"ЦОВП ""САМАРКАНДЕК""";"ЦЕНТР ОБЩЕВРАЧЕБНОЙ ПРАКТИКИ ""САМАРКАНДЕК""";71;29;57;86;28;54;82;39;116;155;37;112;149
Баткенская обл.;4170500000000000;Баткенский р-н;41705214000000000;512871;"ЦОВП ""САМАРКАНДЕК""";"ЦЕНТР ОБЩЕВРАЧЕБНОЙ ПРАКТИКИ ""САМАРКАНДЕК""";72;41;61;102;40;59;99;50;128;178;49;122;171
Баткенская обл.;4170500000000000;Баткенский р-н;41705214000000000;512871;"ЦОВП ""САМАРКАНДЕК""";"ЦЕНТР ОБЩЕВРАЧЕБНОЙ ПРАКТИКИ ""САМАРКАНДЕК""";73;22;55;77;22;52;74;38;128;166;35;120;155
Баткенская обл.;4170500000000000;Баткенский р-н;41705214000000000;512871;"ЦОВП ""САМАРКАНДЕК""";"ЦЕНТР ОБЩЕВРАЧЕБНОЙ ПРАКТИКИ ""САМАРКАНДЕК""";74;28;51;79;26;48;74;50;71;121;49;61;110
Баткенская обл.;4170500000000000;Баткенский р-н;41705214000000000;512871;"ЦОВП ""САМАРКАНДЕК""";"ЦЕНТР ОБЩЕВРАЧЕБНОЙ ПРАКТИКИ ""САМАРКАНДЕК""";75;25;36;61;23;34;57;21;42;63;21;41;62
Баткенская обл.;4170500000000000;Баткенский р-н;41705214000000000;512871;"ЦОВП ""САМАРКАНДЕК""";"ЦЕНТР ОБЩЕВРАЧЕБНОЙ ПРАКТИКИ ""САМАРКАНДЕК""";76;27;29;56;26;26;52;46;45;91;44;44;88
Баткенская обл.;4170500000000000;Баткенский р-н;41705214000000000;512871;"ЦОВП ""САМАРКАНДЕК""";"ЦЕНТР ОБЩЕВРАЧЕБНОЙ ПРАКТИКИ ""САМАРКАНДЕК""";77;14;25;39;14;25;39;29;44;73;29;44;73
Баткенская обл.;4170500000000000;Баткенский р-н;41705214000000000;512871;"ЦОВП ""САМАРКАНДЕК""";"ЦЕНТР ОБЩЕВРАЧЕБНОЙ ПРАКТИКИ ""САМАРКАНДЕК""";78;9;17;26;9;16;25;38;19;57;38;19;57
Баткенская обл.;4170500000000000;Баткенский р-н;41705214000000000;512871;"ЦОВП ""САМАРКАНДЕК""";"ЦЕНТР ОБЩЕВРАЧЕБНОЙ ПРАКТИКИ ""САМАРКАНДЕК""";79;14;12;26;13;12;25;14;19;33;14;19;33
Баткенская обл.;4170500000000000;Баткенский р-н;41705214000000000;512871;"ЦОВП ""САМАРКАНДЕК""";"ЦЕНТР ОБЩЕВРАЧЕБНОЙ ПРАКТИКИ ""САМАРКАНДЕК""";80;4;12;16;4;12;16;27;8;35;27;8;35
Баткенская обл.;4170500000000000;Баткенский р-н;41705214000000000;512871;"ЦОВП ""САМАРКАНДЕК""";"ЦЕНТР ОБЩЕВРАЧЕБНОЙ ПРАКТИКИ ""САМАРКАНДЕК""";81;4;6;10;4;6;10;18;8;26;18;8;26
Баткенская обл.;4170500000000000;Баткенский р-н;41705214000000000;512871;"ЦОВП ""САМАРКАНДЕК""";"ЦЕНТР ОБЩЕВРАЧЕБНОЙ ПРАКТИКИ ""САМАРКАНДЕК""";82;9;10;19;9;10;19;18;14;32;18;14;32
Баткенская обл.;4170500000000000;Баткенский р-н;41705214000000000;512871;"ЦОВП ""САМАРКАНДЕК""";"ЦЕНТР ОБЩЕВРАЧЕБНОЙ ПРАКТИКИ ""САМАРКАНДЕК""";83;12;10;22;12;10;22;21;7;28;21;7;28
Баткенская обл.;4170500000000000;Баткенский р-н;41705214000000000;512871;"ЦОВП ""САМАРКАНДЕК""";"ЦЕНТР ОБЩЕВРАЧЕБНОЙ ПРАКТИКИ ""САМАРКАНДЕК""";84;16;12;28;15;11;26;16;16;32;16;16;32
Баткенская обл.;4170500000000000;Баткенский р-н;41705214000000000;512871;"ЦОВП ""САМАРКАНДЕК""";"ЦЕНТР ОБЩЕВРАЧЕБНОЙ ПРАКТИКИ ""САМАРКАНДЕК""";85;3;14;17;3;14;17;14;16;30;14;16;30
Баткенская обл.;4170500000000000;Баткенский р-н;41705214000000000;512871;"ЦОВП ""САМАРКАНДЕК""";"ЦЕНТР ОБЩЕВРАЧЕБНОЙ ПРАКТИКИ ""САМАРКАНДЕК""";86;11;9;20;11;8;19;18;16;34;18;16;34
Баткенская обл.;4170500000000000;Баткенский р-н;41705214000000000;512871;"ЦОВП ""САМАРКАНДЕК""";"ЦЕНТР ОБЩЕВРАЧЕБНОЙ ПРАКТИКИ ""САМАРКАНДЕК""";87;7;13;20;7;13;20;7;14;21;7;14;21
Баткенская обл.;4170500000000000;Баткенский р-н;41705214000000000;512871;"ЦОВП ""САМАРКАНДЕК""";"ЦЕНТР ОБЩЕВРАЧЕБНОЙ ПРАКТИКИ ""САМАРКАНДЕК""";88;8;14;22;8;14;22;0;11;11;0;11;11
Баткенская обл.;4170500000000000;Баткенский р-н;41705214000000000;512871;"ЦОВП ""САМАРКАНДЕК""";"ЦЕНТР ОБЩЕВРАЧЕБНОЙ ПРАКТИКИ ""САМАРКАНДЕК""";89;0;6;6;0;6;6;2;6;8;2;6;8
Баткенская обл.;4170500000000000;Баткенский р-н;41705214000000000;512871;"ЦОВП ""САМАРКАНДЕК""";"ЦЕНТР ОБЩЕВРАЧЕБНОЙ ПРАКТИКИ ""САМАРКАНДЕК""";90;4;12;16;3;11;14;7;4;11;6;4;10
Баткенская обл.;4170500000000000;Баткенский р-н;41705214000000000;512871;"ЦОВП ""САМАРКАНДЕК""";"ЦЕНТР ОБЩЕВРАЧЕБНОЙ ПРАКТИКИ ""САМАРКАНДЕК""";91;4;7;11;4;7;11;1;6;7;1;6;7
Баткенская обл.;4170500000000000;Баткенский р-н;41705214000000000;512871;"ЦОВП ""САМАРКАНДЕК""";"ЦЕНТР ОБЩЕВРАЧЕБНОЙ ПРАКТИКИ ""САМАРКАНДЕК""";92;3;13;16;3;13;16;2;8;10;2;8;10
Баткенская обл.;4170500000000000;Баткенский р-н;41705214000000000;512871;"ЦОВП ""САМАРКАНДЕК""";"ЦЕНТР ОБЩЕВРАЧЕБНОЙ ПРАКТИКИ ""САМАРКАНДЕК""";93;1;4;5;1;4;5;0;10;10;0;10;10
Баткенская обл.;4170500000000000;Баткенский р-н;41705214000000000;512871;"ЦОВП ""САМАРКАНДЕК""";"ЦЕНТР ОБЩЕВРАЧЕБНОЙ ПРАКТИКИ ""САМАРКАНДЕК""";94;3;7;10;3;7;10;0;10;10;0;10;10
Баткенская обл.;4170500000000000;Баткенский р-н;41705214000000000;512871;"ЦОВП ""САМАРКАНДЕК""";"ЦЕНТР ОБЩЕВРАЧЕБНОЙ ПРАКТИКИ ""САМАРКАНДЕК""";96;1;8;9;1;8;9;0;6;6;0;6;6
Баткенская обл.;4170500000000000;Баткенский р-н;41705214000000000;512871;"ЦОВП ""САМАРКАНДЕК""";"ЦЕНТР ОБЩЕВРАЧЕБНОЙ ПРАКТИКИ ""САМАРКАНДЕК""";97;1;2;3;1;2;3;0;1;1;0;1;1
Баткенская обл.;4170500000000000;Баткенский р-н;41705214000000000;512871;"ЦОВП ""САМАРКАНДЕК""";"ЦЕНТР ОБЩЕВРАЧЕБНОЙ ПРАКТИКИ ""САМАРКАНДЕК""";98;1;1;2;1;1;2;0;1;1;0;1;1
Баткенская обл.;4170500000000000;Сулюкта г.;41705420000000000;512951;"ЦОВП ""СУЛЮКТА""";"ЦЕНТР ОБЩЕВРАЧЕБНОЙ ПРАКТИКИ ""СУЛЮКТА""";0;166;147;313;166;147;313;414;296;710;414;296;710
Баткенская обл.;4170500000000000;Сулюкта г.;41705420000000000;512951;"ЦОВП ""СУЛЮКТА""";"ЦЕНТР ОБЩЕВРАЧЕБНОЙ ПРАКТИКИ ""СУЛЮКТА""";1;208;173;381;208;173;381;209;147;356;209;147;356
Баткенская обл.;4170500000000000;Сулюкта г.;41705420000000000;512951;"ЦОВП ""СУЛЮКТА""";"ЦЕНТР ОБЩЕВРАЧЕБНОЙ ПРАКТИКИ ""СУЛЮКТА""";2;227;209;436;227;209;436;156;205;361;156;205;361
Баткенская обл.;4170500000000000;Сулюкта г.;41705420000000000;512951;"ЦОВП ""СУЛЮКТА""";"ЦЕНТР ОБЩЕВРАЧЕБНОЙ ПРАКТИКИ ""СУЛЮКТА""";3;218;221;439;218;221;439;97;133;230;97;133;230
Баткенская обл.;4170500000000000;Сулюкта г.;41705420000000000;512951;"ЦОВП ""СУЛЮКТА""";"ЦЕНТР ОБЩЕВРАЧЕБНОЙ ПРАКТИКИ ""СУЛЮКТА""";4;243;202;445;243;202;445;95;88;183;95;88;183
Баткенская обл.;4170500000000000;Сулюкта г.;41705420000000000;512951;"ЦОВП ""СУЛЮКТА""";"ЦЕНТР ОБЩЕВРАЧЕБНОЙ ПРАКТИКИ ""СУЛЮКТА""";5;252;270;522;252;270;522;118;110;228;118;110;228
Баткенская обл.;4170500000000000;Сулюкта г.;41705420000000000;512951;"ЦОВП ""СУЛЮКТА""";"ЦЕНТР ОБЩЕВРАЧЕБНОЙ ПРАКТИКИ ""СУЛЮКТА""";6;216;246;462;216;246;462;160;146;306;160;146;306
Баткенская обл.;4170500000000000;Сулюкта г.;41705420000000000;512951;"ЦОВП ""СУЛЮКТА""";"ЦЕНТР ОБЩЕВРАЧЕБНОЙ ПРАКТИКИ ""СУЛЮКТА""";7;235;274;509;235;274;509;86;74;160;86;74;160
Баткенская обл.;4170500000000000;Сулюкта г.;41705420000000000;512951;"ЦОВП ""СУЛЮКТА""";"ЦЕНТР ОБЩЕВРАЧЕБНОЙ ПРАКТИКИ ""СУЛЮКТА""";8;202;311;513;202;311;513;40;59;99;40;59;99
Баткенская обл.;4170500000000000;Сулюкта г.;41705420000000000;512951;"ЦОВП ""СУЛЮКТА""";"ЦЕНТР ОБЩЕВРАЧЕБНОЙ ПРАКТИКИ ""СУЛЮКТА""";9;205;289;494;205;289;494;30;33;63;30;33;63
Баткенская обл.;4170500000000000;Сулюкта г.;41705420000000000;512951;"ЦОВП ""СУЛЮКТА""";"ЦЕНТР ОБЩЕВРАЧЕБНОЙ ПРАКТИКИ ""СУЛЮКТА""";10;227;334;561;227;334;561;35;52;87;35;52;87
Баткенская обл.;4170500000000000;Сулюкта г.;41705420000000000;512951;"ЦОВП ""СУЛЮКТА""";"ЦЕНТР ОБЩЕВРАЧЕБНОЙ ПРАКТИКИ ""СУЛЮКТА""";11;203;354;557;203;354;557;52;52;104;52;52;104
Баткенская обл.;4170500000000000;Сулюкта г.;41705420000000000;512951;"ЦОВП ""СУЛЮКТА""";"ЦЕНТР ОБЩЕВРАЧЕБНОЙ ПРАКТИКИ ""СУЛЮКТА""";12;228;314;542;228;314;542;47;40;87;47;40;87
Баткенская обл.;4170500000000000;Сулюкта г.;41705420000000000;512951;"ЦОВП ""СУЛЮКТА""";"ЦЕНТР ОБЩЕВРАЧЕБНОЙ ПРАКТИКИ ""СУЛЮКТА""";13;235;326;561;235;326;561;50;34;84;50;34;84
Баткенская обл.;4170500000000000;Сулюкта г.;41705420000000000;512951;"ЦОВП ""СУЛЮКТА""";"ЦЕНТР ОБЩЕВРАЧЕБНОЙ ПРАКТИКИ ""СУЛЮКТА""";14;216;257;473;216;257;473;20;43;63;20;43;63
Баткенская обл.;4170500000000000;Сулюкта г.;41705420000000000;512951;"ЦОВП ""СУЛЮКТА""";"ЦЕНТР ОБЩЕВРАЧЕБНОЙ ПРАКТИКИ ""СУЛЮКТА""";15;226;236;462;226;236;462;66;42;108;66;42;108
Баткенская обл.;4170500000000000;Сулюкта г.;41705420000000000;512951;"ЦОВП ""СУЛЮКТА""";"ЦЕНТР ОБЩЕВРАЧЕБНОЙ ПРАКТИКИ ""СУЛЮКТА""";16;161;203;364;160;203;363;66;64;130;66;61;127
Баткенская обл.;4170500000000000;Сулюкта г.;41705420000000000;512951;"ЦОВП ""СУЛЮКТА""";"ЦЕНТР ОБЩЕВРАЧЕБНОЙ ПРАКТИКИ ""СУЛЮКТА""";17;127;200;327;93;166;259;44;136;180;26;83;109
Баткенская обл.;4170500000000000;Сулюкта г.;41705420000000000;512951;"ЦОВП ""СУЛЮКТА""";"ЦЕНТР ОБЩЕВРАЧЕБНОЙ ПРАКТИКИ ""СУЛЮКТА""";18;138;202;340;106;169;275;51;226;277;43;147;190
Баткенская обл.;4170500000000000;Сулюкта г.;41705420000000000;512951;"ЦОВП ""СУЛЮКТА""";"ЦЕНТР ОБЩЕВРАЧЕБНОЙ ПРАКТИКИ ""СУЛЮКТА""";19;138;168;306;96;125;221;44;162;206;24;78;102
Баткенская обл.;4170500000000000;Сулюкта г.;41705420000000000;512951;"ЦОВП ""СУЛЮКТА""";"ЦЕНТР ОБЩЕВРАЧЕБНОЙ ПРАКТИКИ ""СУЛЮКТА""";20;134;184;318;60;114;174;31;198;229;9;90;99
Баткенская обл.;4170500000000000;Сулюкта г.;41705420000000000;512951;"ЦОВП ""СУЛЮКТА""";"ЦЕНТР ОБЩЕВРАЧЕБНОЙ ПРАКТИКИ ""СУЛЮКТА""";21;112;156;268;30;75;105;35;140;175;5;33;38
Баткенская обл.;4170500000000000;Сулюкта г.;41705420000000000;512951;"ЦОВП ""СУЛЮКТА""";"ЦЕНТР ОБЩЕВРАЧЕБНОЙ ПРАКТИКИ ""СУЛЮКТА""";22;95;143;238;7;24;31;29;94;123;2;47;49
Баткенская обл.;4170500000000000;Сулюкта г.;41705420000000000;512951;"ЦОВП ""СУЛЮКТА""";"ЦЕНТР ОБЩЕВРАЧЕБНОЙ ПРАКТИКИ ""СУЛЮКТА""";23;121;170;291;18;32;50;43;160;203;21;85;106
Баткенская обл.;4170500000000000;Сулюкта г.;41705420000000000;512951;"ЦОВП ""СУЛЮКТА""";"ЦЕНТР ОБЩЕВРАЧЕБНОЙ ПРАКТИКИ ""СУЛЮКТА""";24;117;157;274;17;41;58;26;158;184;3;93;96
Баткенская обл.;4170500000000000;Сулюкта г.;41705420000000000;512951;"ЦОВП ""СУЛЮКТА""";"ЦЕНТР ОБЩЕВРАЧЕБНОЙ ПРАКТИКИ ""СУЛЮКТА""";25;127;196;323;23;44;67;17;139;156;0;84;84
Баткенская обл.;4170500000000000;Сулюкта г.;41705420000000000;512951;"ЦОВП ""СУЛЮКТА""";"ЦЕНТР ОБЩЕВРАЧЕБНОЙ ПРАКТИКИ ""СУЛЮКТА""";26;127;144;271;42;35;77;31;76;107;12;42;54
Баткенская обл.;4170500000000000;Сулюкта г.;41705420000000000;512951;"ЦОВП ""СУЛЮКТА""";"ЦЕНТР ОБЩЕВРАЧЕБНОЙ ПРАКТИКИ ""СУЛЮКТА""";27;107;124;231;33;42;75;7;141;148;3;100;103
Баткенская обл.;4170500000000000;Сулюкта г.;41705420000000000;512951;"ЦОВП ""СУЛЮКТА""";"ЦЕНТР ОБЩЕВРАЧЕБНОЙ ПРАКТИКИ ""СУЛЮКТА""";28;104;174;278;42;63;105;27;118;145;21;73;94
Баткенская обл.;4170500000000000;Сулюкта г.;41705420000000000;512951;"ЦОВП ""СУЛЮКТА""";"ЦЕНТР ОБЩЕВРАЧЕБНОЙ ПРАКТИКИ ""СУЛЮКТА""";29;115;150;265;53;56;109;40;112;152;20;89;109
Баткенская обл.;4170500000000000;Сулюкта г.;41705420000000000;512951;"ЦОВП ""СУЛЮКТА""";"ЦЕНТР ОБЩЕВРАЧЕБНОЙ ПРАКТИКИ ""СУЛЮКТА""";30;122;167;289;39;79;118;41;167;208;15;99;114
Баткенская обл.;4170500000000000;Сулюкта г.;41705420000000000;512951;"ЦОВП ""СУЛЮКТА""";"ЦЕНТР ОБЩЕВРАЧЕБНОЙ ПРАКТИКИ ""СУЛЮКТА""";31;101;187;288;46;78;124;30;100;130;14;70;84
Баткенская обл.;4170500000000000;Сулюкта г.;41705420000000000;512951;"ЦОВП ""СУЛЮКТА""";"ЦЕНТР ОБЩЕВРАЧЕБНОЙ ПРАКТИКИ ""СУЛЮКТА""";32;149;169;318;94;83;177;23;119;142;8;99;107
Баткенская обл.;4170500000000000;Сулюкта г.;41705420000000000;512951;"ЦОВП ""СУЛЮКТА""";"ЦЕНТР ОБЩЕВРАЧЕБНОЙ ПРАКТИКИ ""СУЛЮКТА""";33;152;168;320;84;90;174;33;134;167;18;82;100
Баткенская обл.;4170500000000000;Сулюкта г.;41705420000000000;512951;"ЦОВП ""СУЛЮКТА""";"ЦЕНТР ОБЩЕВРАЧЕБНОЙ ПРАКТИКИ ""СУЛЮКТА""";34;150;204;354;87;102;189;26;187;213;25;124;149
Баткенская обл.;4170500000000000;Сулюкта г.;41705420000000000;512951;"ЦОВП ""СУЛЮКТА""";"ЦЕНТР ОБЩЕВРАЧЕБНОЙ ПРАКТИКИ ""СУЛЮКТА""";35;143;191;334;84;104;188;41;167;208;30;113;143
Баткенская обл.;4170500000000000;Сулюкта г.;41705420000000000;512951;"ЦОВП ""СУЛЮКТА""";"ЦЕНТР ОБЩЕВРАЧЕБНОЙ ПРАКТИКИ ""СУЛЮКТА""";36;163;185;348;87;96;183;29;111;140;21;78;99
Баткенская обл.;4170500000000000;Сулюкта г.;41705420000000000;512951;"ЦОВП ""СУЛЮКТА""";"ЦЕНТР ОБЩЕВРАЧЕБНОЙ ПРАКТИКИ ""СУЛЮКТА""";37;141;155;296;97;79;176;33;93;126;19;70;89
Баткенская обл.;4170500000000000;Сулюкта г.;41705420000000000;512951;"ЦОВП ""СУЛЮКТА""";"ЦЕНТР ОБЩЕВРАЧЕБНОЙ ПРАКТИКИ ""СУЛЮКТА""";38;138;136;274;90;75;165;22;85;107;16;61;77
Баткенская обл.;4170500000000000;Сулюкта г.;41705420000000000;512951;"ЦОВП ""СУЛЮКТА""";"ЦЕНТР ОБЩЕВРАЧЕБНОЙ ПРАКТИКИ ""СУЛЮКТА""";39;130;148;278;84;87;171;32;84;116;28;65;93
Баткенская обл.;4170500000000000;Сулюкта г.;41705420000000000;512951;"ЦОВП ""СУЛЮКТА""";"ЦЕНТР ОБЩЕВРАЧЕБНОЙ ПРАКТИКИ ""СУЛЮКТА""";40;130;113;243;80;61;141;17;53;70;11;46;57
Баткенская обл.;4170500000000000;Сулюкта г.;41705420000000000;512951;"ЦОВП ""СУЛЮКТА""";"ЦЕНТР ОБЩЕВРАЧЕБНОЙ ПРАКТИКИ ""СУЛЮКТА""";41;93;128;221;53;71;124;20;53;73;12;43;55
Баткенская обл.;4170500000000000;Сулюкта г.;41705420000000000;512951;"ЦОВП ""СУЛЮКТА""";"ЦЕНТР ОБЩЕВРАЧЕБНОЙ ПРАКТИКИ ""СУЛЮКТА""";42;100;118;218;59;78;137;26;65;91;20;61;81
Баткенская обл.;4170500000000000;Сулюкта г.;41705420000000000;512951;"ЦОВП ""СУЛЮКТА""";"ЦЕНТР ОБЩЕВРАЧЕБНОЙ ПРАКТИКИ ""СУЛЮКТА""";43;96;127;223;68;66;134;28;66;94;24;53;77
Баткенская обл.;4170500000000000;Сулюкта г.;41705420000000000;512951;"ЦОВП ""СУЛЮКТА""";"ЦЕНТР ОБЩЕВРАЧЕБНОЙ ПРАКТИКИ ""СУЛЮКТА""";44;81;119;200;59;71;130;27;51;78;20;46;66
Баткенская обл.;4170500000000000;Сулюкта г.;41705420000000000;512951;"ЦОВП ""СУЛЮКТА""";"ЦЕНТР ОБЩЕВРАЧЕБНОЙ ПРАКТИКИ ""СУЛЮКТА""";45;83;108;191;57;67;124;38;48;86;30;40;70
Баткенская обл.;4170500000000000;Сулюкта г.;41705420000000000;512951;"ЦОВП ""СУЛЮКТА""";"ЦЕНТР ОБЩЕВРАЧЕБНОЙ ПРАКТИКИ ""СУЛЮКТА""";46;105;105;210;68;49;117;17;53;70;12;42;54
Баткенская обл.;4170500000000000;Сулюкта г.;41705420000000000;512951;"ЦОВП ""СУЛЮКТА""";"ЦЕНТР ОБЩЕВРАЧЕБНОЙ ПРАКТИКИ ""СУЛЮКТА""";47;74;85;159;39;43;82;31;58;89;24;40;64
Баткенская обл.;4170500000000000;Сулюкта г.;41705420000000000;512951;"ЦОВП ""СУЛЮКТА""";"ЦЕНТР ОБЩЕВРАЧЕБНОЙ ПРАКТИКИ ""СУЛЮКТА""";48;89;106;195;55;57;112;28;62;90;24;42;66
Баткенская обл.;4170500000000000;Сулюкта г.;41705420000000000;512951;"ЦОВП ""СУЛЮКТА""";"ЦЕНТР ОБЩЕВРАЧЕБНОЙ ПРАКТИКИ ""СУЛЮКТА""";49;75;97;172;44;56;100;18;60;78;16;52;68
Баткенская обл.;4170500000000000;Сулюкта г.;41705420000000000;512951;"ЦОВП ""СУЛЮКТА""";"ЦЕНТР ОБЩЕВРАЧЕБНОЙ ПРАКТИКИ ""СУЛЮКТА""";50;67;95;162;42;52;94;24;42;66;19;40;59
Баткенская обл.;4170500000000000;Сулюкта г.;41705420000000000;512951;"ЦОВП ""СУЛЮКТА""";"ЦЕНТР ОБЩЕВРАЧЕБНОЙ ПРАКТИКИ ""СУЛЮКТА""";51;82;80;162;47;38;85;37;52;89;35;46;81
Баткенская обл.;4170500000000000;Сулюкта г.;41705420000000000;512951;"ЦОВП ""СУЛЮКТА""";"ЦЕНТР ОБЩЕВРАЧЕБНОЙ ПРАКТИКИ ""СУЛЮКТА""";52;93;86;179;62;45;107;36;44;80;29;40;69
Баткенская обл.;4170500000000000;Сулюкта г.;41705420000000000;512951;"ЦОВП ""СУЛЮКТА""";"ЦЕНТР ОБЩЕВРАЧЕБНОЙ ПРАКТИКИ ""СУЛЮКТА""";53;92;82;174;57;48;105;29;45;74;14;32;46
Баткенская обл.;4170500000000000;Сулюкта г.;41705420000000000;512951;"ЦОВП ""СУЛЮКТА""";"ЦЕНТР ОБЩЕВРАЧЕБНОЙ ПРАКТИКИ ""СУЛЮКТА""";54;71;92;163;43;53;96;19;71;90;13;59;72
Баткенская обл.;4170500000000000;Сулюкта г.;41705420000000000;512951;"ЦОВП ""СУЛЮКТА""";"ЦЕНТР ОБЩЕВРАЧЕБНОЙ ПРАКТИКИ ""СУЛЮКТА""";55;68;89;157;44;53;97;20;55;75;15;30;45
Баткенская обл.;4170500000000000;Сулюкта г.;41705420000000000;512951;"ЦОВП ""СУЛЮКТА""";"ЦЕНТР ОБЩЕВРАЧЕБНОЙ ПРАКТИКИ ""СУЛЮКТА""";56;66;86;152;42;53;95;17;65;82;16;47;63
Баткенская обл.;4170500000000000;Сулюкта г.;41705420000000000;512951;"ЦОВП ""СУЛЮКТА""";"ЦЕНТР ОБЩЕВРАЧЕБНОЙ ПРАКТИКИ ""СУЛЮКТА""";57;59;62;121;40;37;77;26;47;73;23;24;47
Баткенская обл.;4170500000000000;Сулюкта г.;41705420000000000;512951;"ЦОВП ""СУЛЮКТА""";"ЦЕНТР ОБЩЕВРАЧЕБНОЙ ПРАКТИКИ ""СУЛЮКТА""";58;76;77;153;56;37;93;19;34;53;17;24;41
Баткенская обл.;4170500000000000;Сулюкта г.;41705420000000000;512951;"ЦОВП ""СУЛЮКТА""";"ЦЕНТР ОБЩЕВРАЧЕБНОЙ ПРАКТИКИ ""СУЛЮКТА""";59;47;77;124;31;42;73;30;39;69;22;24;46
Баткенская обл.;4170500000000000;Сулюкта г.;41705420000000000;512951;"ЦОВП ""СУЛЮКТА""";"ЦЕНТР ОБЩЕВРАЧЕБНОЙ ПРАКТИКИ ""СУЛЮКТА""";60;60;94;154;39;47;86;17;56;73;13;37;50
Баткенская обл.;4170500000000000;Сулюкта г.;41705420000000000;512951;"ЦОВП ""СУЛЮКТА""";"ЦЕНТР ОБЩЕВРАЧЕБНОЙ ПРАКТИКИ ""СУЛЮКТА""";61;53;77;130;41;37;78;34;33;67;30;23;53
Баткенская обл.;4170500000000000;Сулюкта г.;41705420000000000;512951;"ЦОВП ""СУЛЮКТА""";"ЦЕНТР ОБЩЕВРАЧЕБНОЙ ПРАКТИКИ ""СУЛЮКТА""";62;64;79;143;39;42;81;9;42;51;6;25;31
Баткенская обл.;4170500000000000;Сулюкта г.;41705420000000000;512951;"ЦОВП ""СУЛЮКТА""";"ЦЕНТР ОБЩЕВРАЧЕБНОЙ ПРАКТИКИ ""СУЛЮКТА""";63;74;64;138;53;33;86;14;28;42;8;21;29
Баткенская обл.;4170500000000000;Сулюкта г.;41705420000000000;512951;"ЦОВП ""СУЛЮКТА""";"ЦЕНТР ОБЩЕВРАЧЕБНОЙ ПРАКТИКИ ""СУЛЮКТА""";64;66;74;140;44;43;87;23;46;69;20;31;51
Баткенская обл.;4170500000000000;Сулюкта г.;41705420000000000;512951;"ЦОВП ""СУЛЮКТА""";"ЦЕНТР ОБЩЕВРАЧЕБНОЙ ПРАКТИКИ ""СУЛЮКТА""";65;53;67;120;33;50;83;15;37;52;11;28;39
Баткенская обл.;4170500000000000;Сулюкта г.;41705420000000000;512951;"ЦОВП ""СУЛЮКТА""";"ЦЕНТР ОБЩЕВРАЧЕБНОЙ ПРАКТИКИ ""СУЛЮКТА""";66;44;68;112;31;46;77;24;21;45;16;16;32
Баткенская обл.;4170500000000000;Сулюкта г.;41705420000000000;512951;"ЦОВП ""СУЛЮКТА""";"ЦЕНТР ОБЩЕВРАЧЕБНОЙ ПРАКТИКИ ""СУЛЮКТА""";67;46;51;97;32;45;77;11;23;34;9;23;32
Баткенская обл.;4170500000000000;Сулюкта г.;41705420000000000;512951;"ЦОВП ""СУЛЮКТА""";"ЦЕНТР ОБЩЕВРАЧЕБНОЙ ПРАКТИКИ ""СУЛЮКТА""";68;30;51;81;19;46;65;6;22;28;5;14;19
Баткенская обл.;4170500000000000;Сулюкта г.;41705420000000000;512951;"ЦОВП ""СУЛЮКТА""";"ЦЕНТР ОБЩЕВРАЧЕБНОЙ ПРАКТИКИ ""СУЛЮКТА""";69;35;53;88;28;34;62;18;59;77;12;17;29
Баткенская обл.;4170500000000000;Сулюкта г.;41705420000000000;512951;"ЦОВП ""СУЛЮКТА""";"ЦЕНТР ОБЩЕВРАЧЕБНОЙ ПРАКТИКИ ""СУЛЮКТА""";70;29;51;80;19;39;58;13;45;58;12;20;32
Баткенская обл.;4170500000000000;Сулюкта г.;41705420000000000;512951;"ЦОВП ""СУЛЮКТА""";"ЦЕНТР ОБЩЕВРАЧЕБНОЙ ПРАКТИКИ ""СУЛЮКТА""";71;24;43;67;19;32;51;4;23;27;4;15;19
Баткенская обл.;4170500000000000;Сулюкта г.;41705420000000000;512951;"ЦОВП ""СУЛЮКТА""";"ЦЕНТР ОБЩЕВРАЧЕБНОЙ ПРАКТИКИ ""СУЛЮКТА""";72;18;47;65;16;33;49;11;24;35;7;23;30
Баткенская обл.;4170500000000000;Сулюкта г.;41705420000000000;512951;"ЦОВП ""СУЛЮКТА""";"ЦЕНТР ОБЩЕВРАЧЕБНОЙ ПРАКТИКИ ""СУЛЮКТА""";73;19;30;49;16;23;39;7;26;33;2;12;14
Баткенская обл.;4170500000000000;Сулюкта г.;41705420000000000;512951;"ЦОВП ""СУЛЮКТА""";"ЦЕНТР ОБЩЕВРАЧЕБНОЙ ПРАКТИКИ ""СУЛЮКТА""";74;26;31;57;20;25;45;10;16;26;9;11;20
Баткенская обл.;4170500000000000;Сулюкта г.;41705420000000000;512951;"ЦОВП ""СУЛЮКТА""";"ЦЕНТР ОБЩЕВРАЧЕБНОЙ ПРАКТИКИ ""СУЛЮКТА""";75;14;32;46;12;19;31;0;13;13;0;6;6
Баткенская обл.;4170500000000000;Сулюкта г.;41705420000000000;512951;"ЦОВП ""СУЛЮКТА""";"ЦЕНТР ОБЩЕВРАЧЕБНОЙ ПРАКТИКИ ""СУЛЮКТА""";76;9;19;28;9;15;24;5;13;18;5;12;17
Баткенская обл.;4170500000000000;Сулюкта г.;41705420000000000;512951;"ЦОВП ""СУЛЮКТА""";"ЦЕНТР ОБЩЕВРАЧЕБНОЙ ПРАКТИКИ ""СУЛЮКТА""";77;5;23;28;4;19;23;1;9;10;1;9;10
Баткенская обл.;4170500000000000;Сулюкта г.;41705420000000000;512951;"ЦОВП ""СУЛЮКТА""";"ЦЕНТР ОБЩЕВРАЧЕБНОЙ ПРАКТИКИ ""СУЛЮКТА""";78;1;12;13;1;11;12;0;2;2;0;1;1
Баткенская обл.;4170500000000000;Сулюкта г.;41705420000000000;512951;"ЦОВП ""СУЛЮКТА""";"ЦЕНТР ОБЩЕВРАЧЕБНОЙ ПРАКТИКИ ""СУЛЮКТА""";79;5;11;16;4;9;13;2;23;25;0;17;17
Баткенская обл.;4170500000000000;Сулюкта г.;41705420000000000;512951;"ЦОВП ""СУЛЮКТА""";"ЦЕНТР ОБЩЕВРАЧЕБНОЙ ПРАКТИКИ ""СУЛЮКТА""";80;6;8;14;4;6;10;1;1;2;1;1;2
Баткенская обл.;4170500000000000;Сулюкта г.;41705420000000000;512951;"ЦОВП ""СУЛЮКТА""";"ЦЕНТР ОБЩЕВРАЧЕБНОЙ ПРАКТИКИ ""СУЛЮКТА""";81;5;6;11;3;4;7;1;2;3;0;0;0
Баткенская обл.;4170500000000000;Сулюкта г.;41705420000000000;512951;"ЦОВП ""СУЛЮКТА""";"ЦЕНТР ОБЩЕВРАЧЕБНОЙ ПРАКТИКИ ""СУЛЮКТА""";82;7;11;18;5;8;13;5;3;8;4;3;7
Баткенская обл.;4170500000000000;Сулюкта г.;41705420000000000;512951;"ЦОВП ""СУЛЮКТА""";"ЦЕНТР ОБЩЕВРАЧЕБНОЙ ПРАКТИКИ ""СУЛЮКТА""";83;8;12;20;4;11;15;4;4;8;1;4;5
Баткенская обл.;4170500000000000;Сулюкта г.;41705420000000000;512951;"ЦОВП ""СУЛЮКТА""";"ЦЕНТР ОБЩЕВРАЧЕБНОЙ ПРАКТИКИ ""СУЛЮКТА""";84;7;13;20;4;12;16;0;1;1;0;1;1
Баткенская обл.;4170500000000000;Сулюкта г.;41705420000000000;512951;"ЦОВП ""СУЛЮКТА""";"ЦЕНТР ОБЩЕВРАЧЕБНОЙ ПРАКТИКИ ""СУЛЮКТА""";85;7;11;18;4;10;14;2;4;6;2;4;6
Баткенская обл.;4170500000000000;Сулюкта г.;41705420000000000;512951;"ЦОВП ""СУЛЮКТА""";"ЦЕНТР ОБЩЕВРАЧЕБНОЙ ПРАКТИКИ ""СУЛЮКТА""";86;0;14;14;0;12;12;0;2;2;0;0;0
Баткенская обл.;4170500000000000;Сулюкта г.;41705420000000000;512951;"ЦОВП ""СУЛЮКТА""";"ЦЕНТР ОБЩЕВРАЧЕБНОЙ ПРАКТИКИ ""СУЛЮКТА""";87;3;9;12;2;9;11;0;4;4;0;4;4
Баткенская обл.;4170500000000000;Сулюкта г.;41705420000000000;512951;"ЦОВП ""СУЛЮКТА""";"ЦЕНТР ОБЩЕВРАЧЕБНОЙ ПРАКТИКИ ""СУЛЮКТА""";88;4;9;13;4;8;12;1;1;2;1;0;1
Баткенская обл.;4170500000000000;Сулюкта г.;41705420000000000;512951;"ЦОВП ""СУЛЮКТА""";"ЦЕНТР ОБЩЕВРАЧЕБНОЙ ПРАКТИКИ ""СУЛЮКТА""";89;0;10;10;0;10;10;0;3;3;0;3;3
Баткенская обл.;4170500000000000;Сулюкта г.;41705420000000000;512951;"ЦОВП ""СУЛЮКТА""";"ЦЕНТР ОБЩЕВРАЧЕБНОЙ ПРАКТИКИ ""СУЛЮКТА""";90;0;11;11;0;10;10;1;2;3;1;1;2
Баткенская обл.;4170500000000000;Сулюкта г.;41705420000000000;512951;"ЦОВП ""СУЛЮКТА""";"ЦЕНТР ОБЩЕВРАЧЕБНОЙ ПРАКТИКИ ""СУЛЮКТА""";92;1;4;5;1;4;5;0;1;1;0;1;1
Джалал-Абадская обл.;4170300000000000;Чаткальский р-н;41703230000000000;306191;"ЦОВП ""СУМСАР""";Центр общеврачебной практики пгт.Сумсар;0;17;15;32;17;15;32;397;452;849;397;452;849
Джалал-Абадская обл.;4170300000000000;Чаткальский р-н;41703230000000000;306191;"ЦОВП ""СУМСАР""";Центр общеврачебной практики пгт.Сумсар;1;43;53;96;43;53;96;298;257;555;298;257;555
Джалал-Абадская обл.;4170300000000000;Чаткальский р-н;41703230000000000;306191;"ЦОВП ""СУМСАР""";Центр общеврачебной практики пгт.Сумсар;2;58;49;107;58;49;107;305;325;630;305;325;630
Джалал-Абадская обл.;4170300000000000;Чаткальский р-н;41703230000000000;306191;"ЦОВП ""СУМСАР""";Центр общеврачебной практики пгт.Сумсар;3;71;93;164;71;93;164;256;227;483;256;227;483
Джалал-Абадская обл.;4170300000000000;Чаткальский р-н;41703230000000000;306191;"ЦОВП ""СУМСАР""";Центр общеврачебной практики пгт.Сумсар;4;72;75;147;72;75;147;231;245;476;231;245;476
Джалал-Абадская обл.;4170300000000000;Чаткальский р-н;41703230000000000;306191;"ЦОВП ""СУМСАР""";Центр общеврачебной практики пгт.Сумсар;5;80;67;147;80;67;147;286;237;523;286;237;523
Джалал-Абадская обл.;4170300000000000;Чаткальский р-н;41703230000000000;306191;"ЦОВП ""СУМСАР""";Центр общеврачебной практики пгт.Сумсар;6;78;75;153;78;75;153;286;223;509;286;223;509
Джалал-Абадская обл.;4170300000000000;Чаткальский р-н;41703230000000000;306191;"ЦОВП ""СУМСАР""";Центр общеврачебной практики пгт.Сумсар;7;75;78;153;75;78;153;210;180;390;210;180;390
Джалал-Абадская обл.;4170300000000000;Чаткальский р-н;41703230000000000;306191;"ЦОВП ""СУМСАР""";Центр общеврачебной практики пгт.Сумсар;8;81;91;172;81;91;172;132;117;249;132;117;249
Джалал-Абадская обл.;4170300000000000;Чаткальский р-н;41703230000000000;306191;"ЦОВП ""СУМСАР""";Центр общеврачебной практики пгт.Сумсар;9;94;117;211;94;117;211;70;112;182;70;112;182
Джалал-Абадская обл.;4170300000000000;Чаткальский р-н;41703230000000000;306191;"ЦОВП ""СУМСАР""";Центр общеврачебной практики пгт.Сумсар;10;72;128;200;72;128;200;76;142;218;76;142;218
Джалал-Абадская обл.;4170300000000000;Чаткальский р-н;41703230000000000;306191;"ЦОВП ""СУМСАР""";Центр общеврачебной практики пгт.Сумсар;11;88;109;197;88;109;197;102;139;241;102;139;241
Джалал-Абадская обл.;4170300000000000;Чаткальский р-н;41703230000000000;306191;"ЦОВП ""СУМСАР""";Центр общеврачебной практики пгт.Сумсар;12;87;124;211;87;124;211;61;71;132;61;71;132
Джалал-Абадская обл.;4170300000000000;Чаткальский р-н;41703230000000000;306191;"ЦОВП ""СУМСАР""";Центр общеврачебной практики пгт.Сумсар;13;83;147;230;83;147;230;62;107;169;62;107;169
Джалал-Абадская обл.;4170300000000000;Чаткальский р-н;41703230000000000;306191;"ЦОВП ""СУМСАР""";Центр общеврачебной практики пгт.Сумсар;14;91;108;199;91;108;199;51;62;113;51;62;113
Джалал-Абадская обл.;4170300000000000;Чаткальский р-н;41703230000000000;306191;"ЦОВП ""СУМСАР""";Центр общеврачебной практики пгт.Сумсар;15;74;117;191;74;117;191;104;103;207;104;103;207
Джалал-Абадская обл.;4170300000000000;Чаткальский р-н;41703230000000000;306191;"ЦОВП ""СУМСАР""";Центр общеврачебной практики пгт.Сумсар;16;77;116;193;77;116;193;111;86;197;110;86;196
Джалал-Абадская обл.;4170300000000000;Чаткальский р-н;41703230000000000;306191;"ЦОВП ""СУМСАР""";Центр общеврачебной практики пгт.Сумсар;17;71;113;184;70;111;181;58;66;124;55;66;121
Джалал-Абадская обл.;4170300000000000;Чаткальский р-н;41703230000000000;306191;"ЦОВП ""СУМСАР""";Центр общеврачебной практики пгт.Сумсар;18;72;84;156;72;79;151;54;75;129;41;56;97
Джалал-Абадская обл.;4170300000000000;Чаткальский р-н;41703230000000000;306191;"ЦОВП ""СУМСАР""";Центр общеврачебной практики пгт.Сумсар;19;68;49;117;18;14;32;46;39;85;14;14;28
Джалал-Абадская обл.;4170300000000000;Чаткальский р-н;41703230000000000;306191;"ЦОВП ""СУМСАР""";Центр общеврачебной практики пгт.Сумсар;20;60;46;106;10;3;13;38;42;80;12;2;14
Джалал-Абадская обл.;4170300000000000;Чаткальский р-н;41703230000000000;306191;"ЦОВП ""СУМСАР""";Центр общеврачебной практики пгт.Сумсар;21;52;42;94;6;6;12;24;57;81;2;26;28
Джалал-Абадская обл.;4170300000000000;Чаткальский р-н;41703230000000000;306191;"ЦОВП ""СУМСАР""";Центр общеврачебной практики пгт.Сумсар;22;50;36;86;6;10;16;11;35;46;4;25;29
Джалал-Абадская обл.;4170300000000000;Чаткальский р-н;41703230000000000;306191;"ЦОВП ""СУМСАР""";Центр общеврачебной практики пгт.Сумсар;23;46;37;83;8;20;28;13;99;112;6;82;88
Джалал-Абадская обл.;4170300000000000;Чаткальский р-н;41703230000000000;306191;"ЦОВП ""СУМСАР""";Центр общеврачебной практики пгт.Сумсар;24;45;41;86;7;17;24;15;99;114;3;85;88
Джалал-Абадская обл.;4170300000000000;Чаткальский р-н;41703230000000000;306191;"ЦОВП ""СУМСАР""";Центр общеврачебной практики пгт.Сумсар;25;51;48;99;5;25;30;38;126;164;10;113;123
Джалал-Абадская обл.;4170300000000000;Чаткальский р-н;41703230000000000;306191;"ЦОВП ""СУМСАР""";Центр общеврачебной практики пгт.Сумсар;26;50;50;100;17;24;41;32;124;156;20;88;108
Джалал-Абадская обл.;4170300000000000;Чаткальский р-н;41703230000000000;306191;"ЦОВП ""СУМСАР""";Центр общеврачебной практики пгт.Сумсар;27;37;32;69;7;17;24;40;101;141;17;78;95
Джалал-Абадская обл.;4170300000000000;Чаткальский р-н;41703230000000000;306191;"ЦОВП ""СУМСАР""";Центр общеврачебной практики пгт.Сумсар;28;44;58;102;13;33;46;25;128;153;15;120;135
Джалал-Абадская обл.;4170300000000000;Чаткальский р-н;41703230000000000;306191;"ЦОВП ""СУМСАР""";Центр общеврачебной практики пгт.Сумсар;29;48;44;92;12;27;39;38;134;172;21;127;148
Джалал-Абадская обл.;4170300000000000;Чаткальский р-н;41703230000000000;306191;"ЦОВП ""СУМСАР""";Центр общеврачебной практики пгт.Сумсар;30;57;51;108;23;33;56;47;146;193;34;138;172
Джалал-Абадская обл.;4170300000000000;Чаткальский р-н;41703230000000000;306191;"ЦОВП ""СУМСАР""";Центр общеврачебной практики пгт.Сумсар;31;66;41;107;22;25;47;76;96;172;45;92;137
Джалал-Абадская обл.;4170300000000000;Чаткальский р-н;41703230000000000;306191;"ЦОВП ""СУМСАР""";Центр общеврачебной практики пгт.Сумсар;32;56;49;105;26;30;56;46;160;206;23;149;172
Джалал-Абадская обл.;4170300000000000;Чаткальский р-н;41703230000000000;306191;"ЦОВП ""СУМСАР""";Центр общеврачебной практики пгт.Сумсар;33;66;46;112;19;31;50;68;126;194;40;102;142
Джалал-Абадская обл.;4170300000000000;Чаткальский р-н;41703230000000000;306191;"ЦОВП ""СУМСАР""";Центр общеврачебной практики пгт.Сумсар;34;57;64;121;29;42;71;56;136;192;39;113;152
Джалал-Абадская обл.;4170300000000000;Чаткальский р-н;41703230000000000;306191;"ЦОВП ""СУМСАР""";Центр общеврачебной практики пгт.Сумсар;35;49;64;113;22;38;60;48;206;254;28;166;194
Джалал-Абадская обл.;4170300000000000;Чаткальский р-н;41703230000000000;306191;"ЦОВП ""СУМСАР""";Центр общеврачебной практики пгт.Сумсар;36;59;51;110;18;42;60;79;163;242;48;144;192
Джалал-Абадская обл.;4170300000000000;Чаткальский р-н;41703230000000000;306191;"ЦОВП ""СУМСАР""";Центр общеврачебной практики пгт.Сумсар;37;54;42;96;25;29;54;51;81;132;30;78;108
Джалал-Абадская обл.;4170300000000000;Чаткальский р-н;41703230000000000;306191;"ЦОВП ""СУМСАР""";Центр общеврачебной практики пгт.Сумсар;38;37;42;79;19;31;50;43;111;154;24;101;125
Джалал-Абадская обл.;4170300000000000;Чаткальский р-н;41703230000000000;306191;"ЦОВП ""СУМСАР""";Центр общеврачебной практики пгт.Сумсар;39;45;49;94;19;37;56;36;125;161;27;111;138
Джалал-Абадская обл.;4170300000000000;Чаткальский р-н;41703230000000000;306191;"ЦОВП ""СУМСАР""";Центр общеврачебной практики пгт.Сумсар;40;48;60;108;21;51;72;67;164;231;38;153;191
Джалал-Абадская обл.;4170300000000000;Чаткальский р-н;41703230000000000;306191;"ЦОВП ""СУМСАР""";Центр общеврачебной практики пгт.Сумсар;41;48;44;92;21;34;55;71;81;152;34;71;105
Джалал-Абадская обл.;4170300000000000;Чаткальский р-н;41703230000000000;306191;"ЦОВП ""СУМСАР""";Центр общеврачебной практики пгт.Сумсар;42;35;45;80;17;36;53;53;148;201;31;130;161
Джалал-Абадская обл.;4170300000000000;Чаткальский р-н;41703230000000000;306191;"ЦОВП ""СУМСАР""";Центр общеврачебной практики пгт.Сумсар;43;38;51;89;22;39;61;71;145;216;61;132;193
Джалал-Абадская обл.;4170300000000000;Чаткальский р-н;41703230000000000;306191;"ЦОВП ""СУМСАР""";Центр общеврачебной практики пгт.Сумсар;44;36;39;75;18;33;51;44;130;174;24;123;147
Джалал-Абадская обл.;4170300000000000;Чаткальский р-н;41703230000000000;306191;"ЦОВП ""СУМСАР""";Центр общеврачебной практики пгт.Сумсар;45;39;34;73;23;28;51;47;92;139;35;79;114
Джалал-Абадская обл.;4170300000000000;Чаткальский р-н;41703230000000000;306191;"ЦОВП ""СУМСАР""";Центр общеврачебной практики пгт.Сумсар;46;42;37;79;21;25;46;78;103;181;64;77;141
Джалал-Абадская обл.;4170300000000000;Чаткальский р-н;41703230000000000;306191;"ЦОВП ""СУМСАР""";Центр общеврачебной практики пгт.Сумсар;47;40;30;70;19;22;41;65;64;129;42;58;100
Джалал-Абадская обл.;4170300000000000;Чаткальский р-н;41703230000000000;306191;"ЦОВП ""СУМСАР""";Центр общеврачебной практики пгт.Сумсар;48;41;35;76;22;23;45;78;88;166;63;70;133
Джалал-Абадская обл.;4170300000000000;Чаткальский р-н;41703230000000000;306191;"ЦОВП ""СУМСАР""";Центр общеврачебной практики пгт.Сумсар;49;31;38;69;19;27;46;56;101;157;42;93;135
Джалал-Абадская обл.;4170300000000000;Чаткальский р-н;41703230000000000;306191;"ЦОВП ""СУМСАР""";Центр общеврачебной практики пгт.Сумсар;50;34;33;67;22;24;46;100;76;176;73;57;130
Джалал-Абадская обл.;4170300000000000;Чаткальский р-н;41703230000000000;306191;"ЦОВП ""СУМСАР""";Центр общеврачебной практики пгт.Сумсар;51;33;38;71;18;28;46;44;103;147;32;80;112
Джалал-Абадская обл.;4170300000000000;Чаткальский р-н;41703230000000000;306191;"ЦОВП ""СУМСАР""";Центр общеврачебной практики пгт.Сумсар;52;31;24;55;18;20;38;89;66;155;73;49;122
Джалал-Абадская обл.;4170300000000000;Чаткальский р-н;41703230000000000;306191;"ЦОВП ""СУМСАР""";Центр общеврачебной практики пгт.Сумсар;53;32;27;59;22;20;42;51;82;133;43;64;107
Джалал-Абадская обл.;4170300000000000;Чаткальский р-н;41703230000000000;306191;"ЦОВП ""СУМСАР""";Центр общеврачебной практики пгт.Сумсар;54;30;23;53;18;18;36;86;74;160;77;71;148
Джалал-Абадская обл.;4170300000000000;Чаткальский р-н;41703230000000000;306191;"ЦОВП ""СУМСАР""";Центр общеврачебной практики пгт.Сумсар;55;27;35;62;18;30;48;43;135;178;29;126;155
Джалал-Абадская обл.;4170300000000000;Чаткальский р-н;41703230000000000;306191;"ЦОВП ""СУМСАР""";Центр общеврачебной практики пгт.Сумсар;56;25;36;61;14;30;44;74;146;220;62;134;196
Джалал-Абадская обл.;4170300000000000;Чаткальский р-н;41703230000000000;306191;"ЦОВП ""СУМСАР""";Центр общеврачебной практики пгт.Сумсар;57;33;30;63;23;26;49;72;90;162;70;85;155
Джалал-Абадская обл.;4170300000000000;Чаткальский р-н;41703230000000000;306191;"ЦОВП ""СУМСАР""";Центр общеврачебной практики пгт.Сумсар;58;26;27;53;20;25;45;51;62;113;40;62;102
Джалал-Абадская обл.;4170300000000000;Чаткальский р-н;41703230000000000;306191;"ЦОВП ""СУМСАР""";Центр общеврачебной практики пгт.Сумсар;59;23;27;50;20;25;45;52;67;119;51;65;116
Джалал-Абадская обл.;4170300000000000;Чаткальский р-н;41703230000000000;306191;"ЦОВП ""СУМСАР""";Центр общеврачебной практики пгт.Сумсар;60;19;35;54;14;34;48;59;83;142;48;81;129
Джалал-Абадская обл.;4170300000000000;Чаткальский р-н;41703230000000000;306191;"ЦОВП ""СУМСАР""";Центр общеврачебной практики пгт.Сумсар;61;24;36;60;18;36;54;61;69;130;52;69;121
Джалал-Абадская обл.;4170300000000000;Чаткальский р-н;41703230000000000;306191;"ЦОВП ""СУМСАР""";Центр общеврачебной практики пгт.Сумсар;62;21;25;46;16;25;41;53;85;138;50;85;135
Джалал-Абадская обл.;4170300000000000;Чаткальский р-н;41703230000000000;306191;"ЦОВП ""СУМСАР""";Центр общеврачебной практики пгт.Сумсар;63;18;31;49;17;31;48;25;77;102;18;77;95
Джалал-Абадская обл.;4170300000000000;Чаткальский р-н;41703230000000000;306191;"ЦОВП ""СУМСАР""";Центр общеврачебной практики пгт.Сумсар;64;23;27;50;21;27;48;78;82;160;75;82;157
Джалал-Абадская обл.;4170300000000000;Чаткальский р-н;41703230000000000;306191;"ЦОВП ""СУМСАР""";Центр общеврачебной практики пгт.Сумсар;65;23;25;48;23;25;48;41;76;117;41;76;117
Джалал-Абадская обл.;4170300000000000;Чаткальский р-н;41703230000000000;306191;"ЦОВП ""СУМСАР""";Центр общеврачебной практики пгт.Сумсар;66;16;16;32;15;16;31;35;64;99;31;64;95
Джалал-Абадская обл.;4170300000000000;Чаткальский р-н;41703230000000000;306191;"ЦОВП ""СУМСАР""";Центр общеврачебной практики пгт.Сумсар;67;14;30;44;14;30;44;39;59;98;39;59;98
Джалал-Абадская обл.;4170300000000000;Чаткальский р-н;41703230000000000;306191;"ЦОВП ""СУМСАР""";Центр общеврачебной практики пгт.Сумсар;68;21;23;44;21;23;44;21;48;69;21;48;69
Джалал-Абадская обл.;4170300000000000;Чаткальский р-н;41703230000000000;306191;"ЦОВП ""СУМСАР""";Центр общеврачебной практики пгт.Сумсар;69;13;24;37;13;24;37;28;72;100;28;72;100
Джалал-Абадская обл.;4170300000000000;Чаткальский р-н;41703230000000000;306191;"ЦОВП ""СУМСАР""";Центр общеврачебной практики пгт.Сумсар;70;9;17;26;9;17;26;24;56;80;24;56;80
Джалал-Абадская обл.;4170300000000000;Чаткальский р-н;41703230000000000;306191;"ЦОВП ""СУМСАР""";Центр общеврачебной практики пгт.Сумсар;71;10;17;27;10;17;27;4;40;44;4;37;41
Джалал-Абадская обл.;4170300000000000;Чаткальский р-н;41703230000000000;306191;"ЦОВП ""СУМСАР""";Центр общеврачебной практики пгт.Сумсар;72;6;14;20;6;14;20;30;18;48;30;18;48
Джалал-Абадская обл.;4170300000000000;Чаткальский р-н;41703230000000000;306191;"ЦОВП ""СУМСАР""";Центр общеврачебной практики пгт.Сумсар;73;12;11;23;12;11;23;35;50;85;35;50;85
Джалал-Абадская обл.;4170300000000000;Чаткальский р-н;41703230000000000;306191;"ЦОВП ""СУМСАР""";Центр общеврачебной практики пгт.Сумсар;74;8;11;19;8;11;19;19;50;69;19;50;69
Джалал-Абадская обл.;4170300000000000;Чаткальский р-н;41703230000000000;306191;"ЦОВП ""СУМСАР""";Центр общеврачебной практики пгт.Сумсар;75;8;8;16;8;8;16;17;25;42;17;25;42
Джалал-Абадская обл.;4170300000000000;Чаткальский р-н;41703230000000000;306191;"ЦОВП ""СУМСАР""";Центр общеврачебной практики пгт.Сумсар;76;4;9;13;4;9;13;5;29;34;5;24;29
Джалал-Абадская обл.;4170300000000000;Чаткальский р-н;41703230000000000;306191;"ЦОВП ""СУМСАР""";Центр общеврачебной практики пгт.Сумсар;77;3;4;7;3;4;7;1;5;6;1;5;6
Джалал-Абадская обл.;4170300000000000;Чаткальский р-н;41703230000000000;306191;"ЦОВП ""СУМСАР""";Центр общеврачебной практики пгт.Сумсар;78;0;5;5;0;5;5;3;22;25;0;20;20
Джалал-Абадская обл.;4170300000000000;Чаткальский р-н;41703230000000000;306191;"ЦОВП ""СУМСАР""";Центр общеврачебной практики пгт.Сумсар;79;1;5;6;1;4;5;3;14;17;3;13;16
Джалал-Абадская обл.;4170300000000000;Чаткальский р-н;41703230000000000;306191;"ЦОВП ""СУМСАР""";Центр общеврачебной практики пгт.Сумсар;80;1;3;4;1;3;4;0;5;5;0;5;5
Джалал-Абадская обл.;4170300000000000;Чаткальский р-н;41703230000000000;306191;"ЦОВП ""СУМСАР""";Центр общеврачебной практики пгт.Сумсар;81;1;1;2;1;1;2;1;5;6;1;5;6
Джалал-Абадская обл.;4170300000000000;Чаткальский р-н;41703230000000000;306191;"ЦОВП ""СУМСАР""";Центр общеврачебной практики пгт.Сумсар;82;3;5;8;3;5;8;17;13;30;16;13;29
Джалал-Абадская обл.;4170300000000000;Чаткальский р-н;41703230000000000;306191;"ЦОВП ""СУМСАР""";Центр общеврачебной практики пгт.Сумсар;83;2;1;3;2;1;3;12;13;25;6;13;19
Джалал-Абадская обл.;4170300000000000;Чаткальский р-н;41703230000000000;306191;"ЦОВП ""СУМСАР""";Центр общеврачебной практики пгт.Сумсар;84;3;8;11;3;8;11;31;13;44;31;13;44
Джалал-Абадская обл.;4170300000000000;Чаткальский р-н;41703230000000000;306191;"ЦОВП ""СУМСАР""";Центр общеврачебной практики пгт.Сумсар;85;3;2;5;3;2;5;6;2;8;6;2;8
Джалал-Абадская обл.;4170300000000000;Чаткальский р-н;41703230000000000;306191;"ЦОВП ""СУМСАР""";Центр общеврачебной практики пгт.Сумсар;86;2;2;4;2;2;4;12;2;14;12;2;14
Джалал-Абадская обл.;4170300000000000;Чаткальский р-н;41703230000000000;306191;"ЦОВП ""СУМСАР""";Центр общеврачебной практики пгт.Сумсар;87;2;2;4;2;2;4;0;7;7;0;7;7
Джалал-Абадская обл.;4170300000000000;Чаткальский р-н;41703230000000000;306191;"ЦОВП ""СУМСАР""";Центр общеврачебной практики пгт.Сумсар;88;0;3;3;0;3;3;0;8;8;0;8;8
Джалал-Абадская обл.;4170300000000000;Чаткальский р-н;41703230000000000;306191;"ЦОВП ""СУМСАР""";Центр общеврачебной практики пгт.Сумсар;89;1;2;3;1;2;3;5;0;5;5;0;5
Джалал-Абадская обл.;4170300000000000;Чаткальский р-н;41703230000000000;306191;"ЦОВП ""СУМСАР""";Центр общеврачебной практики пгт.Сумсар;90;1;0;1;1;0;1;10;0;10;10;0;10
Джалал-Абадская обл.;4170300000000000;Чаткальский р-н;41703230000000000;306191;"ЦОВП ""СУМСАР""";Центр общеврачебной практики пгт.Сумсар;91;2;2;4;2;2;4;5;1;6;5;0;5
Джалал-Абадская обл.;4170300000000000;Чаткальский р-н;41703230000000000;306191;"ЦОВП ""СУМСАР""";Центр общеврачебной практики пгт.Сумсар;92;0;1;1;0;1;1;0;1;1;0;1;1
Джалал-Абадская обл.;4170300000000000;Чаткальский р-н;41703230000000000;306191;"ЦОВП ""СУМСАР""";Центр общеврачебной практики пгт.Сумсар;95;0;0;0;0;0;0;0;1;1;0;1;1
Джалал-Абадская обл.;4170300000000000;Чаткальский р-н;41703230000000000;306191;"ЦОВП ""СУМСАР""";Центр общеврачебной практики пгт.Сумсар;98;0;0;0;0;0;0;0;1;1;0;1;1
Джалал-Абадская обл.;4170300000000000;Чаткальский р-н;41703230000000000;306191;"ЦОВП ""СУМСАР""";Центр общеврачебной практики пгт.Сумсар;99;0;1;1;0;1;1;0;1;1;0;1;1
Чуйская обл.;4170800000000000;Жайылский р-н;41708209000000000;824521;"ЦОВП ""СУСАМЫР""";"ЦЕНТР ОБЩЕВРАЧЕБНОЙ ПРАКТИКИ  ""СУСАМЫР""";0;38;32;70;38;32;70;259;219;478;259;219;478
Чуйская обл.;4170800000000000;Жайылский р-н;41708209000000000;824521;"ЦОВП ""СУСАМЫР""";"ЦЕНТР ОБЩЕВРАЧЕБНОЙ ПРАКТИКИ  ""СУСАМЫР""";1;45;32;77;45;32;77;156;80;236;156;80;236
Чуйская обл.;4170800000000000;Жайылский р-н;41708209000000000;824521;"ЦОВП ""СУСАМЫР""";"ЦЕНТР ОБЩЕВРАЧЕБНОЙ ПРАКТИКИ  ""СУСАМЫР""";2;46;33;79;46;33;79;40;31;71;40;31;71
Чуйская обл.;4170800000000000;Жайылский р-н;41708209000000000;824521;"ЦОВП ""СУСАМЫР""";"ЦЕНТР ОБЩЕВРАЧЕБНОЙ ПРАКТИКИ  ""СУСАМЫР""";3;44;30;74;44;30;74;15;22;37;15;22;37
Чуйская обл.;4170800000000000;Жайылский р-н;41708209000000000;824521;"ЦОВП ""СУСАМЫР""";"ЦЕНТР ОБЩЕВРАЧЕБНОЙ ПРАКТИКИ  ""СУСАМЫР""";4;44;41;85;44;41;85;13;17;30;13;17;30
Чуйская обл.;4170800000000000;Жайылский р-н;41708209000000000;824521;"ЦОВП ""СУСАМЫР""";"ЦЕНТР ОБЩЕВРАЧЕБНОЙ ПРАКТИКИ  ""СУСАМЫР""";5;33;50;83;33;50;83;21;5;26;21;5;26
Чуйская обл.;4170800000000000;Жайылский р-н;41708209000000000;824521;"ЦОВП ""СУСАМЫР""";"ЦЕНТР ОБЩЕВРАЧЕБНОЙ ПРАКТИКИ  ""СУСАМЫР""";6;50;48;98;50;48;98;28;17;45;28;17;45
Чуйская обл.;4170800000000000;Жайылский р-н;41708209000000000;824521;"ЦОВП ""СУСАМЫР""";"ЦЕНТР ОБЩЕВРАЧЕБНОЙ ПРАКТИКИ  ""СУСАМЫР""";7;45;57;102;45;57;102;13;12;25;13;12;25
Чуйская обл.;4170800000000000;Жайылский р-н;41708209000000000;824521;"ЦОВП ""СУСАМЫР""";"ЦЕНТР ОБЩЕВРАЧЕБНОЙ ПРАКТИКИ  ""СУСАМЫР""";8;58;74;132;58;74;132;22;16;38;22;16;38
Чуйская обл.;4170800000000000;Жайылский р-н;41708209000000000;824521;"ЦОВП ""СУСАМЫР""";"ЦЕНТР ОБЩЕВРАЧЕБНОЙ ПРАКТИКИ  ""СУСАМЫР""";9;57;58;115;57;58;115;30;11;41;30;11;41
Чуйская обл.;4170800000000000;Жайылский р-н;41708209000000000;824521;"ЦОВП ""СУСАМЫР""";"ЦЕНТР ОБЩЕВРАЧЕБНОЙ ПРАКТИКИ  ""СУСАМЫР""";10;56;79;135;56;79;135;18;25;43;18;25;43
Чуйская обл.;4170800000000000;Жайылский р-н;41708209000000000;824521;"ЦОВП ""СУСАМЫР""";"ЦЕНТР ОБЩЕВРАЧЕБНОЙ ПРАКТИКИ  ""СУСАМЫР""";11;50;69;119;50;69;119;10;26;36;10;26;36
Чуйская обл.;4170800000000000;Жайылский р-н;41708209000000000;824521;"ЦОВП ""СУСАМЫР""";"ЦЕНТР ОБЩЕВРАЧЕБНОЙ ПРАКТИКИ  ""СУСАМЫР""";12;46;81;127;46;81;127;11;10;21;11;10;21
Чуйская обл.;4170800000000000;Жайылский р-н;41708209000000000;824521;"ЦОВП ""СУСАМЫР""";"ЦЕНТР ОБЩЕВРАЧЕБНОЙ ПРАКТИКИ  ""СУСАМЫР""";13;49;74;123;49;74;123;20;17;37;20;17;37
Чуйская обл.;4170800000000000;Жайылский р-н;41708209000000000;824521;"ЦОВП ""СУСАМЫР""";"ЦЕНТР ОБЩЕВРАЧЕБНОЙ ПРАКТИКИ  ""СУСАМЫР""";14;70;81;151;70;81;151;30;19;49;30;19;49
Чуйская обл.;4170800000000000;Жайылский р-н;41708209000000000;824521;"ЦОВП ""СУСАМЫР""";"ЦЕНТР ОБЩЕВРАЧЕБНОЙ ПРАКТИКИ  ""СУСАМЫР""";15;72;68;140;72;68;140;74;48;122;74;48;122
Чуйская обл.;4170800000000000;Жайылский р-н;41708209000000000;824521;"ЦОВП ""СУСАМЫР""";"ЦЕНТР ОБЩЕВРАЧЕБНОЙ ПРАКТИКИ  ""СУСАМЫР""";16;64;85;149;64;85;149;32;36;68;32;36;68
Чуйская обл.;4170800000000000;Жайылский р-н;41708209000000000;824521;"ЦОВП ""СУСАМЫР""";"ЦЕНТР ОБЩЕВРАЧЕБНОЙ ПРАКТИКИ  ""СУСАМЫР""";17;51;70;121;51;70;121;74;70;144;74;70;144
Чуйская обл.;4170800000000000;Жайылский р-н;41708209000000000;824521;"ЦОВП ""СУСАМЫР""";"ЦЕНТР ОБЩЕВРАЧЕБНОЙ ПРАКТИКИ  ""СУСАМЫР""";18;61;50;111;60;50;110;99;64;163;91;62;153
Чуйская обл.;4170800000000000;Жайылский р-н;41708209000000000;824521;"ЦОВП ""СУСАМЫР""";"ЦЕНТР ОБЩЕВРАЧЕБНОЙ ПРАКТИКИ  ""СУСАМЫР""";19;55;44;99;22;27;49;68;50;118;30;41;71
Чуйская обл.;4170800000000000;Жайылский р-н;41708209000000000;824521;"ЦОВП ""СУСАМЫР""";"ЦЕНТР ОБЩЕВРАЧЕБНОЙ ПРАКТИКИ  ""СУСАМЫР""";20;54;37;91;8;10;18;72;45;117;7;26;33
Чуйская обл.;4170800000000000;Жайылский р-н;41708209000000000;824521;"ЦОВП ""СУСАМЫР""";"ЦЕНТР ОБЩЕВРАЧЕБНОЙ ПРАКТИКИ  ""СУСАМЫР""";21;50;35;85;6;5;11;69;39;108;26;20;46
Чуйская обл.;4170800000000000;Жайылский р-н;41708209000000000;824521;"ЦОВП ""СУСАМЫР""";"ЦЕНТР ОБЩЕВРАЧЕБНОЙ ПРАКТИКИ  ""СУСАМЫР""";22;50;39;89;7;10;17;45;58;103;2;26;28
Чуйская обл.;4170800000000000;Жайылский р-н;41708209000000000;824521;"ЦОВП ""СУСАМЫР""";"ЦЕНТР ОБЩЕВРАЧЕБНОЙ ПРАКТИКИ  ""СУСАМЫР""";23;53;27;80;9;12;21;30;44;74;3;32;35
Чуйская обл.;4170800000000000;Жайылский р-н;41708209000000000;824521;"ЦОВП ""СУСАМЫР""";"ЦЕНТР ОБЩЕВРАЧЕБНОЙ ПРАКТИКИ  ""СУСАМЫР""";24;58;28;86;18;10;28;7;30;37;0;14;14
Чуйская обл.;4170800000000000;Жайылский р-н;41708209000000000;824521;"ЦОВП ""СУСАМЫР""";"ЦЕНТР ОБЩЕВРАЧЕБНОЙ ПРАКТИКИ  ""СУСАМЫР""";25;34;38;72;12;14;26;66;15;81;22;11;33
Чуйская обл.;4170800000000000;Жайылский р-н;41708209000000000;824521;"ЦОВП ""СУСАМЫР""";"ЦЕНТР ОБЩЕВРАЧЕБНОЙ ПРАКТИКИ  ""СУСАМЫР""";26;53;39;92;18;19;37;36;23;59;11;16;27
Чуйская обл.;4170800000000000;Жайылский р-н;41708209000000000;824521;"ЦОВП ""СУСАМЫР""";"ЦЕНТР ОБЩЕВРАЧЕБНОЙ ПРАКТИКИ  ""СУСАМЫР""";27;32;27;59;10;14;24;11;30;41;10;15;25
Чуйская обл.;4170800000000000;Жайылский р-н;41708209000000000;824521;"ЦОВП ""СУСАМЫР""";"ЦЕНТР ОБЩЕВРАЧЕБНОЙ ПРАКТИКИ  ""СУСАМЫР""";28;34;33;67;17;19;36;27;50;77;12;36;48
Чуйская обл.;4170800000000000;Жайылский р-н;41708209000000000;824521;"ЦОВП ""СУСАМЫР""";"ЦЕНТР ОБЩЕВРАЧЕБНОЙ ПРАКТИКИ  ""СУСАМЫР""";29;45;32;77;25;14;39;33;29;62;28;19;47
Чуйская обл.;4170800000000000;Жайылский р-н;41708209000000000;824521;"ЦОВП ""СУСАМЫР""";"ЦЕНТР ОБЩЕВРАЧЕБНОЙ ПРАКТИКИ  ""СУСАМЫР""";30;33;29;62;15;13;28;24;40;64;14;25;39
Чуйская обл.;4170800000000000;Жайылский р-н;41708209000000000;824521;"ЦОВП ""СУСАМЫР""";"ЦЕНТР ОБЩЕВРАЧЕБНОЙ ПРАКТИКИ  ""СУСАМЫР""";31;53;39;92;22;15;37;13;34;47;11;29;40
Чуйская обл.;4170800000000000;Жайылский р-н;41708209000000000;824521;"ЦОВП ""СУСАМЫР""";"ЦЕНТР ОБЩЕВРАЧЕБНОЙ ПРАКТИКИ  ""СУСАМЫР""";32;54;48;102;27;20;47;18;37;55;11;26;37
Чуйская обл.;4170800000000000;Жайылский р-н;41708209000000000;824521;"ЦОВП ""СУСАМЫР""";"ЦЕНТР ОБЩЕВРАЧЕБНОЙ ПРАКТИКИ  ""СУСАМЫР""";33;40;34;74;21;18;39;14;34;48;13;28;41
Чуйская обл.;4170800000000000;Жайылский р-н;41708209000000000;824521;"ЦОВП ""СУСАМЫР""";"ЦЕНТР ОБЩЕВРАЧЕБНОЙ ПРАКТИКИ  ""СУСАМЫР""";34;57;42;99;38;30;68;45;33;78;37;33;70
Чуйская обл.;4170800000000000;Жайылский р-н;41708209000000000;824521;"ЦОВП ""СУСАМЫР""";"ЦЕНТР ОБЩЕВРАЧЕБНОЙ ПРАКТИКИ  ""СУСАМЫР""";35;42;39;81;22;19;41;7;41;48;6;30;36
Чуйская обл.;4170800000000000;Жайылский р-н;41708209000000000;824521;"ЦОВП ""СУСАМЫР""";"ЦЕНТР ОБЩЕВРАЧЕБНОЙ ПРАКТИКИ  ""СУСАМЫР""";36;31;43;74;17;27;44;36;48;84;33;31;64
Чуйская обл.;4170800000000000;Жайылский р-н;41708209000000000;824521;"ЦОВП ""СУСАМЫР""";"ЦЕНТР ОБЩЕВРАЧЕБНОЙ ПРАКТИКИ  ""СУСАМЫР""";37;32;33;65;19;21;40;24;42;66;16;42;58
Чуйская обл.;4170800000000000;Жайылский р-н;41708209000000000;824521;"ЦОВП ""СУСАМЫР""";"ЦЕНТР ОБЩЕВРАЧЕБНОЙ ПРАКТИКИ  ""СУСАМЫР""";38;38;43;81;26;28;54;2;21;23;2;18;20
Чуйская обл.;4170800000000000;Жайылский р-н;41708209000000000;824521;"ЦОВП ""СУСАМЫР""";"ЦЕНТР ОБЩЕВРАЧЕБНОЙ ПРАКТИКИ  ""СУСАМЫР""";39;27;32;59;7;19;26;8;13;21;1;13;14
Чуйская обл.;4170800000000000;Жайылский р-н;41708209000000000;824521;"ЦОВП ""СУСАМЫР""";"ЦЕНТР ОБЩЕВРАЧЕБНОЙ ПРАКТИКИ  ""СУСАМЫР""";40;25;34;59;12;19;31;21;30;51;19;27;46
Чуйская обл.;4170800000000000;Жайылский р-н;41708209000000000;824521;"ЦОВП ""СУСАМЫР""";"ЦЕНТР ОБЩЕВРАЧЕБНОЙ ПРАКТИКИ  ""СУСАМЫР""";41;29;42;71;13;25;38;7;29;36;6;22;28
Чуйская обл.;4170800000000000;Жайылский р-н;41708209000000000;824521;"ЦОВП ""СУСАМЫР""";"ЦЕНТР ОБЩЕВРАЧЕБНОЙ ПРАКТИКИ  ""СУСАМЫР""";42;40;33;73;21;20;41;17;29;46;14;25;39
Чуйская обл.;4170800000000000;Жайылский р-н;41708209000000000;824521;"ЦОВП ""СУСАМЫР""";"ЦЕНТР ОБЩЕВРАЧЕБНОЙ ПРАКТИКИ  ""СУСАМЫР""";43;32;27;59;16;10;26;20;21;41;12;16;28
Чуйская обл.;4170800000000000;Жайылский р-н;41708209000000000;824521;"ЦОВП ""СУСАМЫР""";"ЦЕНТР ОБЩЕВРАЧЕБНОЙ ПРАКТИКИ  ""СУСАМЫР""";44;28;24;52;16;13;29;22;16;38;17;9;26
Чуйская обл.;4170800000000000;Жайылский р-н;41708209000000000;824521;"ЦОВП ""СУСАМЫР""";"ЦЕНТР ОБЩЕВРАЧЕБНОЙ ПРАКТИКИ  ""СУСАМЫР""";45;42;38;80;26;18;44;59;30;89;23;25;48
Чуйская обл.;4170800000000000;Жайылский р-н;41708209000000000;824521;"ЦОВП ""СУСАМЫР""";"ЦЕНТР ОБЩЕВРАЧЕБНОЙ ПРАКТИКИ  ""СУСАМЫР""";46;33;20;53;14;12;26;34;16;50;12;13;25
Чуйская обл.;4170800000000000;Жайылский р-н;41708209000000000;824521;"ЦОВП ""СУСАМЫР""";"ЦЕНТР ОБЩЕВРАЧЕБНОЙ ПРАКТИКИ  ""СУСАМЫР""";47;30;38;68;14;21;35;30;25;55;22;23;45
Чуйская обл.;4170800000000000;Жайылский р-н;41708209000000000;824521;"ЦОВП ""СУСАМЫР""";"ЦЕНТР ОБЩЕВРАЧЕБНОЙ ПРАКТИКИ  ""СУСАМЫР""";48;26;41;67;19;20;39;8;18;26;8;15;23
Чуйская обл.;4170800000000000;Жайылский р-н;41708209000000000;824521;"ЦОВП ""СУСАМЫР""";"ЦЕНТР ОБЩЕВРАЧЕБНОЙ ПРАКТИКИ  ""СУСАМЫР""";49;34;25;59;15;9;24;15;31;46;9;19;28
Чуйская обл.;4170800000000000;Жайылский р-н;41708209000000000;824521;"ЦОВП ""СУСАМЫР""";"ЦЕНТР ОБЩЕВРАЧЕБНОЙ ПРАКТИКИ  ""СУСАМЫР""";50;25;24;49;7;14;21;10;14;24;9;14;23
Чуйская обл.;4170800000000000;Жайылский р-н;41708209000000000;824521;"ЦОВП ""СУСАМЫР""";"ЦЕНТР ОБЩЕВРАЧЕБНОЙ ПРАКТИКИ  ""СУСАМЫР""";51;34;29;63;16;24;40;12;14;26;10;12;22
Чуйская обл.;4170800000000000;Жайылский р-н;41708209000000000;824521;"ЦОВП ""СУСАМЫР""";"ЦЕНТР ОБЩЕВРАЧЕБНОЙ ПРАКТИКИ  ""СУСАМЫР""";52;34;31;65;12;22;34;27;22;49;17;18;35
Чуйская обл.;4170800000000000;Жайылский р-н;41708209000000000;824521;"ЦОВП ""СУСАМЫР""";"ЦЕНТР ОБЩЕВРАЧЕБНОЙ ПРАКТИКИ  ""СУСАМЫР""";53;38;44;82;21;24;45;25;42;67;21;29;50
Чуйская обл.;4170800000000000;Жайылский р-н;41708209000000000;824521;"ЦОВП ""СУСАМЫР""";"ЦЕНТР ОБЩЕВРАЧЕБНОЙ ПРАКТИКИ  ""СУСАМЫР""";54;31;17;48;16;13;29;3;25;28;1;20;21
Чуйская обл.;4170800000000000;Жайылский р-н;41708209000000000;824521;"ЦОВП ""СУСАМЫР""";"ЦЕНТР ОБЩЕВРАЧЕБНОЙ ПРАКТИКИ  ""СУСАМЫР""";55;30;23;53;15;18;33;20;43;63;13;43;56
Чуйская обл.;4170800000000000;Жайылский р-н;41708209000000000;824521;"ЦОВП ""СУСАМЫР""";"ЦЕНТР ОБЩЕВРАЧЕБНОЙ ПРАКТИКИ  ""СУСАМЫР""";56;29;26;55;15;22;37;9;26;35;8;26;34
Чуйская обл.;4170800000000000;Жайылский р-н;41708209000000000;824521;"ЦОВП ""СУСАМЫР""";"ЦЕНТР ОБЩЕВРАЧЕБНОЙ ПРАКТИКИ  ""СУСАМЫР""";57;29;26;55;15;22;37;22;24;46;20;24;44
Чуйская обл.;4170800000000000;Жайылский р-н;41708209000000000;824521;"ЦОВП ""СУСАМЫР""";"ЦЕНТР ОБЩЕВРАЧЕБНОЙ ПРАКТИКИ  ""СУСАМЫР""";58;29;26;55;18;26;44;17;21;38;15;21;36
Чуйская обл.;4170800000000000;Жайылский р-н;41708209000000000;824521;"ЦОВП ""СУСАМЫР""";"ЦЕНТР ОБЩЕВРАЧЕБНОЙ ПРАКТИКИ  ""СУСАМЫР""";59;29;34;63;18;30;48;36;34;70;25;34;59
Чуйская обл.;4170800000000000;Жайылский р-н;41708209000000000;824521;"ЦОВП ""СУСАМЫР""";"ЦЕНТР ОБЩЕВРАЧЕБНОЙ ПРАКТИКИ  ""СУСАМЫР""";60;21;25;46;15;24;39;20;33;53;14;33;47
Чуйская обл.;4170800000000000;Жайылский р-н;41708209000000000;824521;"ЦОВП ""СУСАМЫР""";"ЦЕНТР ОБЩЕВРАЧЕБНОЙ ПРАКТИКИ  ""СУСАМЫР""";61;23;31;54;15;28;43;34;18;52;23;18;41
Чуйская обл.;4170800000000000;Жайылский р-н;41708209000000000;824521;"ЦОВП ""СУСАМЫР""";"ЦЕНТР ОБЩЕВРАЧЕБНОЙ ПРАКТИКИ  ""СУСАМЫР""";62;25;19;44;21;17;38;24;16;40;21;16;37
Чуйская обл.;4170800000000000;Жайылский р-н;41708209000000000;824521;"ЦОВП ""СУСАМЫР""";"ЦЕНТР ОБЩЕВРАЧЕБНОЙ ПРАКТИКИ  ""СУСАМЫР""";63;24;19;43;22;19;41;29;21;50;29;21;50
Чуйская обл.;4170800000000000;Жайылский р-н;41708209000000000;824521;"ЦОВП ""СУСАМЫР""";"ЦЕНТР ОБЩЕВРАЧЕБНОЙ ПРАКТИКИ  ""СУСАМЫР""";64;23;20;43;21;20;41;35;34;69;35;34;69
Чуйская обл.;4170800000000000;Жайылский р-н;41708209000000000;824521;"ЦОВП ""СУСАМЫР""";"ЦЕНТР ОБЩЕВРАЧЕБНОЙ ПРАКТИКИ  ""СУСАМЫР""";65;25;18;43;25;18;43;24;19;43;24;19;43
Чуйская обл.;4170800000000000;Жайылский р-н;41708209000000000;824521;"ЦОВП ""СУСАМЫР""";"ЦЕНТР ОБЩЕВРАЧЕБНОЙ ПРАКТИКИ  ""СУСАМЫР""";66;16;17;33;16;17;33;15;23;38;14;23;37
Чуйская обл.;4170800000000000;Жайылский р-н;41708209000000000;824521;"ЦОВП ""СУСАМЫР""";"ЦЕНТР ОБЩЕВРАЧЕБНОЙ ПРАКТИКИ  ""СУСАМЫР""";67;14;18;32;13;18;31;5;15;20;5;15;20
Чуйская обл.;4170800000000000;Жайылский р-н;41708209000000000;824521;"ЦОВП ""СУСАМЫР""";"ЦЕНТР ОБЩЕВРАЧЕБНОЙ ПРАКТИКИ  ""СУСАМЫР""";68;17;21;38;17;21;38;3;5;8;3;5;8
Чуйская обл.;4170800000000000;Жайылский р-н;41708209000000000;824521;"ЦОВП ""СУСАМЫР""";"ЦЕНТР ОБЩЕВРАЧЕБНОЙ ПРАКТИКИ  ""СУСАМЫР""";69;14;16;30;14;16;30;10;10;20;10;10;20
Чуйская обл.;4170800000000000;Жайылский р-н;41708209000000000;824521;"ЦОВП ""СУСАМЫР""";"ЦЕНТР ОБЩЕВРАЧЕБНОЙ ПРАКТИКИ  ""СУСАМЫР""";70;10;16;26;10;16;26;17;19;36;17;19;36
Чуйская обл.;4170800000000000;Жайылский р-н;41708209000000000;824521;"ЦОВП ""СУСАМЫР""";"ЦЕНТР ОБЩЕВРАЧЕБНОЙ ПРАКТИКИ  ""СУСАМЫР""";71;10;11;21;10;10;20;18;33;51;18;32;50
Чуйская обл.;4170800000000000;Жайылский р-н;41708209000000000;824521;"ЦОВП ""СУСАМЫР""";"ЦЕНТР ОБЩЕВРАЧЕБНОЙ ПРАКТИКИ  ""СУСАМЫР""";72;7;15;22;7;15;22;9;22;31;9;22;31
Чуйская обл.;4170800000000000;Жайылский р-н;41708209000000000;824521;"ЦОВП ""СУСАМЫР""";"ЦЕНТР ОБЩЕВРАЧЕБНОЙ ПРАКТИКИ  ""СУСАМЫР""";73;7;7;14;7;7;14;16;11;27;16;11;27
Чуйская обл.;4170800000000000;Жайылский р-н;41708209000000000;824521;"ЦОВП ""СУСАМЫР""";"ЦЕНТР ОБЩЕВРАЧЕБНОЙ ПРАКТИКИ  ""СУСАМЫР""";74;13;9;22;13;9;22;19;20;39;19;20;39
Чуйская обл.;4170800000000000;Жайылский р-н;41708209000000000;824521;"ЦОВП ""СУСАМЫР""";"ЦЕНТР ОБЩЕВРАЧЕБНОЙ ПРАКТИКИ  ""СУСАМЫР""";75;7;14;21;7;14;21;5;17;22;5;17;22
Чуйская обл.;4170800000000000;Жайылский р-н;41708209000000000;824521;"ЦОВП ""СУСАМЫР""";"ЦЕНТР ОБЩЕВРАЧЕБНОЙ ПРАКТИКИ  ""СУСАМЫР""";76;6;6;12;6;6;12;2;10;12;2;10;12
Чуйская обл.;4170800000000000;Жайылский р-н;41708209000000000;824521;"ЦОВП ""СУСАМЫР""";"ЦЕНТР ОБЩЕВРАЧЕБНОЙ ПРАКТИКИ  ""СУСАМЫР""";77;5;12;17;5;12;17;4;18;22;4;18;22
Чуйская обл.;4170800000000000;Жайылский р-н;41708209000000000;824521;"ЦОВП ""СУСАМЫР""";"ЦЕНТР ОБЩЕВРАЧЕБНОЙ ПРАКТИКИ  ""СУСАМЫР""";78;5;7;12;5;7;12;2;8;10;2;8;10
Чуйская обл.;4170800000000000;Жайылский р-н;41708209000000000;824521;"ЦОВП ""СУСАМЫР""";"ЦЕНТР ОБЩЕВРАЧЕБНОЙ ПРАКТИКИ  ""СУСАМЫР""";79;0;5;5;0;5;5;2;6;8;2;6;8
Чуйская обл.;4170800000000000;Жайылский р-н;41708209000000000;824521;"ЦОВП ""СУСАМЫР""";"ЦЕНТР ОБЩЕВРАЧЕБНОЙ ПРАКТИКИ  ""СУСАМЫР""";80;2;0;2;2;0;2;0;4;4;0;4;4
Чуйская обл.;4170800000000000;Жайылский р-н;41708209000000000;824521;"ЦОВП ""СУСАМЫР""";"ЦЕНТР ОБЩЕВРАЧЕБНОЙ ПРАКТИКИ  ""СУСАМЫР""";81;2;8;10;2;8;10;0;1;1;0;1;1
Чуйская обл.;4170800000000000;Жайылский р-н;41708209000000000;824521;"ЦОВП ""СУСАМЫР""";"ЦЕНТР ОБЩЕВРАЧЕБНОЙ ПРАКТИКИ  ""СУСАМЫР""";82;0;7;7;0;7;7;6;4;10;6;4;10
Чуйская обл.;4170800000000000;Жайылский р-н;41708209000000000;824521;"ЦОВП ""СУСАМЫР""";"ЦЕНТР ОБЩЕВРАЧЕБНОЙ ПРАКТИКИ  ""СУСАМЫР""";83;4;3;7;4;3;7;5;4;9;5;4;9
Чуйская обл.;4170800000000000;Жайылский р-н;41708209000000000;824521;"ЦОВП ""СУСАМЫР""";"ЦЕНТР ОБЩЕВРАЧЕБНОЙ ПРАКТИКИ  ""СУСАМЫР""";84;6;14;20;6;14;20;21;5;26;21;5;26
Чуйская обл.;4170800000000000;Жайылский р-н;41708209000000000;824521;"ЦОВП ""СУСАМЫР""";"ЦЕНТР ОБЩЕВРАЧЕБНОЙ ПРАКТИКИ  ""СУСАМЫР""";85;2;10;12;2;10;12;2;8;10;2;8;10
Чуйская обл.;4170800000000000;Жайылский р-н;41708209000000000;824521;"ЦОВП ""СУСАМЫР""";"ЦЕНТР ОБЩЕВРАЧЕБНОЙ ПРАКТИКИ  ""СУСАМЫР""";86;3;7;10;3;7;10;3;1;4;3;1;4
Чуйская обл.;4170800000000000;Жайылский р-н;41708209000000000;824521;"ЦОВП ""СУСАМЫР""";"ЦЕНТР ОБЩЕВРАЧЕБНОЙ ПРАКТИКИ  ""СУСАМЫР""";89;1;2;3;1;2;3;1;0;1;1;0;1
Чуйская обл.;4170800000000000;Жайылский р-н;41708209000000000;824521;"ЦОВП ""СУСАМЫР""";"ЦЕНТР ОБЩЕВРАЧЕБНОЙ ПРАКТИКИ  ""СУСАМЫР""";92;3;8;11;3;8;11;2;0;2;2;0;2
Чуйская обл.;4170800000000000;Жайылский р-н;41708209000000000;824521;"ЦОВП ""СУСАМЫР""";"ЦЕНТР ОБЩЕВРАЧЕБНОЙ ПРАКТИКИ  ""СУСАМЫР""";93;0;1;1;0;1;1;0;1;1;0;1;1
Чуйская обл.;4170800000000000;Жайылский р-н;41708209000000000;824521;"ЦОВП ""СУСАМЫР""";"ЦЕНТР ОБЩЕВРАЧЕБНОЙ ПРАКТИКИ  ""СУСАМЫР""";94;2;4;6;2;4;6;0;2;2;0;2;2
Чуйская обл.;4170800000000000;Жайылский р-н;41708209000000000;824521;"ЦОВП ""СУСАМЫР""";"ЦЕНТР ОБЩЕВРАЧЕБНОЙ ПРАКТИКИ  ""СУСАМЫР""";95;1;2;3;1;2;3;6;0;6;6;0;6
Чуйская обл.;4170800000000000;Жайылский р-н;41708209000000000;824521;"ЦОВП ""СУСАМЫР""";"ЦЕНТР ОБЩЕВРАЧЕБНОЙ ПРАКТИКИ  ""СУСАМЫР""";100;0;0;0;0;0;0;3;0;3;3;0;3
Баткенская обл.;4170500000000000;Кадамжайский р-н;41705258000000000;512931;"ЦОВП ""УЧ-КОРГОН""";"ЦЕНТР ОБЩЕВРАЧЕБНОЙ ПРАКТИКИ ""УЧ-КОРГОН""";0;416;434;850;416;434;850;1102;997;2099;1102;997;2099
Баткенская обл.;4170500000000000;Кадамжайский р-н;41705258000000000;512931;"ЦОВП ""УЧ-КОРГОН""";"ЦЕНТР ОБЩЕВРАЧЕБНОЙ ПРАКТИКИ ""УЧ-КОРГОН""";1;733;645;1378;733;645;1378;675;530;1205;675;530;1205
Баткенская обл.;4170500000000000;Кадамжайский р-н;41705258000000000;512931;"ЦОВП ""УЧ-КОРГОН""";"ЦЕНТР ОБЩЕВРАЧЕБНОЙ ПРАКТИКИ ""УЧ-КОРГОН""";2;784;730;1514;784;730;1514;534;474;1008;534;474;1008
Баткенская обл.;4170500000000000;Кадамжайский р-н;41705258000000000;512931;"ЦОВП ""УЧ-КОРГОН""";"ЦЕНТР ОБЩЕВРАЧЕБНОЙ ПРАКТИКИ ""УЧ-КОРГОН""";3;741;718;1459;741;718;1459;385;308;693;385;308;693
Баткенская обл.;4170500000000000;Кадамжайский р-н;41705258000000000;512931;"ЦОВП ""УЧ-КОРГОН""";"ЦЕНТР ОБЩЕВРАЧЕБНОЙ ПРАКТИКИ ""УЧ-КОРГОН""";4;714;778;1492;714;778;1492;279;288;567;279;288;567
Баткенская обл.;4170500000000000;Кадамжайский р-н;41705258000000000;512931;"ЦОВП ""УЧ-КОРГОН""";"ЦЕНТР ОБЩЕВРАЧЕБНОЙ ПРАКТИКИ ""УЧ-КОРГОН""";5;681;801;1482;681;801;1482;317;355;672;317;355;672
Баткенская обл.;4170500000000000;Кадамжайский р-н;41705258000000000;512931;"ЦОВП ""УЧ-КОРГОН""";"ЦЕНТР ОБЩЕВРАЧЕБНОЙ ПРАКТИКИ ""УЧ-КОРГОН""";6;701;1029;1730;701;1029;1730;304;247;551;304;247;551
Баткенская обл.;4170500000000000;Кадамжайский р-н;41705258000000000;512931;"ЦОВП ""УЧ-КОРГОН""";"ЦЕНТР ОБЩЕВРАЧЕБНОЙ ПРАКТИКИ ""УЧ-КОРГОН""";7;702;954;1656;702;954;1656;119;88;207;119;88;207
Баткенская обл.;4170500000000000;Кадамжайский р-н;41705258000000000;512931;"ЦОВП ""УЧ-КОРГОН""";"ЦЕНТР ОБЩЕВРАЧЕБНОЙ ПРАКТИКИ ""УЧ-КОРГОН""";8;751;924;1675;751;924;1675;101;71;172;101;71;172
Баткенская обл.;4170500000000000;Кадамжайский р-н;41705258000000000;512931;"ЦОВП ""УЧ-КОРГОН""";"ЦЕНТР ОБЩЕВРАЧЕБНОЙ ПРАКТИКИ ""УЧ-КОРГОН""";9;678;993;1671;678;993;1671;74;76;150;74;76;150
Баткенская обл.;4170500000000000;Кадамжайский р-н;41705258000000000;512931;"ЦОВП ""УЧ-КОРГОН""";"ЦЕНТР ОБЩЕВРАЧЕБНОЙ ПРАКТИКИ ""УЧ-КОРГОН""";10;695;1014;1709;695;1014;1709;96;88;184;96;88;184
Баткенская обл.;4170500000000000;Кадамжайский р-н;41705258000000000;512931;"ЦОВП ""УЧ-КОРГОН""";"ЦЕНТР ОБЩЕВРАЧЕБНОЙ ПРАКТИКИ ""УЧ-КОРГОН""";11;651;890;1541;651;890;1541;89;79;168;89;79;168
Баткенская обл.;4170500000000000;Кадамжайский р-н;41705258000000000;512931;"ЦОВП ""УЧ-КОРГОН""";"ЦЕНТР ОБЩЕВРАЧЕБНОЙ ПРАКТИКИ ""УЧ-КОРГОН""";12;631;820;1451;631;820;1451;89;49;138;89;49;138
Баткенская обл.;4170500000000000;Кадамжайский р-н;41705258000000000;512931;"ЦОВП ""УЧ-КОРГОН""";"ЦЕНТР ОБЩЕВРАЧЕБНОЙ ПРАКТИКИ ""УЧ-КОРГОН""";13;577;773;1350;577;773;1350;124;92;216;124;92;216
Баткенская обл.;4170500000000000;Кадамжайский р-н;41705258000000000;512931;"ЦОВП ""УЧ-КОРГОН""";"ЦЕНТР ОБЩЕВРАЧЕБНОЙ ПРАКТИКИ ""УЧ-КОРГОН""";14;598;736;1334;598;736;1334;421;196;617;421;196;617
Баткенская обл.;4170500000000000;Кадамжайский р-н;41705258000000000;512931;"ЦОВП ""УЧ-КОРГОН""";"ЦЕНТР ОБЩЕВРАЧЕБНОЙ ПРАКТИКИ ""УЧ-КОРГОН""";15;536;646;1182;536;646;1182;245;179;424;245;179;424
Баткенская обл.;4170500000000000;Кадамжайский р-н;41705258000000000;512931;"ЦОВП ""УЧ-КОРГОН""";"ЦЕНТР ОБЩЕВРАЧЕБНОЙ ПРАКТИКИ ""УЧ-КОРГОН""";16;493;550;1043;493;550;1043;282;212;494;263;197;460
Баткенская обл.;4170500000000000;Кадамжайский р-н;41705258000000000;512931;"ЦОВП ""УЧ-КОРГОН""";"ЦЕНТР ОБЩЕВРАЧЕБНОЙ ПРАКТИКИ ""УЧ-КОРГОН""";17;491;534;1025;412;453;865;349;200;549;248;140;388
Баткенская обл.;4170500000000000;Кадамжайский р-н;41705258000000000;512931;"ЦОВП ""УЧ-КОРГОН""";"ЦЕНТР ОБЩЕВРАЧЕБНОЙ ПРАКТИКИ ""УЧ-КОРГОН""";18;401;459;860;331;389;720;203;222;425;142;160;302
Баткенская обл.;4170500000000000;Кадамжайский р-н;41705258000000000;512931;"ЦОВП ""УЧ-КОРГОН""";"ЦЕНТР ОБЩЕВРАЧЕБНОЙ ПРАКТИКИ ""УЧ-КОРГОН""";19;382;404;786;149;199;348;162;287;449;56;130;186
Баткенская обл.;4170500000000000;Кадамжайский р-н;41705258000000000;512931;"ЦОВП ""УЧ-КОРГОН""";"ЦЕНТР ОБЩЕВРАЧЕБНОЙ ПРАКТИКИ ""УЧ-КОРГОН""";20;401;411;812;32;98;130;112;313;425;16;131;147
Баткенская обл.;4170500000000000;Кадамжайский р-н;41705258000000000;512931;"ЦОВП ""УЧ-КОРГОН""";"ЦЕНТР ОБЩЕВРАЧЕБНОЙ ПРАКТИКИ ""УЧ-КОРГОН""";21;342;403;745;14;100;114;89;308;397;10;135;145
Баткенская обл.;4170500000000000;Кадамжайский р-н;41705258000000000;512931;"ЦОВП ""УЧ-КОРГОН""";"ЦЕНТР ОБЩЕВРАЧЕБНОЙ ПРАКТИКИ ""УЧ-КОРГОН""";22;343;431;774;33;105;138;76;337;413;29;150;179
Баткенская обл.;4170500000000000;Кадамжайский р-н;41705258000000000;512931;"ЦОВП ""УЧ-КОРГОН""";"ЦЕНТР ОБЩЕВРАЧЕБНОЙ ПРАКТИКИ ""УЧ-КОРГОН""";23;361;433;794;31;97;128;76;250;326;14;131;145
Баткенская обл.;4170500000000000;Кадамжайский р-н;41705258000000000;512931;"ЦОВП ""УЧ-КОРГОН""";"ЦЕНТР ОБЩЕВРАЧЕБНОЙ ПРАКТИКИ ""УЧ-КОРГОН""";24;362;462;824;29;137;166;145;276;421;22;158;180
Баткенская обл.;4170500000000000;Кадамжайский р-н;41705258000000000;512931;"ЦОВП ""УЧ-КОРГОН""";"ЦЕНТР ОБЩЕВРАЧЕБНОЙ ПРАКТИКИ ""УЧ-КОРГОН""";25;395;475;870;34;150;184;95;319;414;20;194;214
Баткенская обл.;4170500000000000;Кадамжайский р-н;41705258000000000;512931;"ЦОВП ""УЧ-КОРГОН""";"ЦЕНТР ОБЩЕВРАЧЕБНОЙ ПРАКТИКИ ""УЧ-КОРГОН""";26;436;541;977;50;173;223;90;277;367;26;143;169
Баткенская обл.;4170500000000000;Кадамжайский р-н;41705258000000000;512931;"ЦОВП ""УЧ-КОРГОН""";"ЦЕНТР ОБЩЕВРАЧЕБНОЙ ПРАКТИКИ ""УЧ-КОРГОН""";27;441;443;884;62;165;227;133;269;402;40;144;184
Баткенская обл.;4170500000000000;Кадамжайский р-н;41705258000000000;512931;"ЦОВП ""УЧ-КОРГОН""";"ЦЕНТР ОБЩЕВРАЧЕБНОЙ ПРАКТИКИ ""УЧ-КОРГОН""";28;460;548;1008;73;206;279;133;347;480;46;209;255
Баткенская обл.;4170500000000000;Кадамжайский р-н;41705258000000000;512931;"ЦОВП ""УЧ-КОРГОН""";"ЦЕНТР ОБЩЕВРАЧЕБНОЙ ПРАКТИКИ ""УЧ-КОРГОН""";29;471;530;1001;78;214;292;120;212;332;27;140;167
Баткенская обл.;4170500000000000;Кадамжайский р-н;41705258000000000;512931;"ЦОВП ""УЧ-КОРГОН""";"ЦЕНТР ОБЩЕВРАЧЕБНОЙ ПРАКТИКИ ""УЧ-КОРГОН""";30;507;535;1042;140;254;394;119;223;342;38;155;193
Баткенская обл.;4170500000000000;Кадамжайский р-н;41705258000000000;512931;"ЦОВП ""УЧ-КОРГОН""";"ЦЕНТР ОБЩЕВРАЧЕБНОЙ ПРАКТИКИ ""УЧ-КОРГОН""";31;482;465;947;178;241;419;140;272;412;81;207;288
Баткенская обл.;4170500000000000;Кадамжайский р-н;41705258000000000;512931;"ЦОВП ""УЧ-КОРГОН""";"ЦЕНТР ОБЩЕВРАЧЕБНОЙ ПРАКТИКИ ""УЧ-КОРГОН""";32;519;563;1082;212;299;511;147;268;415;87;198;285
Баткенская обл.;4170500000000000;Кадамжайский р-н;41705258000000000;512931;"ЦОВП ""УЧ-КОРГОН""";"ЦЕНТР ОБЩЕВРАЧЕБНОЙ ПРАКТИКИ ""УЧ-КОРГОН""";33;533;500;1033;226;259;485;147;208;355;80;163;243
Баткенская обл.;4170500000000000;Кадамжайский р-н;41705258000000000;512931;"ЦОВП ""УЧ-КОРГОН""";"ЦЕНТР ОБЩЕВРАЧЕБНОЙ ПРАКТИКИ ""УЧ-КОРГОН""";34;493;497;990;208;275;483;135;247;382;77;203;280
Баткенская обл.;4170500000000000;Кадамжайский р-н;41705258000000000;512931;"ЦОВП ""УЧ-КОРГОН""";"ЦЕНТР ОБЩЕВРАЧЕБНОЙ ПРАКТИКИ ""УЧ-КОРГОН""";35;484;418;902;212;235;447;108;203;311;58;126;184
Баткенская обл.;4170500000000000;Кадамжайский р-н;41705258000000000;512931;"ЦОВП ""УЧ-КОРГОН""";"ЦЕНТР ОБЩЕВРАЧЕБНОЙ ПРАКТИКИ ""УЧ-КОРГОН""";36;469;442;911;207;249;456;143;165;308;84;119;203
Баткенская обл.;4170500000000000;Кадамжайский р-н;41705258000000000;512931;"ЦОВП ""УЧ-КОРГОН""";"ЦЕНТР ОБЩЕВРАЧЕБНОЙ ПРАКТИКИ ""УЧ-КОРГОН""";37;522;417;939;224;234;458;138;155;293;81;106;187
Баткенская обл.;4170500000000000;Кадамжайский р-н;41705258000000000;512931;"ЦОВП ""УЧ-КОРГОН""";"ЦЕНТР ОБЩЕВРАЧЕБНОЙ ПРАКТИКИ ""УЧ-КОРГОН""";38;481;452;933;204;241;445;140;179;319;85;123;208
Баткенская обл.;4170500000000000;Кадамжайский р-н;41705258000000000;512931;"ЦОВП ""УЧ-КОРГОН""";"ЦЕНТР ОБЩЕВРАЧЕБНОЙ ПРАКТИКИ ""УЧ-КОРГОН""";39;434;439;873;193;244;437;121;177;298;82;121;203
Баткенская обл.;4170500000000000;Кадамжайский р-н;41705258000000000;512931;"ЦОВП ""УЧ-КОРГОН""";"ЦЕНТР ОБЩЕВРАЧЕБНОЙ ПРАКТИКИ ""УЧ-КОРГОН""";40;394;428;822;158;242;400;112;132;244;73;100;173
Баткенская обл.;4170500000000000;Кадамжайский р-н;41705258000000000;512931;"ЦОВП ""УЧ-КОРГОН""";"ЦЕНТР ОБЩЕВРАЧЕБНОЙ ПРАКТИКИ ""УЧ-КОРГОН""";41;348;352;700;173;203;376;98;112;210;73;80;153
Баткенская обл.;4170500000000000;Кадамжайский р-н;41705258000000000;512931;"ЦОВП ""УЧ-КОРГОН""";"ЦЕНТР ОБЩЕВРАЧЕБНОЙ ПРАКТИКИ ""УЧ-КОРГОН""";42;324;347;671;144;202;346;79;85;164;46;56;102
Баткенская обл.;4170500000000000;Кадамжайский р-н;41705258000000000;512931;"ЦОВП ""УЧ-КОРГОН""";"ЦЕНТР ОБЩЕВРАЧЕБНОЙ ПРАКТИКИ ""УЧ-КОРГОН""";43;307;331;638;140;168;308;84;132;216;58;81;139
Баткенская обл.;4170500000000000;Кадамжайский р-н;41705258000000000;512931;"ЦОВП ""УЧ-КОРГОН""";"ЦЕНТР ОБЩЕВРАЧЕБНОЙ ПРАКТИКИ ""УЧ-КОРГОН""";44;293;339;632;119;168;287;64;99;163;43;67;110
Баткенская обл.;4170500000000000;Кадамжайский р-н;41705258000000000;512931;"ЦОВП ""УЧ-КОРГОН""";"ЦЕНТР ОБЩЕВРАЧЕБНОЙ ПРАКТИКИ ""УЧ-КОРГОН""";45;312;319;631;142;146;288;61;99;160;37;64;101
Баткенская обл.;4170500000000000;Кадамжайский р-н;41705258000000000;512931;"ЦОВП ""УЧ-КОРГОН""";"ЦЕНТР ОБЩЕВРАЧЕБНОЙ ПРАКТИКИ ""УЧ-КОРГОН""";46;279;308;587;121;157;278;94;131;225;50;89;139
Баткенская обл.;4170500000000000;Кадамжайский р-н;41705258000000000;512931;"ЦОВП ""УЧ-КОРГОН""";"ЦЕНТР ОБЩЕВРАЧЕБНОЙ ПРАКТИКИ ""УЧ-КОРГОН""";47;271;291;562;103;134;237;78;149;227;42;109;151
Баткенская обл.;4170500000000000;Кадамжайский р-н;41705258000000000;512931;"ЦОВП ""УЧ-КОРГОН""";"ЦЕНТР ОБЩЕВРАЧЕБНОЙ ПРАКТИКИ ""УЧ-КОРГОН""";48;283;307;590;123;155;278;55;126;181;22;86;108
Баткенская обл.;4170500000000000;Кадамжайский р-н;41705258000000000;512931;"ЦОВП ""УЧ-КОРГОН""";"ЦЕНТР ОБЩЕВРАЧЕБНОЙ ПРАКТИКИ ""УЧ-КОРГОН""";49;275;285;560;113;118;231;79;102;181;38;57;95
Баткенская обл.;4170500000000000;Кадамжайский р-н;41705258000000000;512931;"ЦОВП ""УЧ-КОРГОН""";"ЦЕНТР ОБЩЕВРАЧЕБНОЙ ПРАКТИКИ ""УЧ-КОРГОН""";50;267;258;525;104;109;213;70;100;170;39;64;103
Баткенская обл.;4170500000000000;Кадамжайский р-н;41705258000000000;512931;"ЦОВП ""УЧ-КОРГОН""";"ЦЕНТР ОБЩЕВРАЧЕБНОЙ ПРАКТИКИ ""УЧ-КОРГОН""";51;268;289;557;101;141;242;74;122;196;47;77;124
Баткенская обл.;4170500000000000;Кадамжайский р-н;41705258000000000;512931;"ЦОВП ""УЧ-КОРГОН""";"ЦЕНТР ОБЩЕВРАЧЕБНОЙ ПРАКТИКИ ""УЧ-КОРГОН""";52;269;264;533;115;118;233;53;139;192;31;76;107
Баткенская обл.;4170500000000000;Кадамжайский р-н;41705258000000000;512931;"ЦОВП ""УЧ-КОРГОН""";"ЦЕНТР ОБЩЕВРАЧЕБНОЙ ПРАКТИКИ ""УЧ-КОРГОН""";53;256;294;550;101;147;248;83;126;209;56;88;144
Баткенская обл.;4170500000000000;Кадамжайский р-н;41705258000000000;512931;"ЦОВП ""УЧ-КОРГОН""";"ЦЕНТР ОБЩЕВРАЧЕБНОЙ ПРАКТИКИ ""УЧ-КОРГОН""";54;297;262;559;120;135;255;97;138;235;42;92;134
Баткенская обл.;4170500000000000;Кадамжайский р-н;41705258000000000;512931;"ЦОВП ""УЧ-КОРГОН""";"ЦЕНТР ОБЩЕВРАЧЕБНОЙ ПРАКТИКИ ""УЧ-КОРГОН""";55;254;284;538;99;154;253;113;183;296;63;110;173
Баткенская обл.;4170500000000000;Кадамжайский р-н;41705258000000000;512931;"ЦОВП ""УЧ-КОРГОН""";"ЦЕНТР ОБЩЕВРАЧЕБНОЙ ПРАКТИКИ ""УЧ-КОРГОН""";56;269;296;565;133;148;281;87;172;259;56;96;152
Баткенская обл.;4170500000000000;Кадамжайский р-н;41705258000000000;512931;"ЦОВП ""УЧ-КОРГОН""";"ЦЕНТР ОБЩЕВРАЧЕБНОЙ ПРАКТИКИ ""УЧ-КОРГОН""";57;250;255;505;113;152;265;104;166;270;59;114;173
Баткенская обл.;4170500000000000;Кадамжайский р-н;41705258000000000;512931;"ЦОВП ""УЧ-КОРГОН""";"ЦЕНТР ОБЩЕВРАЧЕБНОЙ ПРАКТИКИ ""УЧ-КОРГОН""";58;241;283;524;109;137;246;143;132;275;94;84;178
Баткенская обл.;4170500000000000;Кадамжайский р-н;41705258000000000;512931;"ЦОВП ""УЧ-КОРГОН""";"ЦЕНТР ОБЩЕВРАЧЕБНОЙ ПРАКТИКИ ""УЧ-КОРГОН""";59;262;258;520;127;143;270;108;165;273;76;118;194
Баткенская обл.;4170500000000000;Кадамжайский р-н;41705258000000000;512931;"ЦОВП ""УЧ-КОРГОН""";"ЦЕНТР ОБЩЕВРАЧЕБНОЙ ПРАКТИКИ ""УЧ-КОРГОН""";60;243;281;524;129;192;321;132;176;308;83;132;215
Баткенская обл.;4170500000000000;Кадамжайский р-н;41705258000000000;512931;"ЦОВП ""УЧ-КОРГОН""";"ЦЕНТР ОБЩЕВРАЧЕБНОЙ ПРАКТИКИ ""УЧ-КОРГОН""";61;267;281;548;154;240;394;157;150;307;111;123;234
Баткенская обл.;4170500000000000;Кадамжайский р-н;41705258000000000;512931;"ЦОВП ""УЧ-КОРГОН""";"ЦЕНТР ОБЩЕВРАЧЕБНОЙ ПРАКТИКИ ""УЧ-КОРГОН""";62;273;280;553;150;235;385;98;152;250;72;126;198
Баткенская обл.;4170500000000000;Кадамжайский р-н;41705258000000000;512931;"ЦОВП ""УЧ-КОРГОН""";"ЦЕНТР ОБЩЕВРАЧЕБНОЙ ПРАКТИКИ ""УЧ-КОРГОН""";63;210;226;436;112;189;301;109;158;267;76;134;210
Баткенская обл.;4170500000000000;Кадамжайский р-н;41705258000000000;512931;"ЦОВП ""УЧ-КОРГОН""";"ЦЕНТР ОБЩЕВРАЧЕБНОЙ ПРАКТИКИ ""УЧ-КОРГОН""";64;238;260;498;144;226;370;149;176;325;122;148;270
Баткенская обл.;4170500000000000;Кадамжайский р-н;41705258000000000;512931;"ЦОВП ""УЧ-КОРГОН""";"ЦЕНТР ОБЩЕВРАЧЕБНОЙ ПРАКТИКИ ""УЧ-КОРГОН""";65;195;223;418;123;192;315;117;170;287;95;149;244
Баткенская обл.;4170500000000000;Кадамжайский р-н;41705258000000000;512931;"ЦОВП ""УЧ-КОРГОН""";"ЦЕНТР ОБЩЕВРАЧЕБНОЙ ПРАКТИКИ ""УЧ-КОРГОН""";66;183;216;399;116;185;301;56;128;184;39;89;128
Баткенская обл.;4170500000000000;Кадамжайский р-н;41705258000000000;512931;"ЦОВП ""УЧ-КОРГОН""";"ЦЕНТР ОБЩЕВРАЧЕБНОЙ ПРАКТИКИ ""УЧ-КОРГОН""";67;164;178;342;108;140;248;86;125;211;68;107;175
Баткенская обл.;4170500000000000;Кадамжайский р-н;41705258000000000;512931;"ЦОВП ""УЧ-КОРГОН""";"ЦЕНТР ОБЩЕВРАЧЕБНОЙ ПРАКТИКИ ""УЧ-КОРГОН""";68;137;168;305;102;151;253;104;116;220;87;108;195
Баткенская обл.;4170500000000000;Кадамжайский р-н;41705258000000000;512931;"ЦОВП ""УЧ-КОРГОН""";"ЦЕНТР ОБЩЕВРАЧЕБНОЙ ПРАКТИКИ ""УЧ-КОРГОН""";69;129;156;285;103;132;235;75;107;182;63;92;155
Баткенская обл.;4170500000000000;Кадамжайский р-н;41705258000000000;512931;"ЦОВП ""УЧ-КОРГОН""";"ЦЕНТР ОБЩЕВРАЧЕБНОЙ ПРАКТИКИ ""УЧ-КОРГОН""";70;106;137;243;90;125;215;67;104;171;64;80;144
Баткенская обл.;4170500000000000;Кадамжайский р-н;41705258000000000;512931;"ЦОВП ""УЧ-КОРГОН""";"ЦЕНТР ОБЩЕВРАЧЕБНОЙ ПРАКТИКИ ""УЧ-КОРГОН""";71;80;102;182;68;93;161;28;80;108;23;64;87
Баткенская обл.;4170500000000000;Кадамжайский р-н;41705258000000000;512931;"ЦОВП ""УЧ-КОРГОН""";"ЦЕНТР ОБЩЕВРАЧЕБНОЙ ПРАКТИКИ ""УЧ-КОРГОН""";72;85;111;196;74;99;173;58;81;139;47;73;120
Баткенская обл.;4170500000000000;Кадамжайский р-н;41705258000000000;512931;"ЦОВП ""УЧ-КОРГОН""";"ЦЕНТР ОБЩЕВРАЧЕБНОЙ ПРАКТИКИ ""УЧ-КОРГОН""";73;71;107;178;62;98;160;28;113;141;23;109;132
Баткенская обл.;4170500000000000;Кадамжайский р-н;41705258000000000;512931;"ЦОВП ""УЧ-КОРГОН""";"ЦЕНТР ОБЩЕВРАЧЕБНОЙ ПРАКТИКИ ""УЧ-КОРГОН""";74;71;95;166;65;87;152;24;74;98;24;68;92
Баткенская обл.;4170500000000000;Кадамжайский р-н;41705258000000000;512931;"ЦОВП ""УЧ-КОРГОН""";"ЦЕНТР ОБЩЕВРАЧЕБНОЙ ПРАКТИКИ ""УЧ-КОРГОН""";75;49;76;125;43;70;113;23;44;67;18;35;53
Баткенская обл.;4170500000000000;Кадамжайский р-н;41705258000000000;512931;"ЦОВП ""УЧ-КОРГОН""";"ЦЕНТР ОБЩЕВРАЧЕБНОЙ ПРАКТИКИ ""УЧ-КОРГОН""";76;41;64;105;36;57;93;9;37;46;7;33;40
Баткенская обл.;4170500000000000;Кадамжайский р-н;41705258000000000;512931;"ЦОВП ""УЧ-КОРГОН""";"ЦЕНТР ОБЩЕВРАЧЕБНОЙ ПРАКТИКИ ""УЧ-КОРГОН""";77;42;63;105;37;54;91;30;52;82;27;41;68
Баткенская обл.;4170500000000000;Кадамжайский р-н;41705258000000000;512931;"ЦОВП ""УЧ-КОРГОН""";"ЦЕНТР ОБЩЕВРАЧЕБНОЙ ПРАКТИКИ ""УЧ-КОРГОН""";78;30;43;73;26;38;64;19;21;40;19;16;35
Баткенская обл.;4170500000000000;Кадамжайский р-н;41705258000000000;512931;"ЦОВП ""УЧ-КОРГОН""";"ЦЕНТР ОБЩЕВРАЧЕБНОЙ ПРАКТИКИ ""УЧ-КОРГОН""";79;19;37;56;16;33;49;14;23;37;14;18;32
Баткенская обл.;4170500000000000;Кадамжайский р-н;41705258000000000;512931;"ЦОВП ""УЧ-КОРГОН""";"ЦЕНТР ОБЩЕВРАЧЕБНОЙ ПРАКТИКИ ""УЧ-КОРГОН""";80;24;30;54;23;25;48;7;13;20;5;12;17
Баткенская обл.;4170500000000000;Кадамжайский р-н;41705258000000000;512931;"ЦОВП ""УЧ-КОРГОН""";"ЦЕНТР ОБЩЕВРАЧЕБНОЙ ПРАКТИКИ ""УЧ-КОРГОН""";81;22;29;51;19;26;45;18;15;33;16;15;31
Баткенская обл.;4170500000000000;Кадамжайский р-н;41705258000000000;512931;"ЦОВП ""УЧ-КОРГОН""";"ЦЕНТР ОБЩЕВРАЧЕБНОЙ ПРАКТИКИ ""УЧ-КОРГОН""";82;34;40;74;27;35;62;21;12;33;9;7;16
Баткенская обл.;4170500000000000;Кадамжайский р-н;41705258000000000;512931;"ЦОВП ""УЧ-КОРГОН""";"ЦЕНТР ОБЩЕВРАЧЕБНОЙ ПРАКТИКИ ""УЧ-КОРГОН""";83;20;29;49;17;26;43;17;14;31;11;8;19
Баткенская обл.;4170500000000000;Кадамжайский р-н;41705258000000000;512931;"ЦОВП ""УЧ-КОРГОН""";"ЦЕНТР ОБЩЕВРАЧЕБНОЙ ПРАКТИКИ ""УЧ-КОРГОН""";84;27;49;76;25;41;66;6;24;30;6;21;27
Баткенская обл.;4170500000000000;Кадамжайский р-н;41705258000000000;512931;"ЦОВП ""УЧ-КОРГОН""";"ЦЕНТР ОБЩЕВРАЧЕБНОЙ ПРАКТИКИ ""УЧ-КОРГОН""";85;17;41;58;16;40;56;9;19;28;6;17;23
Баткенская обл.;4170500000000000;Кадамжайский р-н;41705258000000000;512931;"ЦОВП ""УЧ-КОРГОН""";"ЦЕНТР ОБЩЕВРАЧЕБНОЙ ПРАКТИКИ ""УЧ-КОРГОН""";86;21;25;46;18;20;38;7;10;17;6;9;15
Баткенская обл.;4170500000000000;Кадамжайский р-н;41705258000000000;512931;"ЦОВП ""УЧ-КОРГОН""";"ЦЕНТР ОБЩЕВРАЧЕБНОЙ ПРАКТИКИ ""УЧ-КОРГОН""";87;25;27;52;24;26;50;9;6;15;8;6;14
Баткенская обл.;4170500000000000;Кадамжайский р-н;41705258000000000;512931;"ЦОВП ""УЧ-КОРГОН""";"ЦЕНТР ОБЩЕВРАЧЕБНОЙ ПРАКТИКИ ""УЧ-КОРГОН""";88;12;22;34;12;22;34;10;7;17;7;6;13
Баткенская обл.;4170500000000000;Кадамжайский р-н;41705258000000000;512931;"ЦОВП ""УЧ-КОРГОН""";"ЦЕНТР ОБЩЕВРАЧЕБНОЙ ПРАКТИКИ ""УЧ-КОРГОН""";89;12;17;29;12;15;27;5;1;6;5;0;5
Баткенская обл.;4170500000000000;Кадамжайский р-н;41705258000000000;512931;"ЦОВП ""УЧ-КОРГОН""";"ЦЕНТР ОБЩЕВРАЧЕБНОЙ ПРАКТИКИ ""УЧ-КОРГОН""";90;8;18;26;7;17;24;0;3;3;0;3;3
Баткенская обл.;4170500000000000;Кадамжайский р-н;41705258000000000;512931;"ЦОВП ""УЧ-КОРГОН""";"ЦЕНТР ОБЩЕВРАЧЕБНОЙ ПРАКТИКИ ""УЧ-КОРГОН""";91;9;9;18;8;9;17;2;3;5;1;2;3
Баткенская обл.;4170500000000000;Кадамжайский р-н;41705258000000000;512931;"ЦОВП ""УЧ-КОРГОН""";"ЦЕНТР ОБЩЕВРАЧЕБНОЙ ПРАКТИКИ ""УЧ-КОРГОН""";92;5;17;22;5;16;21;4;2;6;0;2;2
Баткенская обл.;4170500000000000;Кадамжайский р-н;41705258000000000;512931;"ЦОВП ""УЧ-КОРГОН""";"ЦЕНТР ОБЩЕВРАЧЕБНОЙ ПРАКТИКИ ""УЧ-КОРГОН""";93;5;10;15;4;10;14;0;3;3;0;2;2
Баткенская обл.;4170500000000000;Кадамжайский р-н;41705258000000000;512931;"ЦОВП ""УЧ-КОРГОН""";"ЦЕНТР ОБЩЕВРАЧЕБНОЙ ПРАКТИКИ ""УЧ-КОРГОН""";94;7;15;22;7;12;19;0;5;5;0;4;4
Баткенская обл.;4170500000000000;Кадамжайский р-н;41705258000000000;512931;"ЦОВП ""УЧ-КОРГОН""";"ЦЕНТР ОБЩЕВРАЧЕБНОЙ ПРАКТИКИ ""УЧ-КОРГОН""";95;1;4;5;1;4;5;0;1;1;0;0;0
Баткенская обл.;4170500000000000;Кадамжайский р-н;41705258000000000;512931;"ЦОВП ""УЧ-КОРГОН""";"ЦЕНТР ОБЩЕВРАЧЕБНОЙ ПРАКТИКИ ""УЧ-КОРГОН""";99;0;3;3;0;3;3;0;1;1;0;1;1
Баткенская обл.;4170500000000000;Кадамжайский р-н;41705258000000000;512931;"ЦОВП ""УЧ-КОРГОН""";"ЦЕНТР ОБЩЕВРАЧЕБНОЙ ПРАКТИКИ ""УЧ-КОРГОН""";104;0;2;2;0;2;2;0;1;1;0;1;1
Баткенская обл.;4170500000000000;Кадамжайский р-н;41705258000000000;512881;ЦОВП Айдаркен;ЦЕНТР ОБЩЕВРАЧЕБНОЙ ПРАКТИКИ  Айдаркен;0;214;230;444;214;230;444;1575;1428;3003;1575;1428;3003
Баткенская обл.;4170500000000000;Кадамжайский р-н;41705258000000000;512881;ЦОВП Айдаркен;ЦЕНТР ОБЩЕВРАЧЕБНОЙ ПРАКТИКИ  Айдаркен;1;289;298;587;289;298;587;604;625;1229;604;625;1229
Баткенская обл.;4170500000000000;Кадамжайский р-н;41705258000000000;512881;ЦОВП Айдаркен;ЦЕНТР ОБЩЕВРАЧЕБНОЙ ПРАКТИКИ  Айдаркен;2;315;311;626;315;311;626;524;515;1039;524;515;1039
Баткенская обл.;4170500000000000;Кадамжайский р-н;41705258000000000;512881;ЦОВП Айдаркен;ЦЕНТР ОБЩЕВРАЧЕБНОЙ ПРАКТИКИ  Айдаркен;3;301;296;597;301;296;597;401;414;815;401;414;815
Баткенская обл.;4170500000000000;Кадамжайский р-н;41705258000000000;512881;ЦОВП Айдаркен;ЦЕНТР ОБЩЕВРАЧЕБНОЙ ПРАКТИКИ  Айдаркен;4;291;324;615;291;324;615;393;374;767;393;374;767
Баткенская обл.;4170500000000000;Кадамжайский р-н;41705258000000000;512881;ЦОВП Айдаркен;ЦЕНТР ОБЩЕВРАЧЕБНОЙ ПРАКТИКИ  Айдаркен;5;304;311;615;304;311;615;590;499;1089;590;499;1089
Баткенская обл.;4170500000000000;Кадамжайский р-н;41705258000000000;512881;ЦОВП Айдаркен;ЦЕНТР ОБЩЕВРАЧЕБНОЙ ПРАКТИКИ  Айдаркен;6;326;389;715;326;389;715;485;410;895;485;410;895
Баткенская обл.;4170500000000000;Кадамжайский р-н;41705258000000000;512881;ЦОВП Айдаркен;ЦЕНТР ОБЩЕВРАЧЕБНОЙ ПРАКТИКИ  Айдаркен;7;328;385;713;328;385;713;404;432;836;404;432;836
Баткенская обл.;4170500000000000;Кадамжайский р-н;41705258000000000;512881;ЦОВП Айдаркен;ЦЕНТР ОБЩЕВРАЧЕБНОЙ ПРАКТИКИ  Айдаркен;8;332;346;678;332;346;678;392;410;802;392;410;802
Баткенская обл.;4170500000000000;Кадамжайский р-н;41705258000000000;512881;ЦОВП Айдаркен;ЦЕНТР ОБЩЕВРАЧЕБНОЙ ПРАКТИКИ  Айдаркен;9;319;374;693;319;374;693;362;420;782;362;420;782
Баткенская обл.;4170500000000000;Кадамжайский р-н;41705258000000000;512881;ЦОВП Айдаркен;ЦЕНТР ОБЩЕВРАЧЕБНОЙ ПРАКТИКИ  Айдаркен;10;324;410;734;324;410;734;392;382;774;392;382;774
Баткенская обл.;4170500000000000;Кадамжайский р-н;41705258000000000;512881;ЦОВП Айдаркен;ЦЕНТР ОБЩЕВРАЧЕБНОЙ ПРАКТИКИ  Айдаркен;11;295;399;694;295;399;694;385;375;760;385;375;760
Баткенская обл.;4170500000000000;Кадамжайский р-н;41705258000000000;512881;ЦОВП Айдаркен;ЦЕНТР ОБЩЕВРАЧЕБНОЙ ПРАКТИКИ  Айдаркен;12;305;397;702;305;397;702;329;349;678;329;349;678
Баткенская обл.;4170500000000000;Кадамжайский р-н;41705258000000000;512881;ЦОВП Айдаркен;ЦЕНТР ОБЩЕВРАЧЕБНОЙ ПРАКТИКИ  Айдаркен;13;326;346;672;326;346;672;404;336;740;404;336;740
Баткенская обл.;4170500000000000;Кадамжайский р-н;41705258000000000;512881;ЦОВП Айдаркен;ЦЕНТР ОБЩЕВРАЧЕБНОЙ ПРАКТИКИ  Айдаркен;14;262;340;602;262;340;602;441;428;869;441;428;869
Баткенская обл.;4170500000000000;Кадамжайский р-н;41705258000000000;512881;ЦОВП Айдаркен;ЦЕНТР ОБЩЕВРАЧЕБНОЙ ПРАКТИКИ  Айдаркен;15;240;326;566;240;326;566;471;496;967;471;496;967
Баткенская обл.;4170500000000000;Кадамжайский р-н;41705258000000000;512881;ЦОВП Айдаркен;ЦЕНТР ОБЩЕВРАЧЕБНОЙ ПРАКТИКИ  Айдаркен;16;237;304;541;237;304;541;311;407;718;302;404;706
Баткенская обл.;4170500000000000;Кадамжайский р-н;41705258000000000;512881;ЦОВП Айдаркен;ЦЕНТР ОБЩЕВРАЧЕБНОЙ ПРАКТИКИ  Айдаркен;17;225;244;469;205;229;434;268;277;545;222;230;452
Баткенская обл.;4170500000000000;Кадамжайский р-н;41705258000000000;512881;ЦОВП Айдаркен;ЦЕНТР ОБЩЕВРАЧЕБНОЙ ПРАКТИКИ  Айдаркен;18;195;236;431;165;202;367;186;209;395;126;153;279
Баткенская обл.;4170500000000000;Кадамжайский р-н;41705258000000000;512881;ЦОВП Айдаркен;ЦЕНТР ОБЩЕВРАЧЕБНОЙ ПРАКТИКИ  Айдаркен;19;184;182;366;45;44;89;90;179;269;12;27;39
Баткенская обл.;4170500000000000;Кадамжайский р-н;41705258000000000;512881;ЦОВП Айдаркен;ЦЕНТР ОБЩЕВРАЧЕБНОЙ ПРАКТИКИ  Айдаркен;20;190;169;359;13;18;31;113;181;294;12;54;66
Баткенская обл.;4170500000000000;Кадамжайский р-н;41705258000000000;512881;ЦОВП Айдаркен;ЦЕНТР ОБЩЕВРАЧЕБНОЙ ПРАКТИКИ  Айдаркен;21;181;183;364;14;27;41;98;173;271;18;55;73
Баткенская обл.;4170500000000000;Кадамжайский р-н;41705258000000000;512881;ЦОВП Айдаркен;ЦЕНТР ОБЩЕВРАЧЕБНОЙ ПРАКТИКИ  Айдаркен;22;152;160;312;14;36;50;60;278;338;13;77;90
Баткенская обл.;4170500000000000;Кадамжайский р-н;41705258000000000;512881;ЦОВП Айдаркен;ЦЕНТР ОБЩЕВРАЧЕБНОЙ ПРАКТИКИ  Айдаркен;23;162;203;365;10;46;56;84;253;337;10;132;142
Баткенская обл.;4170500000000000;Кадамжайский р-н;41705258000000000;512881;ЦОВП Айдаркен;ЦЕНТР ОБЩЕВРАЧЕБНОЙ ПРАКТИКИ  Айдаркен;24;199;149;348;17;32;49;93;223;316;22;111;133
Баткенская обл.;4170500000000000;Кадамжайский р-н;41705258000000000;512881;ЦОВП Айдаркен;ЦЕНТР ОБЩЕВРАЧЕБНОЙ ПРАКТИКИ  Айдаркен;25;172;158;330;26;52;78;121;205;326;29;120;149
Баткенская обл.;4170500000000000;Кадамжайский р-н;41705258000000000;512881;ЦОВП Айдаркен;ЦЕНТР ОБЩЕВРАЧЕБНОЙ ПРАКТИКИ  Айдаркен;26;216;173;389;23;83;106;99;314;413;27;199;226
Баткенская обл.;4170500000000000;Кадамжайский р-н;41705258000000000;512881;ЦОВП Айдаркен;ЦЕНТР ОБЩЕВРАЧЕБНОЙ ПРАКТИКИ  Айдаркен;27;203;208;411;28;105;133;147;281;428;30;172;202
Баткенская обл.;4170500000000000;Кадамжайский р-н;41705258000000000;512881;ЦОВП Айдаркен;ЦЕНТР ОБЩЕВРАЧЕБНОЙ ПРАКТИКИ  Айдаркен;28;182;204;386;43;80;123;111;223;334;32;153;185
Баткенская обл.;4170500000000000;Кадамжайский р-н;41705258000000000;512881;ЦОВП Айдаркен;ЦЕНТР ОБЩЕВРАЧЕБНОЙ ПРАКТИКИ  Айдаркен;29;214;204;418;50;89;139;106;262;368;34;205;239
Баткенская обл.;4170500000000000;Кадамжайский р-н;41705258000000000;512881;ЦОВП Айдаркен;ЦЕНТР ОБЩЕВРАЧЕБНОЙ ПРАКТИКИ  Айдаркен;30;211;169;380;69;84;153;125;203;328;48;162;210
Баткенская обл.;4170500000000000;Кадамжайский р-н;41705258000000000;512881;ЦОВП Айдаркен;ЦЕНТР ОБЩЕВРАЧЕБНОЙ ПРАКТИКИ  Айдаркен;31;210;171;381;73;102;175;97;220;317;47;161;208
Баткенская обл.;4170500000000000;Кадамжайский р-н;41705258000000000;512881;ЦОВП Айдаркен;ЦЕНТР ОБЩЕВРАЧЕБНОЙ ПРАКТИКИ  Айдаркен;32;164;199;363;53;106;159;92;214;306;51;161;212
Баткенская обл.;4170500000000000;Кадамжайский р-н;41705258000000000;512881;ЦОВП Айдаркен;ЦЕНТР ОБЩЕВРАЧЕБНОЙ ПРАКТИКИ  Айдаркен;33;178;216;394;64;122;186;74;266;340;38;208;246
Баткенская обл.;4170500000000000;Кадамжайский р-н;41705258000000000;512881;ЦОВП Айдаркен;ЦЕНТР ОБЩЕВРАЧЕБНОЙ ПРАКТИКИ  Айдаркен;34;193;180;373;76;85;161;157;269;426;100;196;296
Баткенская обл.;4170500000000000;Кадамжайский р-н;41705258000000000;512881;ЦОВП Айдаркен;ЦЕНТР ОБЩЕВРАЧЕБНОЙ ПРАКТИКИ  Айдаркен;35;210;184;394;76;107;183;132;245;377;59;185;244
Баткенская обл.;4170500000000000;Кадамжайский р-н;41705258000000000;512881;ЦОВП Айдаркен;ЦЕНТР ОБЩЕВРАЧЕБНОЙ ПРАКТИКИ  Айдаркен;36;196;209;405;85;124;209;110;267;377;58;186;244
Баткенская обл.;4170500000000000;Кадамжайский р-н;41705258000000000;512881;ЦОВП Айдаркен;ЦЕНТР ОБЩЕВРАЧЕБНОЙ ПРАКТИКИ  Айдаркен;37;187;200;387;75;112;187;84;227;311;46;165;211
Баткенская обл.;4170500000000000;Кадамжайский р-н;41705258000000000;512881;ЦОВП Айдаркен;ЦЕНТР ОБЩЕВРАЧЕБНОЙ ПРАКТИКИ  Айдаркен;38;159;206;365;68;116;184;86;232;318;56;168;224
Баткенская обл.;4170500000000000;Кадамжайский р-н;41705258000000000;512881;ЦОВП Айдаркен;ЦЕНТР ОБЩЕВРАЧЕБНОЙ ПРАКТИКИ  Айдаркен;39;171;196;367;70;119;189;56;240;296;35;198;233
Баткенская обл.;4170500000000000;Кадамжайский р-н;41705258000000000;512881;ЦОВП Айдаркен;ЦЕНТР ОБЩЕВРАЧЕБНОЙ ПРАКТИКИ  Айдаркен;40;150;154;304;61;101;162;93;149;242;37;118;155
Баткенская обл.;4170500000000000;Кадамжайский р-н;41705258000000000;512881;ЦОВП Айдаркен;ЦЕНТР ОБЩЕВРАЧЕБНОЙ ПРАКТИКИ  Айдаркен;41;164;153;317;54;90;144;97;182;279;48;131;179
Баткенская обл.;4170500000000000;Кадамжайский р-н;41705258000000000;512881;ЦОВП Айдаркен;ЦЕНТР ОБЩЕВРАЧЕБНОЙ ПРАКТИКИ  Айдаркен;42;152;165;317;71;98;169;83;208;291;70;175;245
Баткенская обл.;4170500000000000;Кадамжайский р-н;41705258000000000;512881;ЦОВП Айдаркен;ЦЕНТР ОБЩЕВРАЧЕБНОЙ ПРАКТИКИ  Айдаркен;43;126;146;272;54;78;132;65;123;188;37;84;121
Баткенская обл.;4170500000000000;Кадамжайский р-н;41705258000000000;512881;ЦОВП Айдаркен;ЦЕНТР ОБЩЕВРАЧЕБНОЙ ПРАКТИКИ  Айдаркен;44;117;111;228;41;53;94;82;137;219;38;93;131
Баткенская обл.;4170500000000000;Кадамжайский р-н;41705258000000000;512881;ЦОВП Айдаркен;ЦЕНТР ОБЩЕВРАЧЕБНОЙ ПРАКТИКИ  Айдаркен;45;97;133;230;43;66;109;91;193;284;69;138;207
Баткенская обл.;4170500000000000;Кадамжайский р-н;41705258000000000;512881;ЦОВП Айдаркен;ЦЕНТР ОБЩЕВРАЧЕБНОЙ ПРАКТИКИ  Айдаркен;46;107;130;237;47;56;103;104;150;254;58;90;148
Баткенская обл.;4170500000000000;Кадамжайский р-н;41705258000000000;512881;ЦОВП Айдаркен;ЦЕНТР ОБЩЕВРАЧЕБНОЙ ПРАКТИКИ  Айдаркен;47;147;119;266;65;51;116;108;111;219;52;71;123
Баткенская обл.;4170500000000000;Кадамжайский р-н;41705258000000000;512881;ЦОВП Айдаркен;ЦЕНТР ОБЩЕВРАЧЕБНОЙ ПРАКТИКИ  Айдаркен;48;106;118;224;45;51;96;82;183;265;39;122;161
Баткенская обл.;4170500000000000;Кадамжайский р-н;41705258000000000;512881;ЦОВП Айдаркен;ЦЕНТР ОБЩЕВРАЧЕБНОЙ ПРАКТИКИ  Айдаркен;49;99;110;209;39;54;93;78;161;239;39;111;150
Баткенская обл.;4170500000000000;Кадамжайский р-н;41705258000000000;512881;ЦОВП Айдаркен;ЦЕНТР ОБЩЕВРАЧЕБНОЙ ПРАКТИКИ  Айдаркен;50;96;116;212;52;64;116;60;129;189;38;108;146
Баткенская обл.;4170500000000000;Кадамжайский р-н;41705258000000000;512881;ЦОВП Айдаркен;ЦЕНТР ОБЩЕВРАЧЕБНОЙ ПРАКТИКИ  Айдаркен;51;111;130;241;49;75;124;112;140;252;73;112;185
Баткенская обл.;4170500000000000;Кадамжайский р-н;41705258000000000;512881;ЦОВП Айдаркен;ЦЕНТР ОБЩЕВРАЧЕБНОЙ ПРАКТИКИ  Айдаркен;52;102;80;182;57;39;96;71;157;228;61;131;192
Баткенская обл.;4170500000000000;Кадамжайский р-н;41705258000000000;512881;ЦОВП Айдаркен;ЦЕНТР ОБЩЕВРАЧЕБНОЙ ПРАКТИКИ  Айдаркен;53;110;117;227;55;73;128;84;155;239;73;127;200
Баткенская обл.;4170500000000000;Кадамжайский р-н;41705258000000000;512881;ЦОВП Айдаркен;ЦЕНТР ОБЩЕВРАЧЕБНОЙ ПРАКТИКИ  Айдаркен;54;105;92;197;54;48;102;99;141;240;74;111;185
Баткенская обл.;4170500000000000;Кадамжайский р-н;41705258000000000;512881;ЦОВП Айдаркен;ЦЕНТР ОБЩЕВРАЧЕБНОЙ ПРАКТИКИ  Айдаркен;55;81;98;179;54;64;118;113;146;259;89;116;205
Баткенская обл.;4170500000000000;Кадамжайский р-н;41705258000000000;512881;ЦОВП Айдаркен;ЦЕНТР ОБЩЕВРАЧЕБНОЙ ПРАКТИКИ  Айдаркен;56;95;117;212;58;67;125;136;195;331;86;151;237
Баткенская обл.;4170500000000000;Кадамжайский р-н;41705258000000000;512881;ЦОВП Айдаркен;ЦЕНТР ОБЩЕВРАЧЕБНОЙ ПРАКТИКИ  Айдаркен;57;93;104;197;47;66;113;97;164;261;54;131;185
Баткенская обл.;4170500000000000;Кадамжайский р-н;41705258000000000;512881;ЦОВП Айдаркен;ЦЕНТР ОБЩЕВРАЧЕБНОЙ ПРАКТИКИ  Айдаркен;58;78;100;178;41;79;120;119;148;267;84;124;208
Баткенская обл.;4170500000000000;Кадамжайский р-н;41705258000000000;512881;ЦОВП Айдаркен;ЦЕНТР ОБЩЕВРАЧЕБНОЙ ПРАКТИКИ  Айдаркен;59;75;103;178;44;72;116;124;130;254;106;111;217
Баткенская обл.;4170500000000000;Кадамжайский р-н;41705258000000000;512881;ЦОВП Айдаркен;ЦЕНТР ОБЩЕВРАЧЕБНОЙ ПРАКТИКИ  Айдаркен;60;107;111;218;76;78;154;123;160;283;84;144;228
Баткенская обл.;4170500000000000;Кадамжайский р-н;41705258000000000;512881;ЦОВП Айдаркен;ЦЕНТР ОБЩЕВРАЧЕБНОЙ ПРАКТИКИ  Айдаркен;61;67;100;167;48;76;124;76;161;237;59;123;182
Баткенская обл.;4170500000000000;Кадамжайский р-н;41705258000000000;512881;ЦОВП Айдаркен;ЦЕНТР ОБЩЕВРАЧЕБНОЙ ПРАКТИКИ  Айдаркен;62;78;103;181;51;75;126;99;185;284;76;154;230
Баткенская обл.;4170500000000000;Кадамжайский р-н;41705258000000000;512881;ЦОВП Айдаркен;ЦЕНТР ОБЩЕВРАЧЕБНОЙ ПРАКТИКИ  Айдаркен;63;90;88;178;64;72;136;102;113;215;86;100;186
Баткенская обл.;4170500000000000;Кадамжайский р-н;41705258000000000;512881;ЦОВП Айдаркен;ЦЕНТР ОБЩЕВРАЧЕБНОЙ ПРАКТИКИ  Айдаркен;64;80;70;150;65;56;121;117;113;230;100;97;197
Баткенская обл.;4170500000000000;Кадамжайский р-н;41705258000000000;512881;ЦОВП Айдаркен;ЦЕНТР ОБЩЕВРАЧЕБНОЙ ПРАКТИКИ  Айдаркен;65;61;85;146;47;78;125;115;134;249;98;129;227
Баткенская обл.;4170500000000000;Кадамжайский р-н;41705258000000000;512881;ЦОВП Айдаркен;ЦЕНТР ОБЩЕВРАЧЕБНОЙ ПРАКТИКИ  Айдаркен;66;81;66;147;66;61;127;79;129;208;69;125;194
Баткенская обл.;4170500000000000;Кадамжайский р-н;41705258000000000;512881;ЦОВП Айдаркен;ЦЕНТР ОБЩЕВРАЧЕБНОЙ ПРАКТИКИ  Айдаркен;67;46;65;111;40;52;92;55;97;152;49;82;131
Баткенская обл.;4170500000000000;Кадамжайский р-н;41705258000000000;512881;ЦОВП Айдаркен;ЦЕНТР ОБЩЕВРАЧЕБНОЙ ПРАКТИКИ  Айдаркен;68;50;71;121;41;65;106;77;92;169;65;88;153
Баткенская обл.;4170500000000000;Кадамжайский р-н;41705258000000000;512881;ЦОВП Айдаркен;ЦЕНТР ОБЩЕВРАЧЕБНОЙ ПРАКТИКИ  Айдаркен;69;47;56;103;39;50;89;57;104;161;49;100;149
Баткенская обл.;4170500000000000;Кадамжайский р-н;41705258000000000;512881;ЦОВП Айдаркен;ЦЕНТР ОБЩЕВРАЧЕБНОЙ ПРАКТИКИ  Айдаркен;70;41;55;96;37;51;88;55;74;129;52;65;117
Баткенская обл.;4170500000000000;Кадамжайский р-н;41705258000000000;512881;ЦОВП Айдаркен;ЦЕНТР ОБЩЕВРАЧЕБНОЙ ПРАКТИКИ  Айдаркен;71;33;49;82;28;47;75;48;41;89;37;38;75
Баткенская обл.;4170500000000000;Кадамжайский р-н;41705258000000000;512881;ЦОВП Айдаркен;ЦЕНТР ОБЩЕВРАЧЕБНОЙ ПРАКТИКИ  Айдаркен;72;34;34;68;30;32;62;54;50;104;51;50;101
Баткенская обл.;4170500000000000;Кадамжайский р-н;41705258000000000;512881;ЦОВП Айдаркен;ЦЕНТР ОБЩЕВРАЧЕБНОЙ ПРАКТИКИ  Айдаркен;73;23;28;51;22;27;49;42;32;74;42;31;73
Баткенская обл.;4170500000000000;Кадамжайский р-н;41705258000000000;512881;ЦОВП Айдаркен;ЦЕНТР ОБЩЕВРАЧЕБНОЙ ПРАКТИКИ  Айдаркен;74;21;39;60;19;34;53;35;46;81;29;46;75
Баткенская обл.;4170500000000000;Кадамжайский р-н;41705258000000000;512881;ЦОВП Айдаркен;ЦЕНТР ОБЩЕВРАЧЕБНОЙ ПРАКТИКИ  Айдаркен;75;24;23;47;22;21;43;29;31;60;26;31;57
Баткенская обл.;4170500000000000;Кадамжайский р-н;41705258000000000;512881;ЦОВП Айдаркен;ЦЕНТР ОБЩЕВРАЧЕБНОЙ ПРАКТИКИ  Айдаркен;76;9;23;32;9;20;29;12;32;44;11;30;41
Баткенская обл.;4170500000000000;Кадамжайский р-н;41705258000000000;512881;ЦОВП Айдаркен;ЦЕНТР ОБЩЕВРАЧЕБНОЙ ПРАКТИКИ  Айдаркен;77;17;27;44;16;25;41;17;28;45;17;28;45
Баткенская обл.;4170500000000000;Кадамжайский р-н;41705258000000000;512881;ЦОВП Айдаркен;ЦЕНТР ОБЩЕВРАЧЕБНОЙ ПРАКТИКИ  Айдаркен;78;10;13;23;9;13;22;6;7;13;4;7;11
Баткенская обл.;4170500000000000;Кадамжайский р-н;41705258000000000;512881;ЦОВП Айдаркен;ЦЕНТР ОБЩЕВРАЧЕБНОЙ ПРАКТИКИ  Айдаркен;79;7;10;17;5;9;14;13;10;23;11;10;21
Баткенская обл.;4170500000000000;Кадамжайский р-н;41705258000000000;512881;ЦОВП Айдаркен;ЦЕНТР ОБЩЕВРАЧЕБНОЙ ПРАКТИКИ  Айдаркен;80;8;7;15;8;7;15;14;14;28;14;11;25
Баткенская обл.;4170500000000000;Кадамжайский р-н;41705258000000000;512881;ЦОВП Айдаркен;ЦЕНТР ОБЩЕВРАЧЕБНОЙ ПРАКТИКИ  Айдаркен;81;11;13;24;10;10;20;14;20;34;13;17;30
Баткенская обл.;4170500000000000;Кадамжайский р-н;41705258000000000;512881;ЦОВП Айдаркен;ЦЕНТР ОБЩЕВРАЧЕБНОЙ ПРАКТИКИ  Айдаркен;82;14;15;29;13;15;28;14;28;42;14;28;42
Баткенская обл.;4170500000000000;Кадамжайский р-н;41705258000000000;512881;ЦОВП Айдаркен;ЦЕНТР ОБЩЕВРАЧЕБНОЙ ПРАКТИКИ  Айдаркен;83;9;9;18;9;9;18;10;12;22;10;12;22
Баткенская обл.;4170500000000000;Кадамжайский р-н;41705258000000000;512881;ЦОВП Айдаркен;ЦЕНТР ОБЩЕВРАЧЕБНОЙ ПРАКТИКИ  Айдаркен;84;6;8;14;6;7;13;6;10;16;6;9;15
Баткенская обл.;4170500000000000;Кадамжайский р-н;41705258000000000;512881;ЦОВП Айдаркен;ЦЕНТР ОБЩЕВРАЧЕБНОЙ ПРАКТИКИ  Айдаркен;85;11;6;17;9;5;14;10;7;17;10;7;17
Баткенская обл.;4170500000000000;Кадамжайский р-н;41705258000000000;512881;ЦОВП Айдаркен;ЦЕНТР ОБЩЕВРАЧЕБНОЙ ПРАКТИКИ  Айдаркен;86;10;10;20;10;8;18;8;14;22;8;13;21
Баткенская обл.;4170500000000000;Кадамжайский р-н;41705258000000000;512881;ЦОВП Айдаркен;ЦЕНТР ОБЩЕВРАЧЕБНОЙ ПРАКТИКИ  Айдаркен;87;4;9;13;3;7;10;1;6;7;1;5;6
Баткенская обл.;4170500000000000;Кадамжайский р-н;41705258000000000;512881;ЦОВП Айдаркен;ЦЕНТР ОБЩЕВРАЧЕБНОЙ ПРАКТИКИ  Айдаркен;88;1;7;8;1;7;8;0;3;3;0;3;3
Баткенская обл.;4170500000000000;Кадамжайский р-н;41705258000000000;512881;ЦОВП Айдаркен;ЦЕНТР ОБЩЕВРАЧЕБНОЙ ПРАКТИКИ  Айдаркен;89;5;4;9;4;2;6;0;3;3;0;2;2
Баткенская обл.;4170500000000000;Кадамжайский р-н;41705258000000000;512881;ЦОВП Айдаркен;ЦЕНТР ОБЩЕВРАЧЕБНОЙ ПРАКТИКИ  Айдаркен;90;1;10;11;1;10;11;0;2;2;0;2;2
Баткенская обл.;4170500000000000;Кадамжайский р-н;41705258000000000;512881;ЦОВП Айдаркен;ЦЕНТР ОБЩЕВРАЧЕБНОЙ ПРАКТИКИ  Айдаркен;91;2;1;3;2;1;3;3;1;4;3;1;4
Баткенская обл.;4170500000000000;Кадамжайский р-н;41705258000000000;512881;ЦОВП Айдаркен;ЦЕНТР ОБЩЕВРАЧЕБНОЙ ПРАКТИКИ  Айдаркен;92;4;6;10;4;6;10;1;5;6;1;5;6
Баткенская обл.;4170500000000000;Кадамжайский р-н;41705258000000000;512881;ЦОВП Айдаркен;ЦЕНТР ОБЩЕВРАЧЕБНОЙ ПРАКТИКИ  Айдаркен;93;0;2;2;0;2;2;3;1;4;3;1;4
Баткенская обл.;4170500000000000;Кадамжайский р-н;41705258000000000;512881;ЦОВП Айдаркен;ЦЕНТР ОБЩЕВРАЧЕБНОЙ ПРАКТИКИ  Айдаркен;94;3;6;9;2;5;7;0;1;1;0;1;1
Баткенская обл.;4170500000000000;Кадамжайский р-н;41705258000000000;512881;ЦОВП Айдаркен;ЦЕНТР ОБЩЕВРАЧЕБНОЙ ПРАКТИКИ  Айдаркен;96;1;2;3;1;2;3;1;2;3;1;2;3
Баткенская обл.;4170500000000000;Кадамжайский р-н;41705258000000000;512881;ЦОВП Айдаркен;ЦЕНТР ОБЩЕВРАЧЕБНОЙ ПРАКТИКИ  Айдаркен;97;0;0;0;0;0;0;0;2;2;0;2;2
Таласская обл.;4170700000000000;Айтматовский р-н;41707215000000000;741851;ЦОВП Айтматовского района;Центр общеврачебной практики Айтматовского района;0;210;149;359;210;149;359;2172;1986;4158;2172;1986;4158
Таласская обл.;4170700000000000;Айтматовский р-н;41707215000000000;741851;ЦОВП Айтматовского района;Центр общеврачебной практики Айтматовского района;1;592;555;1147;592;555;1147;1071;1056;2127;1071;1056;2127
Таласская обл.;4170700000000000;Айтматовский р-н;41707215000000000;741851;ЦОВП Айтматовского района;Центр общеврачебной практики Айтматовского района;2;638;604;1242;638;604;1242;763;701;1464;763;701;1464
Таласская обл.;4170700000000000;Айтматовский р-н;41707215000000000;741851;ЦОВП Айтматовского района;Центр общеврачебной практики Айтматовского района;3;740;649;1389;740;649;1389;442;479;921;442;479;921
Таласская обл.;4170700000000000;Айтматовский р-н;41707215000000000;741851;ЦОВП Айтматовского района;Центр общеврачебной практики Айтматовского района;4;685;667;1352;685;667;1352;442;361;803;442;361;803
Таласская обл.;4170700000000000;Айтматовский р-н;41707215000000000;741851;ЦОВП Айтматовского района;Центр общеврачебной практики Айтматовского района;5;643;707;1350;643;707;1350;378;373;751;378;373;751
Таласская обл.;4170700000000000;Айтматовский р-н;41707215000000000;741851;ЦОВП Айтматовского района;Центр общеврачебной практики Айтматовского района;6;647;782;1429;647;782;1429;369;412;781;369;412;781
Таласская обл.;4170700000000000;Айтматовский р-н;41707215000000000;741851;ЦОВП Айтматовского района;Центр общеврачебной практики Айтматовского района;7;630;777;1407;630;777;1407;178;180;358;178;180;358
Таласская обл.;4170700000000000;Айтматовский р-н;41707215000000000;741851;ЦОВП Айтматовского района;Центр общеврачебной практики Айтматовского района;8;616;746;1362;616;746;1362;130;149;279;130;149;279
Таласская обл.;4170700000000000;Айтматовский р-н;41707215000000000;741851;ЦОВП Айтматовского района;Центр общеврачебной практики Айтматовского района;9;666;797;1463;666;797;1463;153;139;292;153;139;292
Таласская обл.;4170700000000000;Айтматовский р-н;41707215000000000;741851;ЦОВП Айтматовского района;Центр общеврачебной практики Айтматовского района;10;698;848;1546;698;848;1546;149;121;270;149;121;270
Таласская обл.;4170700000000000;Айтматовский р-н;41707215000000000;741851;ЦОВП Айтматовского района;Центр общеврачебной практики Айтматовского района;11;710;821;1531;710;821;1531;145;169;314;145;169;314
Таласская обл.;4170700000000000;Айтматовский р-н;41707215000000000;741851;ЦОВП Айтматовского района;Центр общеврачебной практики Айтматовского района;12;643;735;1378;643;735;1378;119;125;244;119;125;244
Таласская обл.;4170700000000000;Айтматовский р-н;41707215000000000;741851;ЦОВП Айтматовского района;Центр общеврачебной практики Айтматовского района;13;718;759;1477;718;759;1477;186;173;359;186;173;359
Таласская обл.;4170700000000000;Айтматовский р-н;41707215000000000;741851;ЦОВП Айтматовского района;Центр общеврачебной практики Айтматовского района;14;698;809;1507;698;809;1507;262;262;524;262;262;524
Таласская обл.;4170700000000000;Айтматовский р-н;41707215000000000;741851;ЦОВП Айтматовского района;Центр общеврачебной практики Айтматовского района;15;742;753;1495;742;753;1495;535;432;967;535;432;967
Таласская обл.;4170700000000000;Айтматовский р-н;41707215000000000;741851;ЦОВП Айтматовского района;Центр общеврачебной практики Айтматовского района;16;715;701;1416;715;701;1416;432;348;780;432;346;778
Таласская обл.;4170700000000000;Айтматовский р-н;41707215000000000;741851;ЦОВП Айтматовского района;Центр общеврачебной практики Айтматовского района;17;696;735;1431;681;733;1414;558;742;1300;537;728;1265
Таласская обл.;4170700000000000;Айтматовский р-н;41707215000000000;741851;ЦОВП Айтматовского района;Центр общеврачебной практики Айтматовского района;18;644;657;1301;625;644;1269;696;855;1551;574;730;1304
Таласская обл.;4170700000000000;Айтматовский р-н;41707215000000000;741851;ЦОВП Айтматовского района;Центр общеврачебной практики Айтматовского района;19;656;550;1206;262;254;516;459;732;1191;118;201;319
Таласская обл.;4170700000000000;Айтматовский р-н;41707215000000000;741851;ЦОВП Айтматовского района;Центр общеврачебной практики Айтматовского района;20;596;552;1148;168;191;359;364;664;1028;65;183;248
Таласская обл.;4170700000000000;Айтматовский р-н;41707215000000000;741851;ЦОВП Айтматовского района;Центр общеврачебной практики Айтматовского района;21;586;525;1111;41;76;117;333;692;1025;34;189;223
Таласская обл.;4170700000000000;Айтматовский р-н;41707215000000000;741851;ЦОВП Айтматовского района;Центр общеврачебной практики Айтматовского района;22;540;495;1035;12;70;82;254;647;901;14;240;254
Таласская обл.;4170700000000000;Айтматовский р-н;41707215000000000;741851;ЦОВП Айтматовского района;Центр общеврачебной практики Айтматовского района;23;510;449;959;20;103;123;211;621;832;19;269;288
Таласская обл.;4170700000000000;Айтматовский р-н;41707215000000000;741851;ЦОВП Айтматовского района;Центр общеврачебной практики Айтматовского района;24;423;447;870;35;156;191;180;603;783;21;340;361
Таласская обл.;4170700000000000;Айтматовский р-н;41707215000000000;741851;ЦОВП Айтматовского района;Центр общеврачебной практики Айтматовского района;25;444;443;887;47;167;214;207;644;851;35;356;391
Таласская обл.;4170700000000000;Айтматовский р-н;41707215000000000;741851;ЦОВП Айтматовского района;Центр общеврачебной практики Айтматовского района;26;450;426;876;76;171;247;251;698;949;61;419;480
Таласская обл.;4170700000000000;Айтматовский р-н;41707215000000000;741851;ЦОВП Айтматовского района;Центр общеврачебной практики Айтматовского района;27;484;382;866;92;167;259;233;719;952;50;392;442
Таласская обл.;4170700000000000;Айтматовский р-н;41707215000000000;741851;ЦОВП Айтматовского района;Центр общеврачебной практики Айтматовского района;28;456;385;841;148;199;347;267;771;1038;108;495;603
Таласская обл.;4170700000000000;Айтматовский р-н;41707215000000000;741851;ЦОВП Айтматовского района;Центр общеврачебной практики Айтматовского района;29;503;433;936;155;225;380;298;752;1050;100;530;630
Таласская обл.;4170700000000000;Айтматовский р-н;41707215000000000;741851;ЦОВП Айтматовского района;Центр общеврачебной практики Айтматовского района;30;486;454;940;158;268;426;259;789;1048;120;556;676
Таласская обл.;4170700000000000;Айтматовский р-н;41707215000000000;741851;ЦОВП Айтматовского района;Центр общеврачебной практики Айтматовского района;31;489;423;912;187;241;428;270;732;1002;123;548;671
Таласская обл.;4170700000000000;Айтматовский р-н;41707215000000000;741851;ЦОВП Айтматовского района;Центр общеврачебной практики Айтматовского района;32;548;392;940;225;229;454;342;733;1075;173;514;687
Таласская обл.;4170700000000000;Айтматовский р-н;41707215000000000;741851;ЦОВП Айтматовского района;Центр общеврачебной практики Айтматовского района;33;522;412;934;239;238;477;351;738;1089;170;497;667
Таласская обл.;4170700000000000;Айтматовский р-н;41707215000000000;741851;ЦОВП Айтматовского района;Центр общеврачебной практики Айтматовского района;34;514;409;923;233;266;499;324;649;973;180;492;672
Таласская обл.;4170700000000000;Айтматовский р-н;41707215000000000;741851;ЦОВП Айтматовского района;Центр общеврачебной практики Айтматовского района;35;487;407;894;225;264;489;368;816;1184;177;551;728
Таласская обл.;4170700000000000;Айтматовский р-н;41707215000000000;741851;ЦОВП Айтматовского района;Центр общеврачебной практики Айтматовского района;36;455;392;847;202;248;450;343;703;1046;189;515;704
Таласская обл.;4170700000000000;Айтматовский р-н;41707215000000000;741851;ЦОВП Айтматовского района;Центр общеврачебной практики Айтматовского района;37;453;422;875;217;276;493;342;778;1120;207;558;765
Таласская обл.;4170700000000000;Айтматовский р-н;41707215000000000;741851;ЦОВП Айтматовского района;Центр общеврачебной практики Айтматовского района;38;447;419;866;237;240;477;273;586;859;156;406;562
Таласская обл.;4170700000000000;Айтматовский р-н;41707215000000000;741851;ЦОВП Айтматовского района;Центр общеврачебной практики Айтматовского района;39;430;384;814;181;238;419;320;637;957;155;427;582
Таласская обл.;4170700000000000;Айтматовский р-н;41707215000000000;741851;ЦОВП Айтматовского района;Центр общеврачебной практики Айтматовского района;40;406;374;780;177;232;409;272;658;930;129;470;599
Таласская обл.;4170700000000000;Айтматовский р-н;41707215000000000;741851;ЦОВП Айтматовского района;Центр общеврачебной практики Айтматовского района;41;392;372;764;168;239;407;287;604;891;151;373;524
Таласская обл.;4170700000000000;Айтматовский р-н;41707215000000000;741851;ЦОВП Айтматовского района;Центр общеврачебной практики Айтматовского района;42;371;336;707;176;207;383;275;624;899;116;424;540
Таласская обл.;4170700000000000;Айтматовский р-н;41707215000000000;741851;ЦОВП Айтматовского района;Центр общеврачебной практики Айтматовского района;43;367;321;688;142;190;332;263;485;748;158;336;494
Таласская обл.;4170700000000000;Айтматовский р-н;41707215000000000;741851;ЦОВП Айтматовского района;Центр общеврачебной практики Айтматовского района;44;355;308;663;148;190;338;266;529;795;116;369;485
Таласская обл.;4170700000000000;Айтматовский р-н;41707215000000000;741851;ЦОВП Айтматовского района;Центр общеврачебной практики Айтматовского района;45;344;318;662;142;192;334;258;497;755;108;330;438
Таласская обл.;4170700000000000;Айтматовский р-н;41707215000000000;741851;ЦОВП Айтматовского района;Центр общеврачебной практики Айтматовского района;46;314;312;626;125;168;293;287;498;785;133;312;445
Таласская обл.;4170700000000000;Айтматовский р-н;41707215000000000;741851;ЦОВП Айтматовского района;Центр общеврачебной практики Айтматовского района;47;302;305;607;122;153;275;218;540;758;120;334;454
Таласская обл.;4170700000000000;Айтматовский р-н;41707215000000000;741851;ЦОВП Айтматовского района;Центр общеврачебной практики Айтматовского района;48;340;298;638;150;151;301;289;501;790;148;305;453
Таласская обл.;4170700000000000;Айтматовский р-н;41707215000000000;741851;ЦОВП Айтматовского района;Центр общеврачебной практики Айтматовского района;49;304;303;607;128;146;274;239;490;729;103;247;350
Таласская обл.;4170700000000000;Айтматовский р-н;41707215000000000;741851;ЦОВП Айтматовского района;Центр общеврачебной практики Айтматовского района;50;306;304;610;105;142;247;307;547;854;124;298;422
Таласская обл.;4170700000000000;Айтматовский р-н;41707215000000000;741851;ЦОВП Айтматовского района;Центр общеврачебной практики Айтматовского района;51;335;282;617;127;132;259;265;494;759;127;286;413
Таласская обл.;4170700000000000;Айтматовский р-н;41707215000000000;741851;ЦОВП Айтматовского района;Центр общеврачебной практики Айтматовского района;52;311;279;590;129;140;269;287;492;779;113;256;369
Таласская обл.;4170700000000000;Айтматовский р-н;41707215000000000;741851;ЦОВП Айтматовского района;Центр общеврачебной практики Айтматовского района;53;270;286;556;102;122;224;275;441;716;142;243;385
Таласская обл.;4170700000000000;Айтматовский р-н;41707215000000000;741851;ЦОВП Айтматовского района;Центр общеврачебной практики Айтматовского района;54;270;244;514;121;127;248;277;426;703;162;242;404
Таласская обл.;4170700000000000;Айтматовский р-н;41707215000000000;741851;ЦОВП Айтматовского района;Центр общеврачебной практики Айтматовского района;55;289;227;516;129;119;248;286;381;667;154;232;386
Таласская обл.;4170700000000000;Айтматовский р-н;41707215000000000;741851;ЦОВП Айтматовского района;Центр общеврачебной практики Айтматовского района;56;269;245;514;121;132;253;270;436;706;132;280;412
Таласская обл.;4170700000000000;Айтматовский р-н;41707215000000000;741851;ЦОВП Айтматовского района;Центр общеврачебной практики Айтматовского района;57;238;268;506;106;149;255;274;452;726;166;303;469
Таласская обл.;4170700000000000;Айтматовский р-н;41707215000000000;741851;ЦОВП Айтматовского района;Центр общеврачебной практики Айтматовского района;58;252;228;480;120;144;264;208;464;672;125;303;428
Таласская обл.;4170700000000000;Айтматовский р-н;41707215000000000;741851;ЦОВП Айтматовского района;Центр общеврачебной практики Айтматовского района;59;205;247;452;114;133;247;255;450;705;154;261;415
Таласская обл.;4170700000000000;Айтматовский р-н;41707215000000000;741851;ЦОВП Айтматовского района;Центр общеврачебной практики Айтматовского района;60;216;236;452;107;118;225;201;444;645;112;270;382
Таласская обл.;4170700000000000;Айтматовский р-н;41707215000000000;741851;ЦОВП Айтматовского района;Центр общеврачебной практики Айтматовского района;61;207;259;466;121;181;302;266;463;729;183;373;556
Таласская обл.;4170700000000000;Айтматовский р-н;41707215000000000;741851;ЦОВП Айтматовского района;Центр общеврачебной практики Айтматовского района;62;223;235;458;136;186;322;292;425;717;207;385;592
Таласская обл.;4170700000000000;Айтматовский р-н;41707215000000000;741851;ЦОВП Айтматовского района;Центр общеврачебной практики Айтматовского района;63;203;280;483;121;227;348;265;456;721;185;411;596
Таласская обл.;4170700000000000;Айтматовский р-н;41707215000000000;741851;ЦОВП Айтматовского района;Центр общеврачебной практики Айтматовского района;64;185;239;424;84;224;308;208;463;671;100;461;561
Таласская обл.;4170700000000000;Айтматовский р-н;41707215000000000;741851;ЦОВП Айтматовского района;Центр общеврачебной практики Айтматовского района;65;182;262;444;78;255;333;211;375;586;120;375;495
Таласская обл.;4170700000000000;Айтматовский р-н;41707215000000000;741851;ЦОВП Айтматовского района;Центр общеврачебной практики Айтматовского района;66;192;194;386;125;193;318;231;336;567;179;336;515
Таласская обл.;4170700000000000;Айтматовский р-н;41707215000000000;741851;ЦОВП Айтматовского района;Центр общеврачебной практики Айтматовского района;67;158;181;339;108;180;288;221;288;509;153;287;440
Таласская обл.;4170700000000000;Айтматовский р-н;41707215000000000;741851;ЦОВП Айтматовского района;Центр общеврачебной практики Айтматовского района;68;144;168;312;97;166;263;201;339;540;152;334;486
Таласская обл.;4170700000000000;Айтматовский р-н;41707215000000000;741851;ЦОВП Айтматовского района;Центр общеврачебной практики Айтматовского района;69;153;159;312;121;158;279;206;277;483;175;277;452
Таласская обл.;4170700000000000;Айтматовский р-н;41707215000000000;741851;ЦОВП Айтматовского района;Центр общеврачебной практики Айтматовского района;70;114;144;258;103;144;247;92;248;340;90;248;338
Таласская обл.;4170700000000000;Айтматовский р-н;41707215000000000;741851;ЦОВП Айтматовского района;Центр общеврачебной практики Айтматовского района;71;102;125;227;102;125;227;110;231;341;110;231;341
Таласская обл.;4170700000000000;Айтматовский р-н;41707215000000000;741851;ЦОВП Айтматовского района;Центр общеврачебной практики Айтматовского района;72;100;133;233;100;133;233;118;166;284;118;165;283
Таласская обл.;4170700000000000;Айтматовский р-н;41707215000000000;741851;ЦОВП Айтматовского района;Центр общеврачебной практики Айтматовского района;73;90;118;208;90;118;208;108;216;324;108;213;321
Таласская обл.;4170700000000000;Айтматовский р-н;41707215000000000;741851;ЦОВП Айтматовского района;Центр общеврачебной практики Айтматовского района;74;61;108;169;61;108;169;62;142;204;62;142;204
Таласская обл.;4170700000000000;Айтматовский р-н;41707215000000000;741851;ЦОВП Айтматовского района;Центр общеврачебной практики Айтматовского района;75;64;96;160;64;96;160;68;158;226;68;158;226
Таласская обл.;4170700000000000;Айтматовский р-н;41707215000000000;741851;ЦОВП Айтматовского района;Центр общеврачебной практики Айтматовского района;76;43;85;128;43;85;128;60;124;184;60;124;184
Таласская обл.;4170700000000000;Айтматовский р-н;41707215000000000;741851;ЦОВП Айтматовского района;Центр общеврачебной практики Айтматовского района;77;39;62;101;39;62;101;51;89;140;51;89;140
Таласская обл.;4170700000000000;Айтматовский р-н;41707215000000000;741851;ЦОВП Айтматовского района;Центр общеврачебной практики Айтматовского района;78;29;55;84;29;55;84;29;63;92;29;63;92
Таласская обл.;4170700000000000;Айтматовский р-н;41707215000000000;741851;ЦОВП Айтматовского района;Центр общеврачебной практики Айтматовского района;79;18;19;37;18;19;37;29;41;70;29;41;70
Таласская обл.;4170700000000000;Айтматовский р-н;41707215000000000;741851;ЦОВП Айтматовского района;Центр общеврачебной практики Айтматовского района;80;14;26;40;14;26;40;36;22;58;29;22;51
Таласская обл.;4170700000000000;Айтматовский р-н;41707215000000000;741851;ЦОВП Айтматовского района;Центр общеврачебной практики Айтматовского района;81;22;27;49;22;27;49;46;43;89;46;43;89
Таласская обл.;4170700000000000;Айтматовский р-н;41707215000000000;741851;ЦОВП Айтматовского района;Центр общеврачебной практики Айтматовского района;82;20;48;68;20;48;68;37;55;92;37;55;92
Таласская обл.;4170700000000000;Айтматовский р-н;41707215000000000;741851;ЦОВП Айтматовского района;Центр общеврачебной практики Айтматовского района;83;20;37;57;20;37;57;21;47;68;21;47;68
Таласская обл.;4170700000000000;Айтматовский р-н;41707215000000000;741851;ЦОВП Айтматовского района;Центр общеврачебной практики Айтматовского района;84;25;59;84;25;59;84;25;86;111;25;86;111
Таласская обл.;4170700000000000;Айтматовский р-н;41707215000000000;741851;ЦОВП Айтматовского района;Центр общеврачебной практики Айтматовского района;85;23;46;69;23;46;69;14;41;55;14;41;55
Таласская обл.;4170700000000000;Айтматовский р-н;41707215000000000;741851;ЦОВП Айтматовского района;Центр общеврачебной практики Айтматовского района;86;20;35;55;20;35;55;12;33;45;12;33;45
Таласская обл.;4170700000000000;Айтматовский р-н;41707215000000000;741851;ЦОВП Айтматовского района;Центр общеврачебной практики Айтматовского района;87;10;31;41;10;31;41;5;33;38;5;33;38
Таласская обл.;4170700000000000;Айтматовский р-н;41707215000000000;741851;ЦОВП Айтматовского района;Центр общеврачебной практики Айтматовского района;88;9;33;42;9;33;42;19;32;51;19;32;51
Таласская обл.;4170700000000000;Айтматовский р-н;41707215000000000;741851;ЦОВП Айтматовского района;Центр общеврачебной практики Айтматовского района;89;5;16;21;5;16;21;7;19;26;7;19;26
Таласская обл.;4170700000000000;Айтматовский р-н;41707215000000000;741851;ЦОВП Айтматовского района;Центр общеврачебной практики Айтматовского района;90;6;11;17;6;11;17;0;5;5;0;5;5
Таласская обл.;4170700000000000;Айтматовский р-н;41707215000000000;741851;ЦОВП Айтматовского района;Центр общеврачебной практики Айтматовского района;91;3;8;11;3;8;11;1;3;4;1;3;4
Таласская обл.;4170700000000000;Айтматовский р-н;41707215000000000;741851;ЦОВП Айтматовского района;Центр общеврачебной практики Айтматовского района;92;1;14;15;1;14;15;1;5;6;1;5;6
Таласская обл.;4170700000000000;Айтматовский р-н;41707215000000000;741851;ЦОВП Айтматовского района;Центр общеврачебной практики Айтматовского района;93;4;2;6;4;2;6;0;1;1;0;1;1
Таласская обл.;4170700000000000;Айтматовский р-н;41707215000000000;741851;ЦОВП Айтматовского района;Центр общеврачебной практики Айтматовского района;94;3;11;14;3;11;14;1;2;3;0;2;2
Таласская обл.;4170700000000000;Айтматовский р-н;41707215000000000;741851;ЦОВП Айтматовского района;Центр общеврачебной практики Айтматовского района;95;0;2;2;0;2;2;1;1;2;0;1;1
Таласская обл.;4170700000000000;Айтматовский р-н;41707215000000000;741851;ЦОВП Айтматовского района;Центр общеврачебной практики Айтматовского района;98;1;6;7;1;6;7;0;3;3;0;3;3
Таласская обл.;4170700000000000;Айтматовский р-н;41707215000000000;741851;ЦОВП Айтматовского района;Центр общеврачебной практики Айтматовского района;100;0;1;1;0;1;1;0;1;1;0;1;1
Таласская обл.;4170700000000000;Айтматовский р-н;41707215000000000;741851;ЦОВП Айтматовского района;Центр общеврачебной практики Айтматовского района;110;0;1;1;0;1;1;0;7;7;0;7;7
Иссык-Кульская обл.;4170200000000000;Ак-Суйский р-н;41702205000000000;241441;ЦОВП Ак-Суйского района;Центр общеврачебной практики Ак-Суйского района;0;396;358;754;396;358;754;1585;1502;3087;1585;1502;3087
Иссык-Кульская обл.;4170200000000000;Ак-Суйский р-н;41702205000000000;241441;ЦОВП Ак-Суйского района;Центр общеврачебной практики Ак-Суйского района;1;553;482;1035;553;482;1035;711;590;1301;711;590;1301
Иссык-Кульская обл.;4170200000000000;Ак-Суйский р-н;41702205000000000;241441;ЦОВП Ак-Суйского района;Центр общеврачебной практики Ак-Суйского района;2;593;528;1121;593;528;1121;397;343;740;397;343;740
Иссык-Кульская обл.;4170200000000000;Ак-Суйский р-н;41702205000000000;241441;ЦОВП Ак-Суйского района;Центр общеврачебной практики Ак-Суйского района;3;589;519;1108;589;519;1108;366;340;706;366;340;706
Иссык-Кульская обл.;4170200000000000;Ак-Суйский р-н;41702205000000000;241441;ЦОВП Ак-Суйского района;Центр общеврачебной практики Ак-Суйского района;4;582;553;1135;582;553;1135;265;268;533;265;268;533
Иссык-Кульская обл.;4170200000000000;Ак-Суйский р-н;41702205000000000;241441;ЦОВП Ак-Суйского района;Центр общеврачебной практики Ак-Суйского района;5;522;564;1086;522;564;1086;327;271;598;327;271;598
Иссык-Кульская обл.;4170200000000000;Ак-Суйский р-н;41702205000000000;241441;ЦОВП Ак-Суйского района;Центр общеврачебной практики Ак-Суйского района;6;523;678;1201;523;678;1201;322;235;557;322;235;557
Иссык-Кульская обл.;4170200000000000;Ак-Суйский р-н;41702205000000000;241441;ЦОВП Ак-Суйского района;Центр общеврачебной практики Ак-Суйского района;7;456;592;1048;456;592;1048;191;219;410;191;219;410
Иссык-Кульская обл.;4170200000000000;Ак-Суйский р-н;41702205000000000;241441;ЦОВП Ак-Суйского района;Центр общеврачебной практики Ак-Суйского района;8;513;659;1172;513;659;1172;154;165;319;154;165;319
Иссык-Кульская обл.;4170200000000000;Ак-Суйский р-н;41702205000000000;241441;ЦОВП Ак-Суйского района;Центр общеврачебной практики Ак-Суйского района;9;496;712;1208;496;712;1208;156;178;334;156;178;334
Иссык-Кульская обл.;4170200000000000;Ак-Суйский р-н;41702205000000000;241441;ЦОВП Ак-Суйского района;Центр общеврачебной практики Ак-Суйского района;10;475;646;1121;475;646;1121;151;134;285;151;134;285
Иссык-Кульская обл.;4170200000000000;Ак-Суйский р-н;41702205000000000;241441;ЦОВП Ак-Суйского района;Центр общеврачебной практики Ак-Суйского района;11;453;730;1183;453;730;1183;166;184;350;166;184;350
Иссык-Кульская обл.;4170200000000000;Ак-Суйский р-н;41702205000000000;241441;ЦОВП Ак-Суйского района;Центр общеврачебной практики Ак-Суйского района;12;502;700;1202;502;700;1202;186;115;301;186;115;301
Иссык-Кульская обл.;4170200000000000;Ак-Суйский р-н;41702205000000000;241441;ЦОВП Ак-Суйского района;Центр общеврачебной практики Ак-Суйского района;13;502;751;1253;502;751;1253;255;224;479;255;224;479
Иссык-Кульская обл.;4170200000000000;Ак-Суйский р-н;41702205000000000;241441;ЦОВП Ак-Суйского района;Центр общеврачебной практики Ак-Суйского района;14;578;842;1420;578;842;1420;340;313;653;340;313;653
Иссык-Кульская обл.;4170200000000000;Ак-Суйский р-н;41702205000000000;241441;ЦОВП Ак-Суйского района;Центр общеврачебной практики Ак-Суйского района;15;505;796;1301;505;796;1301;505;332;837;505;332;837
Иссык-Кульская обл.;4170200000000000;Ак-Суйский р-н;41702205000000000;241441;ЦОВП Ак-Суйского района;Центр общеврачебной практики Ак-Суйского района;16;521;740;1261;521;740;1261;319;331;650;318;327;645
Иссык-Кульская обл.;4170200000000000;Ак-Суйский р-н;41702205000000000;241441;ЦОВП Ак-Суйского района;Центр общеврачебной практики Ак-Суйского района;17;494;694;1188;474;659;1133;306;311;617;270;277;547
Иссык-Кульская обл.;4170200000000000;Ак-Суйский р-н;41702205000000000;241441;ЦОВП Ак-Суйского района;Центр общеврачебной практики Ак-Суйского района;18;434;660;1094;399;625;1024;582;417;999;547;334;881
Иссык-Кульская обл.;4170200000000000;Ак-Суйский р-н;41702205000000000;241441;ЦОВП Ак-Суйского района;Центр общеврачебной практики Ак-Суйского района;19;373;642;1015;307;571;878;347;453;800;286;320;606
Иссык-Кульская обл.;4170200000000000;Ак-Суйский р-н;41702205000000000;241441;ЦОВП Ак-Суйского района;Центр общеврачебной практики Ак-Суйского района;20;425;760;1185;317;642;959;209;611;820;146;381;527
Иссык-Кульская обл.;4170200000000000;Ак-Суйский р-н;41702205000000000;241441;ЦОВП Ак-Суйского района;Центр общеврачебной практики Ак-Суйского района;21;394;830;1224;212;549;761;191;477;668;92;240;332
Иссык-Кульская обл.;4170200000000000;Ак-Суйский р-н;41702205000000000;241441;ЦОВП Ак-Суйского района;Центр общеврачебной практики Ак-Суйского района;22;423;744;1167;293;636;929;202;450;652;101;267;368
Иссык-Кульская обл.;4170200000000000;Ак-Суйский р-н;41702205000000000;241441;ЦОВП Ак-Суйского района;Центр общеврачебной практики Ак-Суйского района;23;304;760;1064;48;580;628;173;472;645;21;261;282
Иссык-Кульская обл.;4170200000000000;Ак-Суйский р-н;41702205000000000;241441;ЦОВП Ак-Суйского района;Центр общеврачебной практики Ак-Суйского района;24;381;754;1135;44;131;175;166;393;559;31;219;250
Иссык-Кульская обл.;4170200000000000;Ак-Суйский р-н;41702205000000000;241441;ЦОВП Ак-Суйского района;Центр общеврачебной практики Ак-Суйского района;25;330;684;1014;62;226;288;135;476;611;67;306;373
Иссык-Кульская обл.;4170200000000000;Ак-Суйский р-н;41702205000000000;241441;ЦОВП Ак-Суйского района;Центр общеврачебной практики Ак-Суйского района;26;346;601;947;78;177;255;143;470;613;45;323;368
Иссык-Кульская обл.;4170200000000000;Ак-Суйский р-н;41702205000000000;241441;ЦОВП Ак-Суйского района;Центр общеврачебной практики Ак-Суйского района;27;359;525;884;100;166;266;167;447;614;58;284;342
Иссык-Кульская обл.;4170200000000000;Ак-Суйский р-н;41702205000000000;241441;ЦОВП Ак-Суйского района;Центр общеврачебной практики Ак-Суйского района;28;414;601;1015;147;197;344;174;502;676;89;355;444
Иссык-Кульская обл.;4170200000000000;Ак-Суйский р-н;41702205000000000;241441;ЦОВП Ак-Суйского района;Центр общеврачебной практики Ак-Суйского района;29;400;632;1032;162;214;376;173;696;869;104;461;565
Иссык-Кульская обл.;4170200000000000;Ак-Суйский р-н;41702205000000000;241441;ЦОВП Ак-Суйского района;Центр общеврачебной практики Ак-Суйского района;30;430;569;999;200;205;405;182;503;685;95;389;484
Иссык-Кульская обл.;4170200000000000;Ак-Суйский р-н;41702205000000000;241441;ЦОВП Ак-Суйского района;Центр общеврачебной практики Ак-Суйского района;31;423;582;1005;216;224;440;177;596;773;117;433;550
Иссык-Кульская обл.;4170200000000000;Ак-Суйский р-н;41702205000000000;241441;ЦОВП Ак-Суйского района;Центр общеврачебной практики Ак-Суйского района;32;431;607;1038;221;265;486;186;693;879;136;554;690
Иссык-Кульская обл.;4170200000000000;Ак-Суйский р-н;41702205000000000;241441;ЦОВП Ак-Суйского района;Центр общеврачебной практики Ак-Суйского района;33;444;545;989;241;256;497;151;568;719;104;440;544
Иссык-Кульская обл.;4170200000000000;Ак-Суйский р-н;41702205000000000;241441;ЦОВП Ак-Суйского района;Центр общеврачебной практики Ак-Суйского района;34;389;535;924;226;256;482;198;638;836;142;531;673
Иссык-Кульская обл.;4170200000000000;Ак-Суйский р-н;41702205000000000;241441;ЦОВП Ак-Суйского района;Центр общеврачебной практики Ак-Суйского района;35;493;438;931;295;276;571;223;680;903;165;535;700
Иссык-Кульская обл.;4170200000000000;Ак-Суйский р-н;41702205000000000;241441;ЦОВП Ак-Суйского района;Центр общеврачебной практики Ак-Суйского района;36;480;379;859;297;225;522;218;662;880;158;518;676
Иссык-Кульская обл.;4170200000000000;Ак-Суйский р-н;41702205000000000;241441;ЦОВП Ак-Суйского района;Центр общеврачебной практики Ак-Суйского района;37;388;403;791;230;252;482;193;640;833;136;518;654
Иссык-Кульская обл.;4170200000000000;Ак-Суйский р-н;41702205000000000;241441;ЦОВП Ак-Суйского района;Центр общеврачебной практики Ак-Суйского района;38;369;388;757;224;235;459;159;544;703;115;421;536
Иссык-Кульская обл.;4170200000000000;Ак-Суйский р-н;41702205000000000;241441;ЦОВП Ак-Суйского района;Центр общеврачебной практики Ак-Суйского района;39;348;357;705;219;226;445;171;502;673;120;403;523
Иссык-Кульская обл.;4170200000000000;Ак-Суйский р-н;41702205000000000;241441;ЦОВП Ак-Суйского района;Центр общеврачебной практики Ак-Суйского района;40;362;338;700;241;200;441;137;472;609;98;373;471
Иссык-Кульская обл.;4170200000000000;Ак-Суйский р-н;41702205000000000;241441;ЦОВП Ак-Суйского района;Центр общеврачебной практики Ак-Суйского района;41;324;316;640;179;198;377;140;495;635;116;392;508
Иссык-Кульская обл.;4170200000000000;Ак-Суйский р-н;41702205000000000;241441;ЦОВП Ак-Суйского района;Центр общеврачебной практики Ак-Суйского района;42;335;288;623;239;184;423;180;474;654;137;360;497
Иссык-Кульская обл.;4170200000000000;Ак-Суйский р-н;41702205000000000;241441;ЦОВП Ак-Суйского района;Центр общеврачебной практики Ак-Суйского района;43;307;355;662;202;221;423;103;562;665;73;478;551
Иссык-Кульская обл.;4170200000000000;Ак-Суйский р-н;41702205000000000;241441;ЦОВП Ак-Суйского района;Центр общеврачебной практики Ак-Суйского района;44;289;281;570;185;169;354;160;374;534;126;302;428
Иссык-Кульская обл.;4170200000000000;Ак-Суйский р-н;41702205000000000;241441;ЦОВП Ак-Суйского района;Центр общеврачебной практики Ак-Суйского района;45;256;302;558;177;189;366;160;428;588;140;332;472
Иссык-Кульская обл.;4170200000000000;Ак-Суйский р-н;41702205000000000;241441;ЦОВП Ак-Суйского района;Центр общеврачебной практики Ак-Суйского района;46;262;321;583;187;187;374;148;506;654;135;377;512
Иссык-Кульская обл.;4170200000000000;Ак-Суйский р-н;41702205000000000;241441;ЦОВП Ак-Суйского района;Центр общеврачебной практики Ак-Суйского района;47;280;312;592;195;188;383;151;501;652;126;375;501
Иссык-Кульская обл.;4170200000000000;Ак-Суйский р-н;41702205000000000;241441;ЦОВП Ак-Суйского района;Центр общеврачебной практики Ак-Суйского района;48;276;341;617;176;191;367;205;507;712;155;362;517
Иссык-Кульская обл.;4170200000000000;Ак-Суйский р-н;41702205000000000;241441;ЦОВП Ак-Суйского района;Центр общеврачебной практики Ак-Суйского района;49;261;339;600;184;196;380;175;475;650;123;364;487
Иссык-Кульская обл.;4170200000000000;Ак-Суйский р-н;41702205000000000;241441;ЦОВП Ак-Суйского района;Центр общеврачебной практики Ак-Суйского района;50;299;313;612;183;190;373;217;464;681;165;333;498
Иссык-Кульская обл.;4170200000000000;Ак-Суйский р-н;41702205000000000;241441;ЦОВП Ак-Суйского района;Центр общеврачебной практики Ак-Суйского района;51;264;343;607;182;212;394;199;498;697;169;375;544
Иссык-Кульская обл.;4170200000000000;Ак-Суйский р-н;41702205000000000;241441;ЦОВП Ак-Суйского района;Центр общеврачебной практики Ак-Суйского района;52;288;317;605;189;193;382;208;545;753;160;425;585
Иссык-Кульская обл.;4170200000000000;Ак-Суйский р-н;41702205000000000;241441;ЦОВП Ак-Суйского района;Центр общеврачебной практики Ак-Суйского района;53;262;322;584;175;202;377;205;437;642;157;337;494
Иссык-Кульская обл.;4170200000000000;Ак-Суйский р-н;41702205000000000;241441;ЦОВП Ак-Суйского района;Центр общеврачебной практики Ак-Суйского района;54;272;298;570;165;172;337;200;443;643;163;301;464
Иссык-Кульская обл.;4170200000000000;Ак-Суйский р-н;41702205000000000;241441;ЦОВП Ак-Суйского района;Центр общеврачебной практики Ак-Суйского района;55;250;268;518;169;156;325;230;437;667;155;330;485
Иссык-Кульская обл.;4170200000000000;Ак-Суйский р-н;41702205000000000;241441;ЦОВП Ак-Суйского района;Центр общеврачебной практики Ак-Суйского района;56;286;316;602;184;206;390;240;636;876;175;520;695
Иссык-Кульская обл.;4170200000000000;Ак-Суйский р-н;41702205000000000;241441;ЦОВП Ак-Суйского района;Центр общеврачебной практики Ак-Суйского района;57;280;274;554;176;162;338;205;456;661;162;336;498
Иссык-Кульская обл.;4170200000000000;Ак-Суйский р-н;41702205000000000;241441;ЦОВП Ак-Суйского района;Центр общеврачебной практики Ак-Суйского района;58;259;297;556;190;202;392;208;395;603;163;324;487
Иссык-Кульская обл.;4170200000000000;Ак-Суйский р-н;41702205000000000;241441;ЦОВП Ак-Суйского района;Центр общеврачебной практики Ак-Суйского района;59;244;273;517;165;193;358;223;446;669;140;377;517
Иссык-Кульская обл.;4170200000000000;Ак-Суйский р-н;41702205000000000;241441;ЦОВП Ак-Суйского района;Центр общеврачебной практики Ак-Суйского района;60;246;277;523;167;180;347;252;497;749;195;402;597
Иссык-Кульская обл.;4170200000000000;Ак-Суйский р-н;41702205000000000;241441;ЦОВП Ак-Суйского района;Центр общеврачебной практики Ак-Суйского района;61;248;273;521;172;192;364;187;442;629;134;386;520
Иссык-Кульская обл.;4170200000000000;Ак-Суйский р-н;41702205000000000;241441;ЦОВП Ак-Суйского района;Центр общеврачебной практики Ак-Суйского района;62;213;308;521;149;233;382;238;469;707;198;420;618
Иссык-Кульская обл.;4170200000000000;Ак-Суйский р-н;41702205000000000;241441;ЦОВП Ак-Суйского района;Центр общеврачебной практики Ак-Суйского района;63;233;304;537;159;228;387;219;475;694;170;444;614
Иссык-Кульская обл.;4170200000000000;Ак-Суйский р-н;41702205000000000;241441;ЦОВП Ак-Суйского района;Центр общеврачебной практики Ак-Суйского района;64;237;297;534;168;257;425;186;456;642;155;427;582
Иссык-Кульская обл.;4170200000000000;Ак-Суйский р-н;41702205000000000;241441;ЦОВП Ак-Суйского района;Центр общеврачебной практики Ак-Суйского района;65;199;253;452;161;245;406;173;349;522;157;348;505
Иссык-Кульская обл.;4170200000000000;Ак-Суйский р-н;41702205000000000;241441;ЦОВП Ак-Суйского района;Центр общеврачебной практики Ак-Суйского района;66;193;253;446;190;251;441;135;331;466;135;326;461
Иссык-Кульская обл.;4170200000000000;Ак-Суйский р-н;41702205000000000;241441;ЦОВП Ак-Суйского района;Центр общеврачебной практики Ак-Суйского района;67;168;216;384;166;213;379;118;349;467;118;343;461
Иссык-Кульская обл.;4170200000000000;Ак-Суйский р-н;41702205000000000;241441;ЦОВП Ак-Суйского района;Центр общеврачебной практики Ак-Суйского района;68;128;179;307;128;178;306;123;291;414;123;291;414
Иссык-Кульская обл.;4170200000000000;Ак-Суйский р-н;41702205000000000;241441;ЦОВП Ак-Суйского района;Центр общеврачебной практики Ак-Суйского района;69;131;183;314;130;183;313;136;259;395;133;259;392
Иссык-Кульская обл.;4170200000000000;Ак-Суйский р-н;41702205000000000;241441;ЦОВП Ак-Суйского района;Центр общеврачебной практики Ак-Суйского района;70;116;165;281;113;163;276;106;272;378;104;263;367
Иссык-Кульская обл.;4170200000000000;Ак-Суйский р-н;41702205000000000;241441;ЦОВП Ак-Суйского района;Центр общеврачебной практики Ак-Суйского района;71;93;158;251;93;156;249;94;160;254;94;155;249
Иссык-Кульская обл.;4170200000000000;Ак-Суйский р-н;41702205000000000;241441;ЦОВП Ак-Суйского района;Центр общеврачебной практики Ак-Суйского района;72;90;134;224;90;133;223;71;223;294;71;206;277
Иссык-Кульская обл.;4170200000000000;Ак-Суйский р-н;41702205000000000;241441;ЦОВП Ак-Суйского района;Центр общеврачебной практики Ак-Суйского района;73;64;132;196;64;131;195;62;170;232;62;167;229
Иссык-Кульская обл.;4170200000000000;Ак-Суйский р-н;41702205000000000;241441;ЦОВП Ак-Суйского района;Центр общеврачебной практики Ак-Суйского района;74;55;130;185;55;129;184;50;122;172;50;120;170
Иссык-Кульская обл.;4170200000000000;Ак-Суйский р-н;41702205000000000;241441;ЦОВП Ак-Суйского района;Центр общеврачебной практики Ак-Суйского района;75;63;99;162;63;99;162;52;119;171;52;119;171
Иссык-Кульская обл.;4170200000000000;Ак-Суйский р-н;41702205000000000;241441;ЦОВП Ак-Суйского района;Центр общеврачебной практики Ак-Суйского района;76;49;68;117;48;67;115;33;74;107;33;74;107
Иссык-Кульская обл.;4170200000000000;Ак-Суйский р-н;41702205000000000;241441;ЦОВП Ак-Суйского района;Центр общеврачебной практики Ак-Суйского района;77;27;73;100;27;73;100;20;67;87;20;67;87
Иссык-Кульская обл.;4170200000000000;Ак-Суйский р-н;41702205000000000;241441;ЦОВП Ак-Суйского района;Центр общеврачебной практики Ак-Суйского района;78;32;55;87;32;54;86;44;79;123;44;79;123
Иссык-Кульская обл.;4170200000000000;Ак-Суйский р-н;41702205000000000;241441;ЦОВП Ак-Суйского района;Центр общеврачебной практики Ак-Суйского района;79;16;39;55;16;39;55;17;33;50;17;33;50
Иссык-Кульская обл.;4170200000000000;Ак-Суйский р-н;41702205000000000;241441;ЦОВП Ак-Суйского района;Центр общеврачебной практики Ак-Суйского района;80;8;31;39;8;31;39;6;13;19;6;13;19
Иссык-Кульская обл.;4170200000000000;Ак-Суйский р-н;41702205000000000;241441;ЦОВП Ак-Суйского района;Центр общеврачебной практики Ак-Суйского района;81;14;46;60;14;45;59;12;42;54;12;41;53
Иссык-Кульская обл.;4170200000000000;Ак-Суйский р-н;41702205000000000;241441;ЦОВП Ак-Суйского района;Центр общеврачебной практики Ак-Суйского района;82;17;61;78;17;61;78;2;32;34;2;32;34
Иссык-Кульская обл.;4170200000000000;Ак-Суйский р-н;41702205000000000;241441;ЦОВП Ак-Суйского района;Центр общеврачебной практики Ак-Суйского района;83;16;43;59;16;43;59;8;37;45;8;37;45
Иссык-Кульская обл.;4170200000000000;Ак-Суйский р-н;41702205000000000;241441;ЦОВП Ак-Суйского района;Центр общеврачебной практики Ак-Суйского района;84;22;88;110;22;87;109;7;32;39;7;32;39
Иссык-Кульская обл.;4170200000000000;Ак-Суйский р-н;41702205000000000;241441;ЦОВП Ак-Суйского района;Центр общеврачебной практики Ак-Суйского района;85;16;34;50;16;34;50;7;22;29;7;22;29
Иссык-Кульская обл.;4170200000000000;Ак-Суйский р-н;41702205000000000;241441;ЦОВП Ак-Суйского района;Центр общеврачебной практики Ак-Суйского района;86;16;41;57;16;39;55;11;23;34;11;20;31
Иссык-Кульская обл.;4170200000000000;Ак-Суйский р-н;41702205000000000;241441;ЦОВП Ак-Суйского района;Центр общеврачебной практики Ак-Суйского района;87;13;50;63;13;50;63;4;11;15;4;11;15
Иссык-Кульская обл.;4170200000000000;Ак-Суйский р-н;41702205000000000;241441;ЦОВП Ак-Суйского района;Центр общеврачебной практики Ак-Суйского района;88;8;27;35;8;27;35;2;5;7;2;5;7
Иссык-Кульская обл.;4170200000000000;Ак-Суйский р-н;41702205000000000;241441;ЦОВП Ак-Суйского района;Центр общеврачебной практики Ак-Суйского района;89;7;25;32;7;24;31;0;3;3;0;3;3
Иссык-Кульская обл.;4170200000000000;Ак-Суйский р-н;41702205000000000;241441;ЦОВП Ак-Суйского района;Центр общеврачебной практики Ак-Суйского района;90;4;15;19;4;14;18;0;4;4;0;4;4
Иссык-Кульская обл.;4170200000000000;Ак-Суйский р-н;41702205000000000;241441;ЦОВП Ак-Суйского района;Центр общеврачебной практики Ак-Суйского района;91;7;21;28;7;21;28;0;4;4;0;4;4
Иссык-Кульская обл.;4170200000000000;Ак-Суйский р-н;41702205000000000;241441;ЦОВП Ак-Суйского района;Центр общеврачебной практики Ак-Суйского района;92;0;23;23;0;23;23;0;9;9;0;9;9
Иссык-Кульская обл.;4170200000000000;Ак-Суйский р-н;41702205000000000;241441;ЦОВП Ак-Суйского района;Центр общеврачебной практики Ак-Суйского района;98;0;6;6;0;6;6;0;1;1;0;1;1
Иссык-Кульская обл.;4170200000000000;Ак-Суйский р-н;41702205000000000;241441;ЦОВП Ак-Суйского района;Центр общеврачебной практики Ак-Суйского района;99;0;0;0;0;0;0;0;1;1;0;1;1
Нарынская обл.;4170400000000000;Ак-Талинский р-н;41704210000000000;441621;ЦОВП Ак-Талинского района Нарынской области;Центр общеврачебной практики Ак-Талинского района Нарынской области;0;128;126;254;128;126;254;1825;1739;3564;1825;1739;3564
Нарынская обл.;4170400000000000;Ак-Талинский р-н;41704210000000000;441621;ЦОВП Ак-Талинского района Нарынской области;Центр общеврачебной практики Ак-Талинского района Нарынской области;1;225;239;464;225;239;464;981;838;1819;981;838;1819
Нарынская обл.;4170400000000000;Ак-Талинский р-н;41704210000000000;441621;ЦОВП Ак-Талинского района Нарынской области;Центр общеврачебной практики Ак-Талинского района Нарынской области;2;276;256;532;276;256;532;1012;973;1985;1012;973;1985
Нарынская обл.;4170400000000000;Ак-Талинский р-н;41704210000000000;441621;ЦОВП Ак-Талинского района Нарынской области;Центр общеврачебной практики Ак-Талинского района Нарынской области;3;337;300;637;337;300;637;841;718;1559;841;718;1559
Нарынская обл.;4170400000000000;Ак-Талинский р-н;41704210000000000;441621;ЦОВП Ак-Талинского района Нарынской области;Центр общеврачебной практики Ак-Талинского района Нарынской области;4;325;315;640;325;315;640;699;667;1366;699;667;1366
Нарынская обл.;4170400000000000;Ак-Талинский р-н;41704210000000000;441621;ЦОВП Ак-Талинского района Нарынской области;Центр общеврачебной практики Ак-Талинского района Нарынской области;5;346;311;657;346;311;657;803;691;1494;803;691;1494
Нарынская обл.;4170400000000000;Ак-Талинский р-н;41704210000000000;441621;ЦОВП Ак-Талинского района Нарынской области;Центр общеврачебной практики Ак-Талинского района Нарынской области;6;337;352;689;337;352;689;834;818;1652;834;818;1652
Нарынская обл.;4170400000000000;Ак-Талинский р-н;41704210000000000;441621;ЦОВП Ак-Талинского района Нарынской области;Центр общеврачебной практики Ак-Талинского района Нарынской области;7;328;375;703;328;375;703;645;544;1189;645;544;1189
Нарынская обл.;4170400000000000;Ак-Талинский р-н;41704210000000000;441621;ЦОВП Ак-Талинского района Нарынской области;Центр общеврачебной практики Ак-Талинского района Нарынской области;8;324;380;704;324;380;704;587;507;1094;587;507;1094
Нарынская обл.;4170400000000000;Ак-Талинский р-н;41704210000000000;441621;ЦОВП Ак-Талинского района Нарынской области;Центр общеврачебной практики Ак-Талинского района Нарынской области;9;316;435;751;316;435;751;510;599;1109;510;599;1109
Нарынская обл.;4170400000000000;Ак-Талинский р-н;41704210000000000;441621;ЦОВП Ак-Талинского района Нарынской области;Центр общеврачебной практики Ак-Талинского района Нарынской области;10;354;508;862;354;508;862;632;694;1326;632;694;1326
Нарынская обл.;4170400000000000;Ак-Талинский р-н;41704210000000000;441621;ЦОВП Ак-Талинского района Нарынской области;Центр общеврачебной практики Ак-Талинского района Нарынской области;11;376;456;832;376;456;832;856;886;1742;856;886;1742
Нарынская обл.;4170400000000000;Ак-Талинский р-н;41704210000000000;441621;ЦОВП Ак-Талинского района Нарынской области;Центр общеврачебной практики Ак-Талинского района Нарынской области;12;363;461;824;363;461;824;552;605;1157;552;605;1157
Нарынская обл.;4170400000000000;Ак-Талинский р-н;41704210000000000;441621;ЦОВП Ак-Талинского района Нарынской области;Центр общеврачебной практики Ак-Талинского района Нарынской области;13;372;395;767;372;395;767;646;562;1208;646;562;1208
Нарынская обл.;4170400000000000;Ак-Талинский р-н;41704210000000000;441621;ЦОВП Ак-Талинского района Нарынской области;Центр общеврачебной практики Ак-Талинского района Нарынской области;14;322;374;696;322;374;696;550;639;1189;550;639;1189
Нарынская обл.;4170400000000000;Ак-Талинский р-н;41704210000000000;441621;ЦОВП Ак-Талинского района Нарынской области;Центр общеврачебной практики Ак-Талинского района Нарынской области;15;312;401;713;312;401;713;1217;812;2029;1217;812;2029
Нарынская обл.;4170400000000000;Ак-Талинский р-н;41704210000000000;441621;ЦОВП Ак-Талинского района Нарынской области;Центр общеврачебной практики Ак-Талинского района Нарынской области;16;348;383;731;348;383;731;961;825;1786;947;815;1762
Нарынская обл.;4170400000000000;Ак-Талинский р-н;41704210000000000;441621;ЦОВП Ак-Талинского района Нарынской области;Центр общеврачебной практики Ак-Талинского района Нарынской области;17;319;378;697;309;366;675;944;981;1925;893;902;1795
Нарынская обл.;4170400000000000;Ак-Талинский р-н;41704210000000000;441621;ЦОВП Ак-Талинского района Нарынской области;Центр общеврачебной практики Ак-Талинского района Нарынской области;18;306;327;633;296;323;619;916;783;1699;819;650;1469
Нарынская обл.;4170400000000000;Ак-Талинский р-н;41704210000000000;441621;ЦОВП Ак-Талинского района Нарынской области;Центр общеврачебной практики Ак-Талинского района Нарынской области;19;284;324;608;158;180;338;616;583;1199;146;150;296
Нарынская обл.;4170400000000000;Ак-Талинский р-н;41704210000000000;441621;ЦОВП Ак-Талинского района Нарынской области;Центр общеврачебной практики Ак-Талинского района Нарынской области;20;286;315;601;34;41;75;423;530;953;76;173;249
Нарынская обл.;4170400000000000;Ак-Талинский р-н;41704210000000000;441621;ЦОВП Ак-Талинского района Нарынской области;Центр общеврачебной практики Ак-Талинского района Нарынской области;21;313;334;647;43;73;116;413;619;1032;90;316;406
Нарынская обл.;4170400000000000;Ак-Талинский р-н;41704210000000000;441621;ЦОВП Ак-Талинского района Нарынской области;Центр общеврачебной практики Ак-Талинского района Нарынской области;22;316;295;611;38;55;93;380;582;962;64;316;380
Нарынская обл.;4170400000000000;Ак-Талинский р-н;41704210000000000;441621;ЦОВП Ак-Талинского района Нарынской области;Центр общеврачебной практики Ак-Талинского района Нарынской области;23;274;295;569;36;73;109;366;516;882;97;299;396
Нарынская обл.;4170400000000000;Ак-Талинский р-н;41704210000000000;441621;ЦОВП Ак-Талинского района Нарынской области;Центр общеврачебной практики Ак-Талинского района Нарынской области;24;235;279;514;41;77;118;226;575;801;80;368;448
Нарынская обл.;4170400000000000;Ак-Талинский р-н;41704210000000000;441621;ЦОВП Ак-Талинского района Нарынской области;Центр общеврачебной практики Ак-Талинского района Нарынской области;25;256;249;505;44;86;130;330;523;853;100;311;411
Нарынская обл.;4170400000000000;Ак-Талинский р-н;41704210000000000;441621;ЦОВП Ак-Талинского района Нарынской области;Центр общеврачебной практики Ак-Талинского района Нарынской области;26;243;253;496;53;104;157;269;565;834;120;378;498
Нарынская обл.;4170400000000000;Ак-Талинский р-н;41704210000000000;441621;ЦОВП Ак-Талинского района Нарынской области;Центр общеврачебной практики Ак-Талинского района Нарынской области;27;256;185;441;81;92;173;285;532;817;141;414;555
Нарынская обл.;4170400000000000;Ак-Талинский р-н;41704210000000000;441621;ЦОВП Ак-Талинского района Нарынской области;Центр общеврачебной практики Ак-Талинского района Нарынской области;28;278;203;481;85;122;207;342;682;1024;165;487;652
Нарынская обл.;4170400000000000;Ак-Талинский р-н;41704210000000000;441621;ЦОВП Ак-Талинского района Нарынской области;Центр общеврачебной практики Ак-Талинского района Нарынской области;29;297;198;495;110;107;217;402;638;1040;214;420;634
Нарынская обл.;4170400000000000;Ак-Талинский р-н;41704210000000000;441621;ЦОВП Ак-Талинского района Нарынской области;Центр общеврачебной практики Ак-Талинского района Нарынской области;30;327;202;529;143;119;262;348;689;1037;211;549;760
Нарынская обл.;4170400000000000;Ак-Талинский р-н;41704210000000000;441621;ЦОВП Ак-Талинского района Нарынской области;Центр общеврачебной практики Ак-Талинского района Нарынской области;31;282;222;504;122;146;268;368;907;1275;222;776;998
Нарынская обл.;4170400000000000;Ак-Талинский р-н;41704210000000000;441621;ЦОВП Ак-Талинского района Нарынской области;Центр общеврачебной практики Ак-Талинского района Нарынской области;32;309;255;564;155;182;337;364;924;1288;219;847;1066
Нарынская обл.;4170400000000000;Ак-Талинский р-н;41704210000000000;441621;ЦОВП Ак-Талинского района Нарынской области;Центр общеврачебной практики Ак-Талинского района Нарынской области;33;250;215;465;130;161;291;270;591;861;194;547;741
Нарынская обл.;4170400000000000;Ак-Талинский р-н;41704210000000000;441621;ЦОВП Ак-Талинского района Нарынской области;Центр общеврачебной практики Ак-Талинского района Нарынской области;34;242;189;431;132;131;263;350;645;995;213;557;770
Нарынская обл.;4170400000000000;Ак-Талинский р-н;41704210000000000;441621;ЦОВП Ак-Талинского района Нарынской области;Центр общеврачебной практики Ак-Талинского района Нарынской области;35;268;209;477;155;159;314;436;802;1238;300;726;1026
Нарынская обл.;4170400000000000;Ак-Талинский р-н;41704210000000000;441621;ЦОВП Ак-Талинского района Нарынской области;Центр общеврачебной практики Ак-Талинского района Нарынской области;36;282;227;509;170;167;337;367;773;1140;291;686;977
Нарынская обл.;4170400000000000;Ак-Талинский р-н;41704210000000000;441621;ЦОВП Ак-Талинского района Нарынской области;Центр общеврачебной практики Ак-Талинского района Нарынской области;37;263;202;465;155;143;298;311;583;894;223;523;746
Нарынская обл.;4170400000000000;Ак-Талинский р-н;41704210000000000;441621;ЦОВП Ак-Талинского района Нарынской области;Центр общеврачебной практики Ак-Талинского района Нарынской области;38;238;185;423;121;142;263;303;606;909;194;562;756
Нарынская обл.;4170400000000000;Ак-Талинский р-н;41704210000000000;441621;ЦОВП Ак-Талинского района Нарынской области;Центр общеврачебной практики Ак-Талинского района Нарынской области;39;212;180;392;113;146;259;290;565;855;206;497;703
Нарынская обл.;4170400000000000;Ак-Талинский р-н;41704210000000000;441621;ЦОВП Ак-Талинского района Нарынской области;Центр общеврачебной практики Ак-Талинского района Нарынской области;40;219;180;399;114;137;251;271;645;916;193;618;811
Нарынская обл.;4170400000000000;Ак-Талинский р-н;41704210000000000;441621;ЦОВП Ак-Талинского района Нарынской области;Центр общеврачебной практики Ак-Талинского района Нарынской области;41;177;183;360;103;146;249;279;548;827;210;497;707
Нарынская обл.;4170400000000000;Ак-Талинский р-н;41704210000000000;441621;ЦОВП Ак-Талинского района Нарынской области;Центр общеврачебной практики Ак-Талинского района Нарынской области;42;184;173;357;111;134;245;262;534;796;196;501;697
Нарынская обл.;4170400000000000;Ак-Талинский р-н;41704210000000000;441621;ЦОВП Ак-Талинского района Нарынской области;Центр общеврачебной практики Ак-Талинского района Нарынской области;43;165;168;333;89;123;212;249;532;781;180;469;649
Нарынская обл.;4170400000000000;Ак-Талинский р-н;41704210000000000;441621;ЦОВП Ак-Талинского района Нарынской области;Центр общеврачебной практики Ак-Талинского района Нарынской области;44;151;153;304;103;113;216;291;423;714;232;383;615
Нарынская обл.;4170400000000000;Ак-Талинский р-н;41704210000000000;441621;ЦОВП Ак-Талинского района Нарынской области;Центр общеврачебной практики Ак-Талинского района Нарынской области;45;165;146;311;109;108;217;261;483;744;210;421;631
Нарынская обл.;4170400000000000;Ак-Талинский р-н;41704210000000000;441621;ЦОВП Ак-Талинского района Нарынской области;Центр общеврачебной практики Ак-Талинского района Нарынской области;46;163;160;323;93;113;206;312;525;837;244;456;700
Нарынская обл.;4170400000000000;Ак-Талинский р-н;41704210000000000;441621;ЦОВП Ак-Талинского района Нарынской области;Центр общеврачебной практики Ак-Талинского района Нарынской области;47;189;153;342;117;104;221;289;425;714;222;374;596
Нарынская обл.;4170400000000000;Ак-Талинский р-н;41704210000000000;441621;ЦОВП Ак-Талинского района Нарынской области;Центр общеврачебной практики Ак-Талинского района Нарынской области;48;156;171;327;103;122;225;294;527;821;219;487;706
Нарынская обл.;4170400000000000;Ак-Талинский р-н;41704210000000000;441621;ЦОВП Ак-Талинского района Нарынской области;Центр общеврачебной практики Ак-Талинского района Нарынской области;49;160;166;326;95;126;221;263;500;763;205;442;647
Нарынская обл.;4170400000000000;Ак-Талинский р-н;41704210000000000;441621;ЦОВП Ак-Талинского района Нарынской области;Центр общеврачебной практики Ак-Талинского района Нарынской области;50;150;146;296;97;107;204;289;525;814;227;485;712
Нарынская обл.;4170400000000000;Ак-Талинский р-н;41704210000000000;441621;ЦОВП Ак-Талинского района Нарынской области;Центр общеврачебной практики Ак-Талинского района Нарынской области;51;173;154;327;114;123;237;389;461;850;309;422;731
Нарынская обл.;4170400000000000;Ак-Талинский р-н;41704210000000000;441621;ЦОВП Ак-Талинского района Нарынской области;Центр общеврачебной практики Ак-Талинского района Нарынской области;52;167;153;320;103;126;229;248;485;733;163;464;627
Нарынская обл.;4170400000000000;Ак-Талинский р-н;41704210000000000;441621;ЦОВП Ак-Талинского района Нарынской области;Центр общеврачебной практики Ак-Талинского района Нарынской области;53;134;158;292;91;125;216;313;436;749;235;414;649
Нарынская обл.;4170400000000000;Ак-Талинский р-н;41704210000000000;441621;ЦОВП Ак-Талинского района Нарынской области;Центр общеврачебной практики Ак-Талинского района Нарынской области;54;166;146;312;103;119;222;295;426;721;242;397;639
Нарынская обл.;4170400000000000;Ак-Талинский р-н;41704210000000000;441621;ЦОВП Ак-Талинского района Нарынской области;Центр общеврачебной практики Ак-Талинского района Нарынской области;55;134;147;281;94;118;212;326;448;774;262;437;699
Нарынская обл.;4170400000000000;Ак-Талинский р-н;41704210000000000;441621;ЦОВП Ак-Талинского района Нарынской области;Центр общеврачебной практики Ак-Талинского района Нарынской области;56;150;144;294;107;130;237;355;435;790;304;407;711
Нарынская обл.;4170400000000000;Ак-Талинский р-н;41704210000000000;441621;ЦОВП Ак-Талинского района Нарынской области;Центр общеврачебной практики Ак-Талинского района Нарынской области;57;148;143;291;117;128;245;299;424;723;249;410;659
Нарынская обл.;4170400000000000;Ак-Талинский р-н;41704210000000000;441621;ЦОВП Ак-Талинского района Нарынской области;Центр общеврачебной практики Ак-Талинского района Нарынской области;58;139;121;260;98;112;210;231;426;657;194;422;616
Нарынская обл.;4170400000000000;Ак-Талинский р-н;41704210000000000;441621;ЦОВП Ак-Талинского района Нарынской области;Центр общеврачебной практики Ак-Талинского района Нарынской области;59;107;156;263;82;147;229;201;374;575;178;356;534
Нарынская обл.;4170400000000000;Ак-Талинский р-н;41704210000000000;441621;ЦОВП Ак-Талинского района Нарынской области;Центр общеврачебной практики Ак-Талинского района Нарынской области;60;130;135;265;92;124;216;245;441;686;201;419;620
Нарынская обл.;4170400000000000;Ак-Талинский р-н;41704210000000000;441621;ЦОВП Ак-Талинского района Нарынской области;Центр общеврачебной практики Ак-Талинского района Нарынской области;61;132;160;292;107;148;255;209;407;616;200;386;586
Нарынская обл.;4170400000000000;Ак-Талинский р-н;41704210000000000;441621;ЦОВП Ак-Талинского района Нарынской области;Центр общеврачебной практики Ак-Талинского района Нарынской области;62;127;149;276;107;138;245;275;362;637;239;350;589
Нарынская обл.;4170400000000000;Ак-Талинский р-н;41704210000000000;441621;ЦОВП Ак-Талинского района Нарынской области;Центр общеврачебной практики Ак-Талинского района Нарынской области;63;111;139;250;98;130;228;197;344;541;182;327;509
Нарынская обл.;4170400000000000;Ак-Талинский р-н;41704210000000000;441621;ЦОВП Ак-Талинского района Нарынской области;Центр общеврачебной практики Ак-Талинского района Нарынской области;64;141;128;269;126;121;247;193;265;458;183;258;441
Нарынская обл.;4170400000000000;Ак-Талинский р-н;41704210000000000;441621;ЦОВП Ак-Талинского района Нарынской области;Центр общеврачебной практики Ак-Талинского района Нарынской области;65;93;135;228;83;133;216;161;359;520;153;352;505
Нарынская обл.;4170400000000000;Ак-Талинский р-н;41704210000000000;441621;ЦОВП Ак-Талинского района Нарынской области;Центр общеврачебной практики Ак-Талинского района Нарынской области;66;79;135;214;76;131;207;159;328;487;153;327;480
Нарынская обл.;4170400000000000;Ак-Талинский р-н;41704210000000000;441621;ЦОВП Ак-Талинского района Нарынской области;Центр общеврачебной практики Ак-Талинского района Нарынской области;67;72;115;187;72;115;187;176;234;410;167;230;397
Нарынская обл.;4170400000000000;Ак-Талинский р-н;41704210000000000;441621;ЦОВП Ак-Талинского района Нарынской области;Центр общеврачебной практики Ак-Талинского района Нарынской области;68;72;107;179;70;104;174;131;218;349;119;209;328
Нарынская обл.;4170400000000000;Ак-Талинский р-н;41704210000000000;441621;ЦОВП Ак-Талинского района Нарынской области;Центр общеврачебной практики Ак-Талинского района Нарынской области;69;70;74;144;69;74;143;117;152;269;113;150;263
Нарынская обл.;4170400000000000;Ак-Талинский р-н;41704210000000000;441621;ЦОВП Ак-Талинского района Нарынской области;Центр общеврачебной практики Ак-Талинского района Нарынской области;70;69;83;152;69;82;151;161;172;333;156;170;326
Нарынская обл.;4170400000000000;Ак-Талинский р-н;41704210000000000;441621;ЦОВП Ак-Талинского района Нарынской области;Центр общеврачебной практики Ак-Талинского района Нарынской области;71;45;74;119;43;74;117;127;144;271;126;141;267
Нарынская обл.;4170400000000000;Ак-Талинский р-н;41704210000000000;441621;ЦОВП Ак-Талинского района Нарынской области;Центр общеврачебной практики Ак-Талинского района Нарынской области;72;55;75;130;55;71;126;97;141;238;97;139;236
Нарынская обл.;4170400000000000;Ак-Талинский р-н;41704210000000000;441621;ЦОВП Ак-Талинского района Нарынской области;Центр общеврачебной практики Ак-Талинского района Нарынской области;73;54;84;138;52;84;136;131;154;285;131;153;284
Нарынская обл.;4170400000000000;Ак-Талинский р-н;41704210000000000;441621;ЦОВП Ак-Талинского района Нарынской области;Центр общеврачебной практики Ак-Талинского района Нарынской области;74;37;70;107;37;69;106;55;69;124;55;65;120
Нарынская обл.;4170400000000000;Ак-Талинский р-н;41704210000000000;441621;ЦОВП Ак-Талинского района Нарынской области;Центр общеврачебной практики Ак-Талинского района Нарынской области;75;28;37;65;27;37;64;48;73;121;48;65;113
Нарынская обл.;4170400000000000;Ак-Талинский р-н;41704210000000000;441621;ЦОВП Ак-Талинского района Нарынской области;Центр общеврачебной практики Ак-Талинского района Нарынской области;76;20;38;58;18;38;56;54;74;128;49;74;123
Нарынская обл.;4170400000000000;Ак-Талинский р-н;41704210000000000;441621;ЦОВП Ак-Талинского района Нарынской области;Центр общеврачебной практики Ак-Талинского района Нарынской области;77;18;40;58;17;38;55;24;53;77;24;51;75
Нарынская обл.;4170400000000000;Ак-Талинский р-н;41704210000000000;441621;ЦОВП Ак-Талинского района Нарынской области;Центр общеврачебной практики Ак-Талинского района Нарынской области;78;14;12;26;14;11;25;11;11;22;11;9;20
Нарынская обл.;4170400000000000;Ак-Талинский р-н;41704210000000000;441621;ЦОВП Ак-Талинского района Нарынской области;Центр общеврачебной практики Ак-Талинского района Нарынской области;79;7;12;19;7;12;19;18;13;31;18;10;28
Нарынская обл.;4170400000000000;Ак-Талинский р-н;41704210000000000;441621;ЦОВП Ак-Талинского района Нарынской области;Центр общеврачебной практики Ак-Талинского района Нарынской области;80;3;5;8;3;5;8;11;12;23;11;12;23
Нарынская обл.;4170400000000000;Ак-Талинский р-н;41704210000000000;441621;ЦОВП Ак-Талинского района Нарынской области;Центр общеврачебной практики Ак-Талинского района Нарынской области;81;10;8;18;10;8;18;16;23;39;16;20;36
Нарынская обл.;4170400000000000;Ак-Талинский р-н;41704210000000000;441621;ЦОВП Ак-Талинского района Нарынской области;Центр общеврачебной практики Ак-Талинского района Нарынской области;82;17;30;47;17;30;47;18;39;57;17;37;54
Нарынская обл.;4170400000000000;Ак-Талинский р-н;41704210000000000;441621;ЦОВП Ак-Талинского района Нарынской области;Центр общеврачебной практики Ак-Талинского района Нарынской области;83;8;22;30;8;22;30;10;40;50;10;40;50
Нарынская обл.;4170400000000000;Ак-Талинский р-н;41704210000000000;441621;ЦОВП Ак-Талинского района Нарынской области;Центр общеврачебной практики Ак-Талинского района Нарынской области;84;14;39;53;14;39;53;13;37;50;12;37;49
Нарынская обл.;4170400000000000;Ак-Талинский р-н;41704210000000000;441621;ЦОВП Ак-Талинского района Нарынской области;Центр общеврачебной практики Ак-Талинского района Нарынской области;85;14;25;39;14;24;38;7;15;22;7;15;22
Нарынская обл.;4170400000000000;Ак-Талинский р-н;41704210000000000;441621;ЦОВП Ак-Талинского района Нарынской области;Центр общеврачебной практики Ак-Талинского района Нарынской области;86;10;19;29;10;19;29;5;31;36;5;30;35
Нарынская обл.;4170400000000000;Ак-Талинский р-н;41704210000000000;441621;ЦОВП Ак-Талинского района Нарынской области;Центр общеврачебной практики Ак-Талинского района Нарынской области;87;6;13;19;6;12;18;5;26;31;5;24;29
Нарынская обл.;4170400000000000;Ак-Талинский р-н;41704210000000000;441621;ЦОВП Ак-Талинского района Нарынской области;Центр общеврачебной практики Ак-Талинского района Нарынской области;88;4;17;21;4;17;21;5;13;18;5;13;18
Нарынская обл.;4170400000000000;Ак-Талинский р-н;41704210000000000;441621;ЦОВП Ак-Талинского района Нарынской области;Центр общеврачебной практики Ак-Талинского района Нарынской области;89;5;17;22;5;17;22;2;15;17;2;13;15
Нарынская обл.;4170400000000000;Ак-Талинский р-н;41704210000000000;441621;ЦОВП Ак-Талинского района Нарынской области;Центр общеврачебной практики Ак-Талинского района Нарынской области;90;1;15;16;1;14;15;1;15;16;1;14;15
Нарынская обл.;4170400000000000;Ак-Талинский р-н;41704210000000000;441621;ЦОВП Ак-Талинского района Нарынской области;Центр общеврачебной практики Ак-Талинского района Нарынской области;92;1;14;15;1;14;15;4;4;8;4;4;8
Нарынская обл.;4170400000000000;Ак-Талинский р-н;41704210000000000;441621;ЦОВП Ак-Талинского района Нарынской области;Центр общеврачебной практики Ак-Талинского района Нарынской области;93;0;5;5;0;5;5;0;1;1;0;1;1
Нарынская обл.;4170400000000000;Ак-Талинский р-н;41704210000000000;441621;ЦОВП Ак-Талинского района Нарынской области;Центр общеврачебной практики Ак-Талинского района Нарынской области;94;0;6;6;0;6;6;0;2;2;0;2;2
Нарынская обл.;4170400000000000;Ак-Талинский р-н;41704210000000000;441621;ЦОВП Ак-Талинского района Нарынской области;Центр общеврачебной практики Ак-Талинского района Нарынской области;96;2;11;13;2;11;13;0;1;1;0;1;1
Джалал-Абадская обл.;4170300000000000;Аксыйский р-н;41703211000000000;341561;ЦОВП АКСЫЙСКОГО РАЙОНА;Центр общеврачебной практики Аксыйского района Жалал-Абадской области;0;839;808;1647;839;808;1647;3250;2986;6236;3250;2986;6236
Джалал-Абадская обл.;4170300000000000;Аксыйский р-н;41703211000000000;341561;ЦОВП АКСЫЙСКОГО РАЙОНА;Центр общеврачебной практики Аксыйского района Жалал-Абадской области;1;1213;1245;2458;1213;1245;2458;1579;1418;2997;1579;1418;2997
Джалал-Абадская обл.;4170300000000000;Аксыйский р-н;41703211000000000;341561;ЦОВП АКСЫЙСКОГО РАЙОНА;Центр общеврачебной практики Аксыйского района Жалал-Абадской области;2;1270;1280;2550;1270;1280;2550;1319;1236;2555;1319;1236;2555
Джалал-Абадская обл.;4170300000000000;Аксыйский р-н;41703211000000000;341561;ЦОВП АКСЫЙСКОГО РАЙОНА;Центр общеврачебной практики Аксыйского района Жалал-Абадской области;3;1414;1424;2838;1414;1424;2838;1025;986;2011;1025;986;2011
Джалал-Абадская обл.;4170300000000000;Аксыйский р-н;41703211000000000;341561;ЦОВП АКСЫЙСКОГО РАЙОНА;Центр общеврачебной практики Аксыйского района Жалал-Абадской области;4;1327;1394;2721;1327;1394;2721;928;914;1842;928;914;1842
Джалал-Абадская обл.;4170300000000000;Аксыйский р-н;41703211000000000;341561;ЦОВП АКСЫЙСКОГО РАЙОНА;Центр общеврачебной практики Аксыйского района Жалал-Абадской области;5;1215;1431;2646;1215;1431;2646;905;936;1841;905;936;1841
Джалал-Абадская обл.;4170300000000000;Аксыйский р-н;41703211000000000;341561;ЦОВП АКСЫЙСКОГО РАЙОНА;Центр общеврачебной практики Аксыйского района Жалал-Абадской области;6;1389;1721;3110;1389;1721;3110;1008;965;1973;1008;965;1973
Джалал-Абадская обл.;4170300000000000;Аксыйский р-н;41703211000000000;341561;ЦОВП АКСЫЙСКОГО РАЙОНА;Центр общеврачебной практики Аксыйского района Жалал-Абадской области;7;1371;1669;3040;1371;1669;3040;483;419;902;483;419;902
Джалал-Абадская обл.;4170300000000000;Аксыйский р-н;41703211000000000;341561;ЦОВП АКСЫЙСКОГО РАЙОНА;Центр общеврачебной практики Аксыйского района Жалал-Абадской области;8;1284;1954;3238;1284;1954;3238;308;335;643;308;335;643
Джалал-Абадская обл.;4170300000000000;Аксыйский р-н;41703211000000000;341561;ЦОВП АКСЫЙСКОГО РАЙОНА;Центр общеврачебной практики Аксыйского района Жалал-Абадской области;9;1344;2457;3801;1344;2457;3801;296;285;581;296;285;581
Джалал-Абадская обл.;4170300000000000;Аксыйский р-н;41703211000000000;341561;ЦОВП АКСЫЙСКОГО РАЙОНА;Центр общеврачебной практики Аксыйского района Жалал-Абадской области;10;1294;2338;3632;1294;2338;3632;313;272;585;313;272;585
Джалал-Абадская обл.;4170300000000000;Аксыйский р-н;41703211000000000;341561;ЦОВП АКСЫЙСКОГО РАЙОНА;Центр общеврачебной практики Аксыйского района Жалал-Абадской области;11;1232;2082;3314;1232;2082;3314;331;284;615;331;284;615
Джалал-Абадская обл.;4170300000000000;Аксыйский р-н;41703211000000000;341561;ЦОВП АКСЫЙСКОГО РАЙОНА;Центр общеврачебной практики Аксыйского района Жалал-Абадской области;12;1272;2080;3352;1272;2080;3352;227;232;459;227;232;459
Джалал-Абадская обл.;4170300000000000;Аксыйский р-н;41703211000000000;341561;ЦОВП АКСЫЙСКОГО РАЙОНА;Центр общеврачебной практики Аксыйского района Жалал-Абадской области;13;1277;2063;3340;1277;2063;3340;296;254;550;296;254;550
Джалал-Абадская обл.;4170300000000000;Аксыйский р-н;41703211000000000;341561;ЦОВП АКСЫЙСКОГО РАЙОНА;Центр общеврачебной практики Аксыйского района Жалал-Абадской области;14;1239;1877;3116;1239;1877;3116;382;407;789;382;407;789
Джалал-Абадская обл.;4170300000000000;Аксыйский р-н;41703211000000000;341561;ЦОВП АКСЫЙСКОГО РАЙОНА;Центр общеврачебной практики Аксыйского района Жалал-Абадской области;15;1181;1810;2991;1181;1810;2991;459;437;896;459;437;896
Джалал-Абадская обл.;4170300000000000;Аксыйский р-н;41703211000000000;341561;ЦОВП АКСЫЙСКОГО РАЙОНА;Центр общеврачебной практики Аксыйского района Жалал-Абадской области;16;1084;1697;2781;1084;1697;2781;455;406;861;436;391;827
Джалал-Абадская обл.;4170300000000000;Аксыйский р-н;41703211000000000;341561;ЦОВП АКСЫЙСКОГО РАЙОНА;Центр общеврачебной практики Аксыйского района Жалал-Абадской области;17;1135;1608;2743;979;1474;2453;508;576;1084;410;490;900
Джалал-Абадская обл.;4170300000000000;Аксыйский р-н;41703211000000000;341561;ЦОВП АКСЫЙСКОГО РАЙОНА;Центр общеврачебной практики Аксыйского района Жалал-Абадской области;18;1002;1542;2544;867;1394;2261;448;1032;1480;319;768;1087
Джалал-Абадская обл.;4170300000000000;Аксыйский р-н;41703211000000000;341561;ЦОВП АКСЫЙСКОГО РАЙОНА;Центр общеврачебной практики Аксыйского района Жалал-Абадской области;19;1047;1477;2524;655;1145;1800;291;979;1270;133;589;722
Джалал-Абадская обл.;4170300000000000;Аксыйский р-н;41703211000000000;341561;ЦОВП АКСЫЙСКОГО РАЙОНА;Центр общеврачебной практики Аксыйского района Жалал-Абадской области;20;968;1523;2491;503;1086;1589;271;942;1213;141;440;581
Джалал-Абадская обл.;4170300000000000;Аксыйский р-н;41703211000000000;341561;ЦОВП АКСЫЙСКОГО РАЙОНА;Центр общеврачебной практики Аксыйского района Жалал-Абадской области;21;899;1495;2394;289;693;982;173;764;937;32;217;249
Джалал-Абадская обл.;4170300000000000;Аксыйский р-н;41703211000000000;341561;ЦОВП АКСЫЙСКОГО РАЙОНА;Центр общеврачебной практики Аксыйского района Жалал-Абадской области;22;841;1393;2234;65;198;263;117;897;1014;23;400;423
Джалал-Абадская обл.;4170300000000000;Аксыйский р-н;41703211000000000;341561;ЦОВП АКСЫЙСКОГО РАЙОНА;Центр общеврачебной практики Аксыйского района Жалал-Абадской области;23;867;1463;2330;70;334;404;182;747;929;20;316;336
Джалал-Абадская обл.;4170300000000000;Аксыйский р-н;41703211000000000;341561;ЦОВП АКСЫЙСКОГО РАЙОНА;Центр общеврачебной практики Аксыйского района Жалал-Абадской области;24;891;1358;2249;72;332;404;178;836;1014;27;373;400
Джалал-Абадская обл.;4170300000000000;Аксыйский р-н;41703211000000000;341561;ЦОВП АКСЫЙСКОГО РАЙОНА;Центр общеврачебной практики Аксыйского района Жалал-Абадской области;25;926;1331;2257;95;241;336;162;747;909;28;432;460
Джалал-Абадская обл.;4170300000000000;Аксыйский р-н;41703211000000000;341561;ЦОВП АКСЫЙСКОГО РАЙОНА;Центр общеврачебной практики Аксыйского района Жалал-Абадской области;26;1020;1206;2226;131;282;413;208;874;1082;44;462;506
Джалал-Абадская обл.;4170300000000000;Аксыйский р-н;41703211000000000;341561;ЦОВП АКСЫЙСКОГО РАЙОНА;Центр общеврачебной практики Аксыйского района Жалал-Абадской области;27;910;1103;2013;126;341;467;168;913;1081;24;561;585
Джалал-Абадская обл.;4170300000000000;Аксыйский р-н;41703211000000000;341561;ЦОВП АКСЫЙСКОГО РАЙОНА;Центр общеврачебной практики Аксыйского района Жалал-Абадской области;28;912;1042;1954;142;412;554;174;988;1162;56;531;587
Джалал-Абадская обл.;4170300000000000;Аксыйский р-н;41703211000000000;341561;ЦОВП АКСЫЙСКОГО РАЙОНА;Центр общеврачебной практики Аксыйского района Жалал-Абадской области;29;1001;963;1964;188;402;590;210;830;1040;85;558;643
Джалал-Абадская обл.;4170300000000000;Аксыйский р-н;41703211000000000;341561;ЦОВП АКСЫЙСКОГО РАЙОНА;Центр общеврачебной практики Аксыйского района Жалал-Абадской области;30;952;984;1936;338;516;854;258;862;1120;100;603;703
Джалал-Абадская обл.;4170300000000000;Аксыйский р-н;41703211000000000;341561;ЦОВП АКСЫЙСКОГО РАЙОНА;Центр общеврачебной практики Аксыйского района Жалал-Абадской области;31;905;924;1829;349;508;857;238;846;1084;147;624;771
Джалал-Абадская обл.;4170300000000000;Аксыйский р-н;41703211000000000;341561;ЦОВП АКСЫЙСКОГО РАЙОНА;Центр общеврачебной практики Аксыйского района Жалал-Абадской области;32;961;969;1930;398;545;943;243;818;1061;119;602;721
Джалал-Абадская обл.;4170300000000000;Аксыйский р-н;41703211000000000;341561;ЦОВП АКСЫЙСКОГО РАЙОНА;Центр общеврачебной практики Аксыйского района Жалал-Абадской области;33;940;842;1782;389;482;871;231;751;982;117;558;675
Джалал-Абадская обл.;4170300000000000;Аксыйский р-н;41703211000000000;341561;ЦОВП АКСЫЙСКОГО РАЙОНА;Центр общеврачебной практики Аксыйского района Жалал-Абадской области;34;951;953;1904;407;576;983;237;768;1005;138;579;717
Джалал-Абадская обл.;4170300000000000;Аксыйский р-н;41703211000000000;341561;ЦОВП АКСЫЙСКОГО РАЙОНА;Центр общеврачебной практики Аксыйского района Жалал-Абадской области;35;911;809;1720;439;510;949;212;638;850;118;510;628
Джалал-Абадская обл.;4170300000000000;Аксыйский р-н;41703211000000000;341561;ЦОВП АКСЫЙСКОГО РАЙОНА;Центр общеврачебной практики Аксыйского района Жалал-Абадской области;36;851;867;1718;457;558;1015;253;741;994;152;620;772
Джалал-Абадская обл.;4170300000000000;Аксыйский р-н;41703211000000000;341561;ЦОВП АКСЫЙСКОГО РАЙОНА;Центр общеврачебной практики Аксыйского района Жалал-Абадской области;37;853;852;1705;444;560;1004;198;660;858;121;548;669
Джалал-Абадская обл.;4170300000000000;Аксыйский р-н;41703211000000000;341561;ЦОВП АКСЫЙСКОГО РАЙОНА;Центр общеврачебной практики Аксыйского района Жалал-Абадской области;38;818;818;1636;444;541;985;209;543;752;107;392;499
Джалал-Абадская обл.;4170300000000000;Аксыйский р-н;41703211000000000;341561;ЦОВП АКСЫЙСКОГО РАЙОНА;Центр общеврачебной практики Аксыйского района Жалал-Абадской области;39;776;775;1551;407;505;912;193;528;721;132;431;563
Джалал-Абадская обл.;4170300000000000;Аксыйский р-н;41703211000000000;341561;ЦОВП АКСЫЙСКОГО РАЙОНА;Центр общеврачебной практики Аксыйского района Жалал-Абадской области;40;738;776;1514;419;505;924;217;574;791;147;433;580
Джалал-Абадская обл.;4170300000000000;Аксыйский р-н;41703211000000000;341561;ЦОВП АКСЫЙСКОГО РАЙОНА;Центр общеврачебной практики Аксыйского района Жалал-Абадской области;41;681;755;1436;359;462;821;199;475;674;113;367;480
Джалал-Абадская обл.;4170300000000000;Аксыйский р-н;41703211000000000;341561;ЦОВП АКСЫЙСКОГО РАЙОНА;Центр общеврачебной практики Аксыйского района Жалал-Абадской области;42;644;704;1348;360;440;800;196;516;712;122;418;540
Джалал-Абадская обл.;4170300000000000;Аксыйский р-н;41703211000000000;341561;ЦОВП АКСЫЙСКОГО РАЙОНА;Центр общеврачебной практики Аксыйского района Жалал-Абадской области;43;651;687;1338;351;429;780;154;321;475;93;243;336
Джалал-Абадская обл.;4170300000000000;Аксыйский р-н;41703211000000000;341561;ЦОВП АКСЫЙСКОГО РАЙОНА;Центр общеврачебной практики Аксыйского района Жалал-Абадской области;44;597;608;1205;298;368;666;190;370;560;100;312;412
Джалал-Абадская обл.;4170300000000000;Аксыйский р-н;41703211000000000;341561;ЦОВП АКСЫЙСКОГО РАЙОНА;Центр общеврачебной практики Аксыйского района Жалал-Абадской области;45;617;598;1215;310;363;673;233;330;563;146;270;416
Джалал-Абадская обл.;4170300000000000;Аксыйский р-н;41703211000000000;341561;ЦОВП АКСЫЙСКОГО РАЙОНА;Центр общеврачебной практики Аксыйского района Жалал-Абадской области;46;627;620;1247;329;365;694;308;423;731;195;328;523
Джалал-Абадская обл.;4170300000000000;Аксыйский р-н;41703211000000000;341561;ЦОВП АКСЫЙСКОГО РАЙОНА;Центр общеврачебной практики Аксыйского района Жалал-Абадской области;47;610;611;1221;343;358;701;208;421;629;138;322;460
Джалал-Абадская обл.;4170300000000000;Аксыйский р-н;41703211000000000;341561;ЦОВП АКСЫЙСКОГО РАЙОНА;Центр общеврачебной практики Аксыйского района Жалал-Абадской области;48;573;591;1164;296;341;637;202;454;656;125;356;481
Джалал-Абадская обл.;4170300000000000;Аксыйский р-н;41703211000000000;341561;ЦОВП АКСЫЙСКОГО РАЙОНА;Центр общеврачебной практики Аксыйского района Жалал-Абадской области;49;541;611;1152;273;343;616;202;432;634;113;325;438
Джалал-Абадская обл.;4170300000000000;Аксыйский р-н;41703211000000000;341561;ЦОВП АКСЫЙСКОГО РАЙОНА;Центр общеврачебной практики Аксыйского района Жалал-Абадской области;50;561;591;1152;283;329;612;251;418;669;151;303;454
Джалал-Абадская обл.;4170300000000000;Аксыйский р-н;41703211000000000;341561;ЦОВП АКСЫЙСКОГО РАЙОНА;Центр общеврачебной практики Аксыйского района Жалал-Абадской области;51;561;513;1074;287;285;572;219;382;601;155;286;441
Джалал-Абадская обл.;4170300000000000;Аксыйский р-н;41703211000000000;341561;ЦОВП АКСЫЙСКОГО РАЙОНА;Центр общеврачебной практики Аксыйского района Жалал-Абадской области;52;540;527;1067;264;322;586;181;410;591;117;297;414
Джалал-Абадская обл.;4170300000000000;Аксыйский р-н;41703211000000000;341561;ЦОВП АКСЫЙСКОГО РАЙОНА;Центр общеврачебной практики Аксыйского района Жалал-Абадской области;53;559;523;1082;306;300;606;246;493;739;120;378;498
Джалал-Абадская обл.;4170300000000000;Аксыйский р-н;41703211000000000;341561;ЦОВП АКСЫЙСКОГО РАЙОНА;Центр общеврачебной практики Аксыйского района Жалал-Абадской области;54;485;513;998;267;316;583;197;378;575;117;296;413
Джалал-Абадская обл.;4170300000000000;Аксыйский р-н;41703211000000000;341561;ЦОВП АКСЫЙСКОГО РАЙОНА;Центр общеврачебной практики Аксыйского района Жалал-Абадской области;55;426;484;910;261;300;561;254;532;786;166;418;584
Джалал-Абадская обл.;4170300000000000;Аксыйский р-н;41703211000000000;341561;ЦОВП АКСЫЙСКОГО РАЙОНА;Центр общеврачебной практики Аксыйского района Жалал-Абадской области;56;482;580;1062;289;375;664;237;512;749;174;377;551
Джалал-Абадская обл.;4170300000000000;Аксыйский р-н;41703211000000000;341561;ЦОВП АКСЫЙСКОГО РАЙОНА;Центр общеврачебной практики Аксыйского района Жалал-Абадской области;57;444;463;907;266;296;562;240;434;674;166;360;526
Джалал-Абадская обл.;4170300000000000;Аксыйский р-н;41703211000000000;341561;ЦОВП АКСЫЙСКОГО РАЙОНА;Центр общеврачебной практики Аксыйского района Жалал-Абадской области;58;493;559;1052;316;377;693;332;436;768;257;331;588
Джалал-Абадская обл.;4170300000000000;Аксыйский р-н;41703211000000000;341561;ЦОВП АКСЫЙСКОГО РАЙОНА;Центр общеврачебной практики Аксыйского района Жалал-Абадской области;59;420;482;902;269;350;619;366;471;837;283;347;630
Джалал-Абадская обл.;4170300000000000;Аксыйский р-н;41703211000000000;341561;ЦОВП АКСЫЙСКОГО РАЙОНА;Центр общеврачебной практики Аксыйского района Жалал-Абадской области;60;450;519;969;300;368;668;309;492;801;220;369;589
Джалал-Абадская обл.;4170300000000000;Аксыйский р-н;41703211000000000;341561;ЦОВП АКСЫЙСКОГО РАЙОНА;Центр общеврачебной практики Аксыйского района Жалал-Абадской области;61;453;536;989;303;405;708;317;505;822;218;403;621
Джалал-Абадская обл.;4170300000000000;Аксыйский р-н;41703211000000000;341561;ЦОВП АКСЫЙСКОГО РАЙОНА;Центр общеврачебной практики Аксыйского района Жалал-Абадской области;62;443;493;936;308;358;666;324;536;860;245;422;667
Джалал-Абадская обл.;4170300000000000;Аксыйский р-н;41703211000000000;341561;ЦОВП АКСЫЙСКОГО РАЙОНА;Центр общеврачебной практики Аксыйского района Жалал-Абадской области;63;388;464;852;273;361;634;277;444;721;209;383;592
Джалал-Абадская обл.;4170300000000000;Аксыйский р-н;41703211000000000;341561;ЦОВП АКСЫЙСКОГО РАЙОНА;Центр общеврачебной практики Аксыйского района Жалал-Абадской области;64;417;495;912;303;399;702;257;440;697;211;391;602
Джалал-Абадская обл.;4170300000000000;Аксыйский р-н;41703211000000000;341561;ЦОВП АКСЫЙСКОГО РАЙОНА;Центр общеврачебной практики Аксыйского района Жалал-Абадской области;65;354;414;768;285;373;658;257;434;691;212;389;601
Джалал-Абадская обл.;4170300000000000;Аксыйский р-н;41703211000000000;341561;ЦОВП АКСЫЙСКОГО РАЙОНА;Центр общеврачебной практики Аксыйского района Жалал-Абадской области;66;314;422;736;245;375;620;263;414;677;205;383;588
Джалал-Абадская обл.;4170300000000000;Аксыйский р-н;41703211000000000;341561;ЦОВП АКСЫЙСКОГО РАЙОНА;Центр общеврачебной практики Аксыйского района Жалал-Абадской области;67;333;415;748;255;373;628;206;394;600;168;356;524
Джалал-Абадская обл.;4170300000000000;Аксыйский р-н;41703211000000000;341561;ЦОВП АКСЫЙСКОГО РАЙОНА;Центр общеврачебной практики Аксыйского района Жалал-Абадской области;68;261;443;704;212;402;614;189;362;551;159;316;475
Джалал-Абадская обл.;4170300000000000;Аксыйский р-н;41703211000000000;341561;ЦОВП АКСЫЙСКОГО РАЙОНА;Центр общеврачебной практики Аксыйского района Жалал-Абадской области;69;259;413;672;212;382;594;224;355;579;177;284;461
Джалал-Абадская обл.;4170300000000000;Аксыйский р-н;41703211000000000;341561;ЦОВП АКСЫЙСКОГО РАЙОНА;Центр общеврачебной практики Аксыйского района Жалал-Абадской области;70;212;317;529;174;288;462;181;263;444;156;239;395
Джалал-Абадская обл.;4170300000000000;Аксыйский р-н;41703211000000000;341561;ЦОВП АКСЫЙСКОГО РАЙОНА;Центр общеврачебной практики Аксыйского района Жалал-Абадской области;71;191;321;512;181;305;486;148;280;428;141;229;370
Джалал-Абадская обл.;4170300000000000;Аксыйский р-н;41703211000000000;341561;ЦОВП АКСЫЙСКОГО РАЙОНА;Центр общеврачебной практики Аксыйского района Жалал-Абадской области;72;196;312;508;185;294;479;155;287;442;141;269;410
Джалал-Абадская обл.;4170300000000000;Аксыйский р-н;41703211000000000;341561;ЦОВП АКСЫЙСКОГО РАЙОНА;Центр общеврачебной практики Аксыйского района Жалал-Абадской области;73;146;292;438;133;275;408;123;242;365;100;222;322
Джалал-Абадская обл.;4170300000000000;Аксыйский р-н;41703211000000000;341561;ЦОВП АКСЫЙСКОГО РАЙОНА;Центр общеврачебной практики Аксыйского района Жалал-Абадской области;74;137;270;407;131;252;383;123;199;322;111;183;294
Джалал-Абадская обл.;4170300000000000;Аксыйский р-н;41703211000000000;341561;ЦОВП АКСЫЙСКОГО РАЙОНА;Центр общеврачебной практики Аксыйского района Жалал-Абадской области;75;134;224;358;123;214;337;85;137;222;74;126;200
Джалал-Абадская обл.;4170300000000000;Аксыйский р-н;41703211000000000;341561;ЦОВП АКСЫЙСКОГО РАЙОНА;Центр общеврачебной практики Аксыйского района Жалал-Абадской области;76;89;177;266;77;168;245;60;98;158;56;89;145
Джалал-Абадская обл.;4170300000000000;Аксыйский р-н;41703211000000000;341561;ЦОВП АКСЫЙСКОГО РАЙОНА;Центр общеврачебной практики Аксыйского района Жалал-Абадской области;77;98;160;258;90;152;242;67;99;166;67;93;160
Джалал-Абадская обл.;4170300000000000;Аксыйский р-н;41703211000000000;341561;ЦОВП АКСЫЙСКОГО РАЙОНА;Центр общеврачебной практики Аксыйского района Жалал-Абадской области;78;45;160;205;41;156;197;27;61;88;25;56;81
Джалал-Абадская обл.;4170300000000000;Аксыйский р-н;41703211000000000;341561;ЦОВП АКСЫЙСКОГО РАЙОНА;Центр общеврачебной практики Аксыйского района Жалал-Абадской области;79;27;96;123;25;89;114;25;61;86;24;57;81
Джалал-Абадская обл.;4170300000000000;Аксыйский р-н;41703211000000000;341561;ЦОВП АКСЫЙСКОГО РАЙОНА;Центр общеврачебной практики Аксыйского района Жалал-Абадской области;80;27;91;118;24;85;109;26;67;93;26;62;88
Джалал-Абадская обл.;4170300000000000;Аксыйский р-н;41703211000000000;341561;ЦОВП АКСЫЙСКОГО РАЙОНА;Центр общеврачебной практики Аксыйского района Жалал-Абадской области;81;31;77;108;31;74;105;30;33;63;29;31;60
Джалал-Абадская обл.;4170300000000000;Аксыйский р-н;41703211000000000;341561;ЦОВП АКСЫЙСКОГО РАЙОНА;Центр общеврачебной практики Аксыйского района Жалал-Абадской области;82;48;114;162;41;110;151;38;34;72;30;33;63
Джалал-Абадская обл.;4170300000000000;Аксыйский р-н;41703211000000000;341561;ЦОВП АКСЫЙСКОГО РАЙОНА;Центр общеврачебной практики Аксыйского района Жалал-Абадской области;83;34;86;120;33;81;114;48;50;98;40;45;85
Джалал-Абадская обл.;4170300000000000;Аксыйский р-н;41703211000000000;341561;ЦОВП АКСЫЙСКОГО РАЙОНА;Центр общеврачебной практики Аксыйского района Жалал-Абадской области;84;65;159;224;59;156;215;37;34;71;32;34;66
Джалал-Абадская обл.;4170300000000000;Аксыйский р-н;41703211000000000;341561;ЦОВП АКСЫЙСКОГО РАЙОНА;Центр общеврачебной практики Аксыйского района Жалал-Абадской области;85;40;109;149;38;106;144;9;31;40;8;31;39
Джалал-Абадская обл.;4170300000000000;Аксыйский р-н;41703211000000000;341561;ЦОВП АКСЫЙСКОГО РАЙОНА;Центр общеврачебной практики Аксыйского района Жалал-Абадской области;86;26;152;178;23;149;172;15;23;38;14;23;37
Джалал-Абадская обл.;4170300000000000;Аксыйский р-н;41703211000000000;341561;ЦОВП АКСЫЙСКОГО РАЙОНА;Центр общеврачебной практики Аксыйского района Жалал-Абадской области;87;36;101;137;35;100;135;16;16;32;13;16;29
Джалал-Абадская обл.;4170300000000000;Аксыйский р-н;41703211000000000;341561;ЦОВП АКСЫЙСКОГО РАЙОНА;Центр общеврачебной практики Аксыйского района Жалал-Абадской области;88;25;90;115;24;85;109;12;9;21;10;9;19
Джалал-Абадская обл.;4170300000000000;Аксыйский р-н;41703211000000000;341561;ЦОВП АКСЫЙСКОГО РАЙОНА;Центр общеврачебной практики Аксыйского района Жалал-Абадской области;89;36;90;126;36;86;122;10;17;27;10;15;25
Джалал-Абадская обл.;4170300000000000;Аксыйский р-н;41703211000000000;341561;ЦОВП АКСЫЙСКОГО РАЙОНА;Центр общеврачебной практики Аксыйского района Жалал-Абадской области;90;21;79;100;21;79;100;8;18;26;8;18;26
Джалал-Абадская обл.;4170300000000000;Аксыйский р-н;41703211000000000;341561;ЦОВП АКСЫЙСКОГО РАЙОНА;Центр общеврачебной практики Аксыйского района Жалал-Абадской области;91;15;48;63;15;48;63;7;11;18;7;11;18
Джалал-Абадская обл.;4170300000000000;Аксыйский р-н;41703211000000000;341561;ЦОВП АКСЫЙСКОГО РАЙОНА;Центр общеврачебной практики Аксыйского района Жалал-Абадской области;92;26;98;124;26;97;123;2;7;9;2;6;8
Джалал-Абадская обл.;4170300000000000;Аксыйский р-н;41703211000000000;341561;ЦОВП АКСЫЙСКОГО РАЙОНА;Центр общеврачебной практики Аксыйского района Жалал-Абадской области;93;7;39;46;6;39;45;0;11;11;0;11;11
Джалал-Абадская обл.;4170300000000000;Аксыйский р-н;41703211000000000;341561;ЦОВП АКСЫЙСКОГО РАЙОНА;Центр общеврачебной практики Аксыйского района Жалал-Абадской области;94;22;81;103;21;79;100;6;3;9;6;3;9
Джалал-Абадская обл.;4170300000000000;Аксыйский р-н;41703211000000000;341561;ЦОВП АКСЫЙСКОГО РАЙОНА;Центр общеврачебной практики Аксыйского района Жалал-Абадской области;95;13;43;56;13;43;56;1;3;4;1;1;2
Джалал-Абадская обл.;4170300000000000;Аксыйский р-н;41703211000000000;341561;ЦОВП АКСЫЙСКОГО РАЙОНА;Центр общеврачебной практики Аксыйского района Жалал-Абадской области;96;12;46;58;12;45;57;2;0;2;2;0;2
Джалал-Абадская обл.;4170300000000000;Аксыйский р-н;41703211000000000;341561;ЦОВП АКСЫЙСКОГО РАЙОНА;Центр общеврачебной практики Аксыйского района Жалал-Абадской области;97;1;24;25;1;23;24;0;4;4;0;3;3
Джалал-Абадская обл.;4170300000000000;Аксыйский р-н;41703211000000000;341561;ЦОВП АКСЫЙСКОГО РАЙОНА;Центр общеврачебной практики Аксыйского района Жалал-Абадской области;98;1;30;31;1;30;31;2;4;6;2;4;6
Джалал-Абадская обл.;4170300000000000;Аксыйский р-н;41703211000000000;341561;ЦОВП АКСЫЙСКОГО РАЙОНА;Центр общеврачебной практики Аксыйского района Жалал-Абадской области;99;3;20;23;3;20;23;0;7;7;0;7;7
Джалал-Абадская обл.;4170300000000000;Аксыйский р-н;41703211000000000;341561;ЦОВП АКСЫЙСКОГО РАЙОНА;Центр общеврачебной практики Аксыйского района Жалал-Абадской области;102;1;4;5;1;4;5;0;1;1;0;1;1
Джалал-Абадская обл.;4170300000000000;Ала-Букинский р-н;41703204000000000;341681;ЦОВП АЛА-БУКИНСКОГО РАЙОНА;Ала-Букинский межрайонный Центр общеврачебной практики;0;851;821;1672;851;821;1672;4946;4686;9632;4946;4686;9632
Джалал-Абадская обл.;4170300000000000;Ала-Букинский р-н;41703204000000000;341681;ЦОВП АЛА-БУКИНСКОГО РАЙОНА;Ала-Букинский межрайонный Центр общеврачебной практики;1;1177;1170;2347;1177;1170;2347;2589;2359;4948;2589;2359;4948
Джалал-Абадская обл.;4170300000000000;Ала-Букинский р-н;41703204000000000;341681;ЦОВП АЛА-БУКИНСКОГО РАЙОНА;Ала-Букинский межрайонный Центр общеврачебной практики;2;1451;1294;2745;1451;1294;2745;2326;2004;4330;2326;2004;4330
Джалал-Абадская обл.;4170300000000000;Ала-Букинский р-н;41703204000000000;341681;ЦОВП АЛА-БУКИНСКОГО РАЙОНА;Ала-Букинский межрайонный Центр общеврачебной практики;3;1334;1344;2678;1334;1344;2678;1442;1327;2769;1442;1327;2769
Джалал-Абадская обл.;4170300000000000;Ала-Букинский р-н;41703204000000000;341681;ЦОВП АЛА-БУКИНСКОГО РАЙОНА;Ала-Букинский межрайонный Центр общеврачебной практики;4;1325;1344;2669;1325;1344;2669;1425;1293;2718;1425;1293;2718
Джалал-Абадская обл.;4170300000000000;Ала-Букинский р-н;41703204000000000;341681;ЦОВП АЛА-БУКИНСКОГО РАЙОНА;Ала-Букинский межрайонный Центр общеврачебной практики;5;1261;1310;2571;1261;1310;2571;1467;1346;2813;1467;1346;2813
Джалал-Абадская обл.;4170300000000000;Ала-Букинский р-н;41703204000000000;341681;ЦОВП АЛА-БУКИНСКОГО РАЙОНА;Ала-Букинский межрайонный Центр общеврачебной практики;6;1246;1574;2820;1246;1574;2820;1279;1223;2502;1279;1223;2502
Джалал-Абадская обл.;4170300000000000;Ала-Букинский р-н;41703204000000000;341681;ЦОВП АЛА-БУКИНСКОГО РАЙОНА;Ала-Букинский межрайонный Центр общеврачебной практики;7;1171;1527;2698;1171;1527;2698;574;551;1125;574;551;1125
Джалал-Абадская обл.;4170300000000000;Ала-Букинский р-н;41703204000000000;341681;ЦОВП АЛА-БУКИНСКОГО РАЙОНА;Ала-Букинский межрайонный Центр общеврачебной практики;8;1088;1750;2838;1088;1750;2838;538;492;1030;538;492;1030
Джалал-Абадская обл.;4170300000000000;Ала-Букинский р-н;41703204000000000;341681;ЦОВП АЛА-БУКИНСКОГО РАЙОНА;Ала-Букинский межрайонный Центр общеврачебной практики;9;1169;1545;2714;1169;1545;2714;542;484;1026;542;484;1026
Джалал-Абадская обл.;4170300000000000;Ала-Букинский р-н;41703204000000000;341681;ЦОВП АЛА-БУКИНСКОГО РАЙОНА;Ала-Букинский межрайонный Центр общеврачебной практики;10;1049;1489;2538;1049;1489;2538;598;605;1203;598;605;1203
Джалал-Абадская обл.;4170300000000000;Ала-Букинский р-н;41703204000000000;341681;ЦОВП АЛА-БУКИНСКОГО РАЙОНА;Ала-Букинский межрайонный Центр общеврачебной практики;11;1050;1450;2500;1050;1450;2500;441;490;931;441;490;931
Джалал-Абадская обл.;4170300000000000;Ала-Букинский р-н;41703204000000000;341681;ЦОВП АЛА-БУКИНСКОГО РАЙОНА;Ала-Букинский межрайонный Центр общеврачебной практики;12;1048;1385;2433;1048;1385;2433;450;404;854;450;404;854
Джалал-Абадская обл.;4170300000000000;Ала-Букинский р-н;41703204000000000;341681;ЦОВП АЛА-БУКИНСКОГО РАЙОНА;Ала-Букинский межрайонный Центр общеврачебной практики;13;1063;1437;2500;1063;1437;2500;438;374;812;438;374;812
Джалал-Абадская обл.;4170300000000000;Ала-Букинский р-н;41703204000000000;341681;ЦОВП АЛА-БУКИНСКОГО РАЙОНА;Ала-Букинский межрайонный Центр общеврачебной практики;14;1026;1279;2305;1026;1279;2305;378;364;742;378;364;742
Джалал-Абадская обл.;4170300000000000;Ала-Букинский р-н;41703204000000000;341681;ЦОВП АЛА-БУКИНСКОГО РАЙОНА;Ала-Букинский межрайонный Центр общеврачебной практики;15;914;1137;2051;914;1137;2051;577;610;1187;577;610;1187
Джалал-Абадская обл.;4170300000000000;Ала-Букинский р-н;41703204000000000;341681;ЦОВП АЛА-БУКИНСКОГО РАЙОНА;Ала-Букинский межрайонный Центр общеврачебной практики;16;885;1210;2095;885;1210;2095;575;609;1184;558;591;1149
Джалал-Абадская обл.;4170300000000000;Ала-Букинский р-н;41703204000000000;341681;ЦОВП АЛА-БУКИНСКОГО РАЙОНА;Ала-Букинский межрайонный Центр общеврачебной практики;17;792;1038;1830;658;893;1551;527;655;1182;433;542;975
Джалал-Абадская обл.;4170300000000000;Ала-Букинский р-н;41703204000000000;341681;ЦОВП АЛА-БУКИНСКОГО РАЙОНА;Ала-Букинский межрайонный Центр общеврачебной практики;18;766;1082;1848;609;944;1553;563;920;1483;417;632;1049
Джалал-Абадская обл.;4170300000000000;Ала-Букинский р-н;41703204000000000;341681;ЦОВП АЛА-БУКИНСКОГО РАЙОНА;Ала-Букинский межрайонный Центр общеврачебной практики;19;722;939;1661;280;496;776;392;1106;1498;100;370;470
Джалал-Абадская обл.;4170300000000000;Ала-Букинский р-н;41703204000000000;341681;ЦОВП АЛА-БУКИНСКОГО РАЙОНА;Ала-Букинский межрайонный Центр общеврачебной практики;20;789;835;1624;71;250;321;355;1064;1419;44;331;375
Джалал-Абадская обл.;4170300000000000;Ала-Букинский р-н;41703204000000000;341681;ЦОВП АЛА-БУКИНСКОГО РАЙОНА;Ала-Букинский межрайонный Центр общеврачебной практики;21;732;999;1731;54;288;342;260;1258;1518;43;484;527
Джалал-Абадская обл.;4170300000000000;Ала-Букинский р-н;41703204000000000;341681;ЦОВП АЛА-БУКИНСКОГО РАЙОНА;Ала-Букинский межрайонный Центр общеврачебной практики;22;745;1002;1747;179;292;471;291;1456;1747;53;680;733
Джалал-Абадская обл.;4170300000000000;Ала-Букинский р-н;41703204000000000;341681;ЦОВП АЛА-БУКИНСКОГО РАЙОНА;Ала-Букинский межрайонный Центр общеврачебной практики;23;747;1105;1852;71;368;439;202;1370;1572;16;650;666
Джалал-Абадская обл.;4170300000000000;Ала-Букинский р-н;41703204000000000;341681;ЦОВП АЛА-БУКИНСКОГО РАЙОНА;Ала-Букинский межрайонный Центр общеврачебной практики;24;725;1127;1852;88;419;507;202;1351;1553;48;676;724
Джалал-Абадская обл.;4170300000000000;Ала-Букинский р-н;41703204000000000;341681;ЦОВП АЛА-БУКИНСКОГО РАЙОНА;Ала-Букинский межрайонный Центр общеврачебной практики;25;832;1223;2055;123;389;512;260;1525;1785;43;822;865
Джалал-Абадская обл.;4170300000000000;Ала-Букинский р-н;41703204000000000;341681;ЦОВП АЛА-БУКИНСКОГО РАЙОНА;Ала-Букинский межрайонный Центр общеврачебной практики;26;854;1081;1935;127;350;477;333;1362;1695;89;798;887
Джалал-Абадская обл.;4170300000000000;Ала-Букинский р-н;41703204000000000;341681;ЦОВП АЛА-БУКИНСКОГО РАЙОНА;Ала-Букинский межрайонный Центр общеврачебной практики;27;860;1130;1990;140;390;530;260;1473;1733;78;862;940
Джалал-Абадская обл.;4170300000000000;Ала-Букинский р-н;41703204000000000;341681;ЦОВП АЛА-БУКИНСКОГО РАЙОНА;Ала-Букинский межрайонный Центр общеврачебной практики;28;897;1086;1983;174;384;558;316;1480;1796;80;855;935
Джалал-Абадская обл.;4170300000000000;Ала-Букинский р-н;41703204000000000;341681;ЦОВП АЛА-БУКИНСКОГО РАЙОНА;Ала-Букинский межрайонный Центр общеврачебной практики;29;947;1197;2144;200;461;661;314;1549;1863;119;958;1077
Джалал-Абадская обл.;4170300000000000;Ала-Букинский р-н;41703204000000000;341681;ЦОВП АЛА-БУКИНСКОГО РАЙОНА;Ала-Букинский межрайонный Центр общеврачебной практики;30;923;1167;2090;283;470;753;364;1399;1763;198;925;1123
Джалал-Абадская обл.;4170300000000000;Ала-Букинский р-н;41703204000000000;341681;ЦОВП АЛА-БУКИНСКОГО РАЙОНА;Ала-Букинский межрайонный Центр общеврачебной практики;31;959;1180;2139;480;556;1036;402;1328;1730;257;860;1117
Джалал-Абадская обл.;4170300000000000;Ала-Букинский р-н;41703204000000000;341681;ЦОВП АЛА-БУКИНСКОГО РАЙОНА;Ала-Букинский межрайонный Центр общеврачебной практики;32;959;1106;2065;480;493;973;350;1167;1517;204;779;983
Джалал-Абадская обл.;4170300000000000;Ала-Букинский р-н;41703204000000000;341681;ЦОВП АЛА-БУКИНСКОГО РАЙОНА;Ала-Букинский межрайонный Центр общеврачебной практики;33;960;1161;2121;501;551;1052;353;1064;1417;212;737;949
Джалал-Абадская обл.;4170300000000000;Ала-Букинский р-н;41703204000000000;341681;ЦОВП АЛА-БУКИНСКОГО РАЙОНА;Ала-Букинский межрайонный Центр общеврачебной практики;34;891;1094;1985;468;466;934;328;1091;1419;186;798;984
Джалал-Абадская обл.;4170300000000000;Ала-Букинский р-н;41703204000000000;341681;ЦОВП АЛА-БУКИНСКОГО РАЙОНА;Ала-Букинский межрайонный Центр общеврачебной практики;35;873;884;1757;475;520;995;455;1127;1582;272;820;1092
Джалал-Абадская обл.;4170300000000000;Ала-Букинский р-н;41703204000000000;341681;ЦОВП АЛА-БУКИНСКОГО РАЙОНА;Ала-Букинский межрайонный Центр общеврачебной практики;36;863;920;1783;501;566;1067;424;1034;1458;297;732;1029
Джалал-Абадская обл.;4170300000000000;Ала-Букинский р-н;41703204000000000;341681;ЦОВП АЛА-БУКИНСКОГО РАЙОНА;Ала-Букинский межрайонный Центр общеврачебной практики;37;835;910;1745;480;523;1003;317;862;1179;237;646;883
Джалал-Абадская обл.;4170300000000000;Ала-Букинский р-н;41703204000000000;341681;ЦОВП АЛА-БУКИНСКОГО РАЙОНА;Ала-Букинский межрайонный Центр общеврачебной практики;38;786;850;1636;483;519;1002;301;763;1064;206;606;812
Джалал-Абадская обл.;4170300000000000;Ала-Букинский р-н;41703204000000000;341681;ЦОВП АЛА-БУКИНСКОГО РАЙОНА;Ала-Букинский межрайонный Центр общеврачебной практики;39;755;780;1535;463;499;962;248;732;980;169;568;737
Джалал-Абадская обл.;4170300000000000;Ала-Букинский р-н;41703204000000000;341681;ЦОВП АЛА-БУКИНСКОГО РАЙОНА;Ала-Букинский межрайонный Центр общеврачебной практики;40;631;759;1390;419;506;925;245;668;913;155;523;678
Джалал-Абадская обл.;4170300000000000;Ала-Букинский р-н;41703204000000000;341681;ЦОВП АЛА-БУКИНСКОГО РАЙОНА;Ала-Букинский межрайонный Центр общеврачебной практики;41;647;730;1377;437;480;917;234;583;817;170;453;623
Джалал-Абадская обл.;4170300000000000;Ала-Букинский р-н;41703204000000000;341681;ЦОВП АЛА-БУКИНСКОГО РАЙОНА;Ала-Букинский межрайонный Центр общеврачебной практики;42;682;683;1365;464;467;931;255;510;765;204;387;591
Джалал-Абадская обл.;4170300000000000;Ала-Букинский р-н;41703204000000000;341681;ЦОВП АЛА-БУКИНСКОГО РАЙОНА;Ала-Букинский межрайонный Центр общеврачебной практики;43;643;670;1313;428;440;868;267;494;761;193;368;561
Джалал-Абадская обл.;4170300000000000;Ала-Букинский р-н;41703204000000000;341681;ЦОВП АЛА-БУКИНСКОГО РАЙОНА;Ала-Букинский межрайонный Центр общеврачебной практики;44;604;663;1267;403;447;850;217;528;745;139;404;543
Джалал-Абадская обл.;4170300000000000;Ала-Букинский р-н;41703204000000000;341681;ЦОВП АЛА-БУКИНСКОГО РАЙОНА;Ала-Букинский межрайонный Центр общеврачебной практики;45;584;607;1191;389;406;795;313;582;895;238;446;684
Джалал-Абадская обл.;4170300000000000;Ала-Букинский р-н;41703204000000000;341681;ЦОВП АЛА-БУКИНСКОГО РАЙОНА;Ала-Букинский межрайонный Центр общеврачебной практики;46;531;574;1105;345;362;707;257;569;826;174;423;597
Джалал-Абадская обл.;4170300000000000;Ала-Букинский р-н;41703204000000000;341681;ЦОВП АЛА-БУКИНСКОГО РАЙОНА;Ала-Букинский межрайонный Центр общеврачебной практики;47;508;548;1056;323;352;675;216;438;654;127;320;447
Джалал-Абадская обл.;4170300000000000;Ала-Букинский р-н;41703204000000000;341681;ЦОВП АЛА-БУКИНСКОГО РАЙОНА;Ала-Букинский межрайонный Центр общеврачебной практики;48;536;567;1103;334;358;692;259;505;764;168;395;563
Джалал-Абадская обл.;4170300000000000;Ала-Букинский р-н;41703204000000000;341681;ЦОВП АЛА-БУКИНСКОГО РАЙОНА;Ала-Букинский межрайонный Центр общеврачебной практики;49;548;582;1130;348;377;725;275;474;749;196;356;552
Джалал-Абадская обл.;4170300000000000;Ала-Букинский р-н;41703204000000000;341681;ЦОВП АЛА-БУКИНСКОГО РАЙОНА;Ала-Букинский межрайонный Центр общеврачебной практики;50;480;512;992;299;340;639;239;450;689;181;352;533
Джалал-Абадская обл.;4170300000000000;Ала-Букинский р-н;41703204000000000;341681;ЦОВП АЛА-БУКИНСКОГО РАЙОНА;Ала-Букинский межрайонный Центр общеврачебной практики;51;518;540;1058;329;353;682;230;545;775;176;407;583
Джалал-Абадская обл.;4170300000000000;Ала-Букинский р-н;41703204000000000;341681;ЦОВП АЛА-БУКИНСКОГО РАЙОНА;Ала-Букинский межрайонный Центр общеврачебной практики;52;489;535;1024;300;364;664;214;546;760;143;426;569
Джалал-Абадская обл.;4170300000000000;Ала-Букинский р-н;41703204000000000;341681;ЦОВП АЛА-БУКИНСКОГО РАЙОНА;Ала-Букинский межрайонный Центр общеврачебной практики;53;471;537;1008;286;366;652;180;475;655;135;345;480
Джалал-Абадская обл.;4170300000000000;Ала-Букинский р-н;41703204000000000;341681;ЦОВП АЛА-БУКИНСКОГО РАЙОНА;Ала-Букинский межрайонный Центр общеврачебной практики;54;476;494;970;320;309;629;297;461;758;228;354;582
Джалал-Абадская обл.;4170300000000000;Ала-Букинский р-н;41703204000000000;341681;ЦОВП АЛА-БУКИНСКОГО РАЙОНА;Ала-Букинский межрайонный Центр общеврачебной практики;55;460;528;988;301;370;671;321;611;932;239;478;717
Джалал-Абадская обл.;4170300000000000;Ала-Букинский р-н;41703204000000000;341681;ЦОВП АЛА-БУКИНСКОГО РАЙОНА;Ала-Букинский межрайонный Центр общеврачебной практики;56;472;511;983;311;330;641;288;519;807;226;418;644
Джалал-Абадская обл.;4170300000000000;Ала-Букинский р-н;41703204000000000;341681;ЦОВП АЛА-БУКИНСКОГО РАЙОНА;Ала-Букинский межрайонный Центр общеврачебной практики;57;427;467;894;274;329;603;276;469;745;233;384;617
Джалал-Абадская обл.;4170300000000000;Ала-Букинский р-н;41703204000000000;341681;ЦОВП АЛА-БУКИНСКОГО РАЙОНА;Ала-Букинский межрайонный Центр общеврачебной практики;58;410;498;908;277;361;638;395;628;1023;290;493;783
Джалал-Абадская обл.;4170300000000000;Ала-Букинский р-н;41703204000000000;341681;ЦОВП АЛА-БУКИНСКОГО РАЙОНА;Ала-Букинский межрайонный Центр общеврачебной практики;59;396;479;875;251;361;612;286;470;756;203;357;560
Джалал-Абадская обл.;4170300000000000;Ала-Букинский р-н;41703204000000000;341681;ЦОВП АЛА-БУКИНСКОГО РАЙОНА;Ала-Букинский межрайонный Центр общеврачебной практики;60;416;445;861;277;306;583;298;515;813;218;403;621
Джалал-Абадская обл.;4170300000000000;Ала-Букинский р-н;41703204000000000;341681;ЦОВП АЛА-БУКИНСКОГО РАЙОНА;Ала-Букинский межрайонный Центр общеврачебной практики;61;388;460;848;269;354;623;305;479;784;268;399;667
Джалал-Абадская обл.;4170300000000000;Ала-Букинский р-н;41703204000000000;341681;ЦОВП АЛА-БУКИНСКОГО РАЙОНА;Ала-Букинский межрайонный Центр общеврачебной практики;62;391;417;808;308;329;637;288;498;786;236;412;648
Джалал-Абадская обл.;4170300000000000;Ала-Букинский р-н;41703204000000000;341681;ЦОВП АЛА-БУКИНСКОГО РАЙОНА;Ала-Букинский межрайонный Центр общеврачебной практики;63;387;461;848;296;366;662;341;478;819;262;393;655
Джалал-Абадская обл.;4170300000000000;Ала-Букинский р-н;41703204000000000;341681;ЦОВП АЛА-БУКИНСКОГО РАЙОНА;Ала-Букинский межрайонный Центр общеврачебной практики;64;408;444;852;290;357;647;303;514;817;235;442;677
Джалал-Абадская обл.;4170300000000000;Ала-Букинский р-н;41703204000000000;341681;ЦОВП АЛА-БУКИНСКОГО РАЙОНА;Ала-Букинский межрайонный Центр общеврачебной практики;65;309;378;687;229;315;544;287;407;694;210;350;560
Джалал-Абадская обл.;4170300000000000;Ала-Букинский р-н;41703204000000000;341681;ЦОВП АЛА-БУКИНСКОГО РАЙОНА;Ала-Букинский межрайонный Центр общеврачебной практики;66;285;386;671;208;335;543;249;383;632;170;333;503
Джалал-Абадская обл.;4170300000000000;Ала-Букинский р-н;41703204000000000;341681;ЦОВП АЛА-БУКИНСКОГО РАЙОНА;Ала-Букинский межрайонный Центр общеврачебной практики;67;292;349;641;237;313;550;228;288;516;184;252;436
Джалал-Абадская обл.;4170300000000000;Ала-Букинский р-н;41703204000000000;341681;ЦОВП АЛА-БУКИНСКОГО РАЙОНА;Ала-Букинский межрайонный Центр общеврачебной практики;68;253;303;556;221;271;492;222;348;570;202;305;507
Джалал-Абадская обл.;4170300000000000;Ала-Букинский р-н;41703204000000000;341681;ЦОВП АЛА-БУКИНСКОГО РАЙОНА;Ала-Букинский межрайонный Центр общеврачебной практики;69;212;277;489;176;247;423;212;326;538;173;265;438
Джалал-Абадская обл.;4170300000000000;Ала-Букинский р-н;41703204000000000;341681;ЦОВП АЛА-БУКИНСКОГО РАЙОНА;Ала-Букинский межрайонный Центр общеврачебной практики;70;191;269;460;163;237;400;143;271;414;104;239;343
Джалал-Абадская обл.;4170300000000000;Ала-Букинский р-н;41703204000000000;341681;ЦОВП АЛА-БУКИНСКОГО РАЙОНА;Ала-Букинский межрайонный Центр общеврачебной практики;71;173;244;417;153;221;374;138;263;401;121;228;349
Джалал-Абадская обл.;4170300000000000;Ала-Букинский р-н;41703204000000000;341681;ЦОВП АЛА-БУКИНСКОГО РАЙОНА;Ала-Букинский межрайонный Центр общеврачебной практики;72;164;238;402;143;205;348;147;213;360;130;186;316
Джалал-Абадская обл.;4170300000000000;Ала-Букинский р-н;41703204000000000;341681;ЦОВП АЛА-БУКИНСКОГО РАЙОНА;Ала-Букинский межрайонный Центр общеврачебной практики;73;126;166;292;108;145;253;155;226;381;129;203;332
Джалал-Абадская обл.;4170300000000000;Ала-Букинский р-н;41703204000000000;341681;ЦОВП АЛА-БУКИНСКОГО РАЙОНА;Ала-Букинский межрайонный Центр общеврачебной практики;74;131;181;312;113;156;269;148;160;308;129;144;273
Джалал-Абадская обл.;4170300000000000;Ала-Букинский р-н;41703204000000000;341681;ЦОВП АЛА-БУКИНСКОГО РАЙОНА;Ала-Букинский межрайонный Центр общеврачебной практики;75;100;108;208;92;99;191;128;136;264;112;124;236
Джалал-Абадская обл.;4170300000000000;Ала-Букинский р-н;41703204000000000;341681;ЦОВП АЛА-БУКИНСКОГО РАЙОНА;Ала-Букинский межрайонный Центр общеврачебной практики;76;64;109;173;58;95;153;60;111;171;45;92;137
Джалал-Абадская обл.;4170300000000000;Ала-Букинский р-н;41703204000000000;341681;ЦОВП АЛА-БУКИНСКОГО РАЙОНА;Ала-Букинский межрайонный Центр общеврачебной практики;77;65;100;165;52;85;137;69;106;175;57;95;152
Джалал-Абадская обл.;4170300000000000;Ала-Букинский р-н;41703204000000000;341681;ЦОВП АЛА-БУКИНСКОГО РАЙОНА;Ала-Букинский межрайонный Центр общеврачебной практики;78;32;76;108;30;69;99;42;85;127;35;79;114
Джалал-Абадская обл.;4170300000000000;Ала-Букинский р-н;41703204000000000;341681;ЦОВП АЛА-БУКИНСКОГО РАЙОНА;Ала-Букинский межрайонный Центр общеврачебной практики;79;26;41;67;21;34;55;46;34;80;39;33;72
Джалал-Абадская обл.;4170300000000000;Ала-Букинский р-н;41703204000000000;341681;ЦОВП АЛА-БУКИНСКОГО РАЙОНА;Ала-Букинский межрайонный Центр общеврачебной практики;80;25;38;63;23;33;56;22;34;56;19;34;53
Джалал-Абадская обл.;4170300000000000;Ала-Букинский р-н;41703204000000000;341681;ЦОВП АЛА-БУКИНСКОГО РАЙОНА;Ала-Букинский межрайонный Центр общеврачебной практики;81;27;34;61;23;29;52;23;36;59;21;29;50
Джалал-Абадская обл.;4170300000000000;Ала-Букинский р-н;41703204000000000;341681;ЦОВП АЛА-БУКИНСКОГО РАЙОНА;Ала-Букинский межрайонный Центр общеврачебной практики;82;35;55;90;33;50;83;41;58;99;40;45;85
Джалал-Абадская обл.;4170300000000000;Ала-Букинский р-н;41703204000000000;341681;ЦОВП АЛА-БУКИНСКОГО РАЙОНА;Ала-Букинский межрайонный Центр общеврачебной практики;83;27;57;84;22;51;73;22;26;48;20;25;45
Джалал-Абадская обл.;4170300000000000;Ала-Букинский р-н;41703204000000000;341681;ЦОВП АЛА-БУКИНСКОГО РАЙОНА;Ала-Букинский межрайонный Центр общеврачебной практики;84;31;69;100;24;65;89;29;20;49;21;16;37
Джалал-Абадская обл.;4170300000000000;Ала-Букинский р-н;41703204000000000;341681;ЦОВП АЛА-БУКИНСКОГО РАЙОНА;Ала-Букинский межрайонный Центр общеврачебной практики;85;25;47;72;22;41;63;10;30;40;10;25;35
Джалал-Абадская обл.;4170300000000000;Ала-Букинский р-н;41703204000000000;341681;ЦОВП АЛА-БУКИНСКОГО РАЙОНА;Ала-Букинский межрайонный Центр общеврачебной практики;86;22;39;61;19;36;55;19;23;42;17;22;39
Джалал-Абадская обл.;4170300000000000;Ала-Букинский р-н;41703204000000000;341681;ЦОВП АЛА-БУКИНСКОГО РАЙОНА;Ала-Букинский межрайонный Центр общеврачебной практики;87;15;30;45;13;29;42;13;25;38;11;23;34
Джалал-Абадская обл.;4170300000000000;Ала-Букинский р-н;41703204000000000;341681;ЦОВП АЛА-БУКИНСКОГО РАЙОНА;Ала-Букинский межрайонный Центр общеврачебной практики;88;19;41;60;18;38;56;17;15;32;16;14;30
Джалал-Абадская обл.;4170300000000000;Ала-Букинский р-н;41703204000000000;341681;ЦОВП АЛА-БУКИНСКОГО РАЙОНА;Ала-Букинский межрайонный Центр общеврачебной практики;89;24;39;63;22;36;58;18;14;32;14;10;24
Джалал-Абадская обл.;4170300000000000;Ала-Букинский р-н;41703204000000000;341681;ЦОВП АЛА-БУКИНСКОГО РАЙОНА;Ала-Букинский межрайонный Центр общеврачебной практики;90;7;32;39;5;28;33;4;6;10;2;1;3
Джалал-Абадская обл.;4170300000000000;Ала-Букинский р-н;41703204000000000;341681;ЦОВП АЛА-БУКИНСКОГО РАЙОНА;Ала-Букинский межрайонный Центр общеврачебной практики;91;8;11;19;7;9;16;7;5;12;7;5;12
Джалал-Абадская обл.;4170300000000000;Ала-Букинский р-н;41703204000000000;341681;ЦОВП АЛА-БУКИНСКОГО РАЙОНА;Ала-Букинский межрайонный Центр общеврачебной практики;92;5;21;26;5;19;24;2;9;11;2;9;11
Джалал-Абадская обл.;4170300000000000;Ала-Букинский р-н;41703204000000000;341681;ЦОВП АЛА-БУКИНСКОГО РАЙОНА;Ала-Букинский межрайонный Центр общеврачебной практики;93;2;17;19;1;17;18;2;1;3;1;1;2
Джалал-Абадская обл.;4170300000000000;Ала-Букинский р-н;41703204000000000;341681;ЦОВП АЛА-БУКИНСКОГО РАЙОНА;Ала-Букинский межрайонный Центр общеврачебной практики;94;5;20;25;3;20;23;0;7;7;0;6;6
Джалал-Абадская обл.;4170300000000000;Ала-Букинский р-н;41703204000000000;341681;ЦОВП АЛА-БУКИНСКОГО РАЙОНА;Ала-Букинский межрайонный Центр общеврачебной практики;95;5;4;9;2;3;5;2;0;2;2;0;2
Джалал-Абадская обл.;4170300000000000;Ала-Букинский р-н;41703204000000000;341681;ЦОВП АЛА-БУКИНСКОГО РАЙОНА;Ала-Букинский межрайонный Центр общеврачебной практики;96;2;6;8;2;5;7;0;3;3;0;3;3
Джалал-Абадская обл.;4170300000000000;Ала-Букинский р-н;41703204000000000;341681;ЦОВП АЛА-БУКИНСКОГО РАЙОНА;Ала-Букинский межрайонный Центр общеврачебной практики;97;0;5;5;0;5;5;0;1;1;0;1;1
Джалал-Абадская обл.;4170300000000000;Ала-Букинский р-н;41703204000000000;341681;ЦОВП АЛА-БУКИНСКОГО РАЙОНА;Ала-Букинский межрайонный Центр общеврачебной практики;103;0;1;1;0;1;1;0;1;1;0;1;1
Джалал-Абадская обл.;4170300000000000;Ала-Букинский р-н;41703204000000000;341681;ЦОВП АЛА-БУКИНСКОГО РАЙОНА;Ала-Букинский межрайонный Центр общеврачебной практики;1504;1;0;1;1;0;1;1;0;1;1;0;1
Нарынская обл.;4170400000000000;Ат-Башынский р-н;41704220000000000;441581;ЦОВП Ат-Башинского района Нарынской области.;Центр общеврачебной практики Ат-Башинского района Нарынской области;0;263;263;526;262;263;525;3561;3485;7046;3561;3485;7046
Нарынская обл.;4170400000000000;Ат-Башынский р-н;41704220000000000;441581;ЦОВП Ат-Башинского района Нарынской области.;Центр общеврачебной практики Ат-Башинского района Нарынской области;1;370;370;740;370;370;740;2198;1902;4100;2198;1902;4100
Нарынская обл.;4170400000000000;Ат-Башынский р-н;41704220000000000;441581;ЦОВП Ат-Башинского района Нарынской области.;Центр общеврачебной практики Ат-Башинского района Нарынской области;2;451;415;866;451;415;866;1871;1721;3592;1871;1721;3592
Нарынская обл.;4170400000000000;Ат-Башынский р-н;41704220000000000;441581;ЦОВП Ат-Башинского района Нарынской области.;Центр общеврачебной практики Ат-Башинского района Нарынской области;3;457;440;897;457;440;897;1527;1398;2925;1527;1398;2925
Нарынская обл.;4170400000000000;Ат-Башынский р-н;41704220000000000;441581;ЦОВП Ат-Башинского района Нарынской области.;Центр общеврачебной практики Ат-Башинского района Нарынской области;4;501;477;978;501;477;978;1454;1411;2865;1454;1411;2865
Нарынская обл.;4170400000000000;Ат-Башынский р-н;41704220000000000;441581;ЦОВП Ат-Башинского района Нарынской области.;Центр общеврачебной практики Ат-Башинского района Нарынской области;5;497;513;1010;497;513;1010;1546;1714;3260;1546;1714;3260
Нарынская обл.;4170400000000000;Ат-Башынский р-н;41704220000000000;441581;ЦОВП Ат-Башинского района Нарынской области.;Центр общеврачебной практики Ат-Башинского района Нарынской области;6;566;565;1131;566;565;1131;1542;1592;3134;1542;1592;3134
Нарынская обл.;4170400000000000;Ат-Башынский р-н;41704220000000000;441581;ЦОВП Ат-Башинского района Нарынской области.;Центр общеврачебной практики Ат-Башинского района Нарынской области;7;518;544;1062;518;544;1062;891;981;1872;891;981;1872
Нарынская обл.;4170400000000000;Ат-Башынский р-н;41704220000000000;441581;ЦОВП Ат-Башинского района Нарынской области.;Центр общеврачебной практики Ат-Башинского района Нарынской области;8;487;552;1039;487;552;1039;983;1000;1983;983;1000;1983
Нарынская обл.;4170400000000000;Ат-Башынский р-н;41704220000000000;441581;ЦОВП Ат-Башинского района Нарынской области.;Центр общеврачебной практики Ат-Башинского района Нарынской области;9;533;618;1151;533;618;1151;879;785;1664;879;785;1664
Нарынская обл.;4170400000000000;Ат-Башынский р-н;41704220000000000;441581;ЦОВП Ат-Башинского района Нарынской области.;Центр общеврачебной практики Ат-Башинского района Нарынской области;10;486;624;1110;486;624;1110;888;777;1665;888;777;1665
Нарынская обл.;4170400000000000;Ат-Башынский р-н;41704220000000000;441581;ЦОВП Ат-Башинского района Нарынской области.;Центр общеврачебной практики Ат-Башинского района Нарынской области;11;565;661;1226;565;661;1226;1225;1071;2296;1225;1071;2296
Нарынская обл.;4170400000000000;Ат-Башынский р-н;41704220000000000;441581;ЦОВП Ат-Башинского района Нарынской области.;Центр общеврачебной практики Ат-Башинского района Нарынской области;12;578;617;1195;578;617;1195;835;829;1664;835;829;1664
Нарынская обл.;4170400000000000;Ат-Башынский р-н;41704220000000000;441581;ЦОВП Ат-Башинского района Нарынской области.;Центр общеврачебной практики Ат-Башинского района Нарынской области;13;545;653;1198;545;653;1198;977;980;1957;977;980;1957
Нарынская обл.;4170400000000000;Ат-Башынский р-н;41704220000000000;441581;ЦОВП Ат-Башинского района Нарынской области.;Центр общеврачебной практики Ат-Башинского района Нарынской области;14;563;625;1188;563;625;1188;1225;1180;2405;1225;1180;2405
Нарынская обл.;4170400000000000;Ат-Башынский р-н;41704220000000000;441581;ЦОВП Ат-Башинского района Нарынской области.;Центр общеврачебной практики Ат-Башинского района Нарынской области;15;568;627;1195;568;627;1195;1790;1291;3081;1790;1291;3081
Нарынская обл.;4170400000000000;Ат-Башынский р-н;41704220000000000;441581;ЦОВП Ат-Башинского района Нарынской области.;Центр общеврачебной практики Ат-Башинского района Нарынской области;16;553;560;1113;553;560;1113;1144;1179;2323;1134;1177;2311
Нарынская обл.;4170400000000000;Ат-Башынский р-н;41704220000000000;441581;ЦОВП Ат-Башинского района Нарынской области.;Центр общеврачебной практики Ат-Башинского района Нарынской области;17;506;574;1080;490;560;1050;943;957;1900;845;876;1721
Нарынская обл.;4170400000000000;Ат-Башынский р-н;41704220000000000;441581;ЦОВП Ат-Башинского района Нарынской области.;Центр общеврачебной практики Ат-Башинского района Нарынской области;18;490;488;978;434;447;881;1047;951;1998;799;721;1520
Нарынская обл.;4170400000000000;Ат-Башынский р-н;41704220000000000;441581;ЦОВП Ат-Башинского района Нарынской области.;Центр общеврачебной практики Ат-Башинского района Нарынской области;19;458;448;906;209;226;435;585;995;1580;182;353;535
Нарынская обл.;4170400000000000;Ат-Башынский р-н;41704220000000000;441581;ЦОВП Ат-Башинского района Нарынской области.;Центр общеврачебной практики Ат-Башинского района Нарынской области;20;463;401;864;58;68;126;677;942;1619;164;291;455
Нарынская обл.;4170400000000000;Ат-Башынский р-н;41704220000000000;441581;ЦОВП Ат-Башинского района Нарынской области.;Центр общеврачебной практики Ат-Башинского района Нарынской области;21;466;392;858;65;94;159;548;928;1476;118;445;563
Нарынская обл.;4170400000000000;Ат-Башынский р-н;41704220000000000;441581;ЦОВП Ат-Башинского района Нарынской области.;Центр общеврачебной практики Ат-Башинского района Нарынской области;22;421;417;838;72;117;189;439;948;1387;112;503;615
Нарынская обл.;4170400000000000;Ат-Башынский р-н;41704220000000000;441581;ЦОВП Ат-Башинского района Нарынской области.;Центр общеврачебной практики Ат-Башинского района Нарынской области;23;366;336;702;91;111;202;419;966;1385;169;552;721
Нарынская обл.;4170400000000000;Ат-Башынский р-н;41704220000000000;441581;ЦОВП Ат-Башинского района Нарынской области.;Центр общеврачебной практики Ат-Башинского района Нарынской области;24;359;378;737;97;155;252;382;940;1322;101;590;691
Нарынская обл.;4170400000000000;Ат-Башынский р-н;41704220000000000;441581;ЦОВП Ат-Башинского района Нарынской области.;Центр общеврачебной практики Ат-Башинского района Нарынской области;25;435;336;771;132;148;280;530;910;1440;211;619;830
Нарынская обл.;4170400000000000;Ат-Башынский р-н;41704220000000000;441581;ЦОВП Ат-Башинского района Нарынской области.;Центр общеврачебной практики Ат-Башинского района Нарынской области;26;388;294;682;125;151;276;530;1093;1623;212;708;920
Нарынская обл.;4170400000000000;Ат-Башынский р-н;41704220000000000;441581;ЦОВП Ат-Башинского района Нарынской области.;Центр общеврачебной практики Ат-Башинского района Нарынской области;27;389;326;715;153;162;315;497;1231;1728;216;788;1004
Нарынская обл.;4170400000000000;Ат-Башынский р-н;41704220000000000;441581;ЦОВП Ат-Башинского района Нарынской области.;Центр общеврачебной практики Ат-Башинского района Нарынской области;28;386;324;710;157;173;330;556;1405;1961;306;936;1242
Нарынская обл.;4170400000000000;Ат-Башынский р-н;41704220000000000;441581;ЦОВП Ат-Башинского района Нарынской области.;Центр общеврачебной практики Ат-Башинского района Нарынской области;29;357;286;643;183;176;359;558;1191;1749;347;989;1336
Нарынская обл.;4170400000000000;Ат-Башынский р-н;41704220000000000;441581;ЦОВП Ат-Башинского района Нарынской области.;Центр общеврачебной практики Ат-Башинского района Нарынской области;30;372;280;652;203;197;400;584;1134;1718;382;956;1338
Нарынская обл.;4170400000000000;Ат-Башынский р-н;41704220000000000;441581;ЦОВП Ат-Башинского района Нарынской области.;Центр общеврачебной практики Ат-Башинского района Нарынской области;31;381;292;673;237;201;438;614;1349;1963;407;1149;1556
Нарынская обл.;4170400000000000;Ат-Башынский р-н;41704220000000000;441581;ЦОВП Ат-Башинского района Нарынской области.;Центр общеврачебной практики Ат-Башинского района Нарынской области;32;361;334;695;242;245;487;604;1611;2215;446;1341;1787
Нарынская обл.;4170400000000000;Ат-Башынский р-н;41704220000000000;441581;ЦОВП Ат-Башинского района Нарынской области.;Центр общеврачебной практики Ат-Башинского района Нарынской области;33;328;304;632;203;216;419;660;1226;1886;505;992;1497
Нарынская обл.;4170400000000000;Ат-Башынский р-н;41704220000000000;441581;ЦОВП Ат-Башинского района Нарынской области.;Центр общеврачебной практики Ат-Башинского района Нарынской области;34;343;287;630;226;199;425;652;1306;1958;473;1087;1560
Нарынская обл.;4170400000000000;Ат-Башынский р-н;41704220000000000;441581;ЦОВП Ат-Башинского района Нарынской области.;Центр общеврачебной практики Ат-Башинского района Нарынской области;35;353;256;609;243;185;428;697;1463;2160;517;1263;1780
Нарынская обл.;4170400000000000;Ат-Башынский р-н;41704220000000000;441581;ЦОВП Ат-Башинского района Нарынской области.;Центр общеврачебной практики Ат-Башинского района Нарынской области;36;348;310;658;246;231;477;779;1510;2289;595;1188;1783
Нарынская обл.;4170400000000000;Ат-Башынский р-н;41704220000000000;441581;ЦОВП Ат-Башинского района Нарынской области.;Центр общеврачебной практики Ат-Башинского района Нарынской области;37;382;301;683;261;215;476;740;1457;2197;549;1184;1733
Нарынская обл.;4170400000000000;Ат-Башынский р-н;41704220000000000;441581;ЦОВП Ат-Башинского района Нарынской области.;Центр общеврачебной практики Ат-Башинского района Нарынской области;38;350;306;656;252;225;477;664;1317;1981;497;1117;1614
Нарынская обл.;4170400000000000;Ат-Башынский р-н;41704220000000000;441581;ЦОВП Ат-Башинского района Нарынской области.;Центр общеврачебной практики Ат-Башинского района Нарынской области;39;302;300;602;199;214;413;676;1291;1967;543;1070;1613
Нарынская обл.;4170400000000000;Ат-Башынский р-н;41704220000000000;441581;ЦОВП Ат-Башинского района Нарынской области.;Центр общеврачебной практики Ат-Башинского района Нарынской области;40;282;268;550;187;194;381;599;1206;1805;433;963;1396
Нарынская обл.;4170400000000000;Ат-Башынский р-н;41704220000000000;441581;ЦОВП Ат-Башинского района Нарынской области.;Центр общеврачебной практики Ат-Башинского района Нарынской области;41;298;288;586;201;192;393;671;1420;2091;493;1147;1640
Нарынская обл.;4170400000000000;Ат-Башынский р-н;41704220000000000;441581;ЦОВП Ат-Башинского района Нарынской области.;Центр общеврачебной практики Ат-Башинского района Нарынской области;42;316;318;634;234;235;469;793;1220;2013;634;1021;1655
Нарынская обл.;4170400000000000;Ат-Башынский р-н;41704220000000000;441581;ЦОВП Ат-Башинского района Нарынской области.;Центр общеврачебной практики Ат-Башинского района Нарынской области;43;274;240;514;210;163;373;618;1030;1648;514;806;1320
Нарынская обл.;4170400000000000;Ат-Башынский р-н;41704220000000000;441581;ЦОВП Ат-Башинского района Нарынской области.;Центр общеврачебной практики Ат-Башинского района Нарынской области;44;264;270;534;203;181;384;629;1218;1847;524;941;1465
Нарынская обл.;4170400000000000;Ат-Башынский р-н;41704220000000000;441581;ЦОВП Ат-Башинского района Нарынской области.;Центр общеврачебной практики Ат-Башинского района Нарынской области;45;252;276;528;192;191;383;716;1252;1968;576;997;1573
Нарынская обл.;4170400000000000;Ат-Башынский р-н;41704220000000000;441581;ЦОВП Ат-Башинского района Нарынской области.;Центр общеврачебной практики Ат-Башинского района Нарынской области;46;246;336;582;177;230;407;762;1236;1998;591;973;1564
Нарынская обл.;4170400000000000;Ат-Башынский р-н;41704220000000000;441581;ЦОВП Ат-Башинского района Нарынской области.;Центр общеврачебной практики Ат-Башинского района Нарынской области;47;273;269;542;197;193;390;747;1097;1844;607;875;1482
Нарынская обл.;4170400000000000;Ат-Башынский р-н;41704220000000000;441581;ЦОВП Ат-Башинского района Нарынской области.;Центр общеврачебной практики Ат-Башинского района Нарынской области;48;258;266;524;206;195;401;693;933;1626;581;799;1380
Нарынская обл.;4170400000000000;Ат-Башынский р-н;41704220000000000;441581;ЦОВП Ат-Башинского района Нарынской области.;Центр общеврачебной практики Ат-Башинского района Нарынской области;49;250;268;518;195;208;403;704;953;1657;585;831;1416
Нарынская обл.;4170400000000000;Ат-Башынский р-н;41704220000000000;441581;ЦОВП Ат-Башинского района Нарынской области.;Центр общеврачебной практики Ат-Башинского района Нарынской области;50;278;224;502;210;175;385;732;933;1665;597;817;1414
Нарынская обл.;4170400000000000;Ат-Башынский р-н;41704220000000000;441581;ЦОВП Ат-Башинского района Нарынской области.;Центр общеврачебной практики Ат-Башинского района Нарынской области;51;294;259;553;236;212;448;713;1059;1772;615;929;1544
Нарынская обл.;4170400000000000;Ат-Башынский р-н;41704220000000000;441581;ЦОВП Ат-Башинского района Нарынской области.;Центр общеврачебной практики Ат-Башинского района Нарынской области;52;263;225;488;215;195;410;734;886;1620;624;821;1445
Нарынская обл.;4170400000000000;Ат-Башынский р-н;41704220000000000;441581;ЦОВП Ат-Башинского района Нарынской области.;Центр общеврачебной практики Ат-Башинского района Нарынской области;53;262;225;487;203;196;399;746;840;1586;599;797;1396
Нарынская обл.;4170400000000000;Ат-Башынский р-н;41704220000000000;441581;ЦОВП Ат-Башинского района Нарынской области.;Центр общеврачебной практики Ат-Башинского района Нарынской области;54;225;206;431;164;188;352;593;1062;1655;453;1016;1469
Нарынская обл.;4170400000000000;Ат-Башынский р-н;41704220000000000;441581;ЦОВП Ат-Башинского района Нарынской области.;Центр общеврачебной практики Ат-Башинского района Нарынской области;55;218;233;451;167;207;374;621;857;1478;486;796;1282
Нарынская обл.;4170400000000000;Ат-Башынский р-н;41704220000000000;441581;ЦОВП Ат-Башинского района Нарынской области.;Центр общеврачебной практики Ат-Башинского района Нарынской области;56;206;193;399;157;174;331;686;885;1571;561;856;1417
Нарынская обл.;4170400000000000;Ат-Башынский р-н;41704220000000000;441581;ЦОВП Ат-Башинского района Нарынской области.;Центр общеврачебной практики Ат-Башинского района Нарынской области;57;226;211;437;189;191;380;696;838;1534;607;788;1395
Нарынская обл.;4170400000000000;Ат-Башынский р-н;41704220000000000;441581;ЦОВП Ат-Башинского района Нарынской области.;Центр общеврачебной практики Ат-Башинского района Нарынской области;58;201;184;385;165;176;341;728;852;1580;608;847;1455
Нарынская обл.;4170400000000000;Ат-Башынский р-н;41704220000000000;441581;ЦОВП Ат-Башинского района Нарынской области.;Центр общеврачебной практики Ат-Башинского района Нарынской области;59;213;212;425;173;199;372;714;949;1663;618;895;1513
Нарынская обл.;4170400000000000;Ат-Башынский р-н;41704220000000000;441581;ЦОВП Ат-Башинского района Нарынской области.;Центр общеврачебной практики Ат-Башинского района Нарынской области;60;211;220;431;189;201;390;761;958;1719;690;929;1619
Нарынская обл.;4170400000000000;Ат-Башынский р-н;41704220000000000;441581;ЦОВП Ат-Башинского района Нарынской области.;Центр общеврачебной практики Ат-Башинского района Нарынской области;61;204;215;419;184;207;391;736;985;1721;675;952;1627
Нарынская обл.;4170400000000000;Ат-Башынский р-н;41704220000000000;441581;ЦОВП Ат-Башинского района Нарынской области.;Центр общеврачебной практики Ат-Башинского района Нарынской области;62;192;227;419;183;213;396;785;1055;1840;735;1015;1750
Нарынская обл.;4170400000000000;Ат-Башынский р-н;41704220000000000;441581;ЦОВП Ат-Башинского района Нарынской области.;Центр общеврачебной практики Ат-Башинского района Нарынской области;63;190;221;411;177;217;394;634;925;1559;606;922;1528
Нарынская обл.;4170400000000000;Ат-Башынский р-н;41704220000000000;441581;ЦОВП Ат-Башинского района Нарынской области.;Центр общеврачебной практики Ат-Башинского района Нарынской области;64;176;186;362;163;185;348;592;814;1406;568;809;1377
Нарынская обл.;4170400000000000;Ат-Башынский р-н;41704220000000000;441581;ЦОВП Ат-Башинского района Нарынской области.;Центр общеврачебной практики Ат-Башинского района Нарынской области;65;159;169;328;152;163;315;578;873;1451;561;857;1418
Нарынская обл.;4170400000000000;Ат-Башынский р-н;41704220000000000;441581;ЦОВП Ат-Башинского района Нарынской области.;Центр общеврачебной практики Ат-Башинского района Нарынской области;66;148;186;334;145;184;329;539;822;1361;533;814;1347
Нарынская обл.;4170400000000000;Ат-Башынский р-н;41704220000000000;441581;ЦОВП Ат-Башинского района Нарынской области.;Центр общеврачебной практики Ат-Башинского района Нарынской области;67;125;176;301;123;172;295;517;869;1386;495;843;1338
Нарынская обл.;4170400000000000;Ат-Башынский р-н;41704220000000000;441581;ЦОВП Ат-Башинского района Нарынской области.;Центр общеврачебной практики Ат-Башинского района Нарынской области;68;136;146;282;131;142;273;580;636;1216;575;625;1200
Нарынская обл.;4170400000000000;Ат-Башынский р-н;41704220000000000;441581;ЦОВП Ат-Башинского района Нарынской области.;Центр общеврачебной практики Ат-Башинского района Нарынской области;69;109;146;255;109;145;254;381;649;1030;377;649;1026
Нарынская обл.;4170400000000000;Ат-Башынский р-н;41704220000000000;441581;ЦОВП Ат-Башинского района Нарынской области.;Центр общеврачебной практики Ат-Башинского района Нарынской области;70;86;121;207;84;119;203;445;594;1039;443;592;1035
Нарынская обл.;4170400000000000;Ат-Башынский р-н;41704220000000000;441581;ЦОВП Ат-Башинского района Нарынской области.;Центр общеврачебной практики Ат-Башинского района Нарынской области;71;100;136;236;99;136;235;375;633;1008;367;626;993
Нарынская обл.;4170400000000000;Ат-Башынский р-н;41704220000000000;441581;ЦОВП Ат-Башинского района Нарынской области.;Центр общеврачебной практики Ат-Башинского района Нарынской области;72;75;134;209;75;130;205;253;594;847;246;588;834
Нарынская обл.;4170400000000000;Ат-Башынский р-н;41704220000000000;441581;ЦОВП Ат-Башинского района Нарынской области.;Центр общеврачебной практики Ат-Башинского района Нарынской области;73;64;110;174;61;110;171;274;420;694;272;420;692
Нарынская обл.;4170400000000000;Ат-Башынский р-н;41704220000000000;441581;ЦОВП Ат-Башинского района Нарынской области.;Центр общеврачебной практики Ат-Башинского района Нарынской области;74;80;94;174;80;93;173;241;392;633;240;387;627
Нарынская обл.;4170400000000000;Ат-Башынский р-н;41704220000000000;441581;ЦОВП Ат-Башинского района Нарынской области.;Центр общеврачебной практики Ат-Башинского района Нарынской области;75;48;82;130;46;79;125;198;383;581;192;368;560
Нарынская обл.;4170400000000000;Ат-Башынский р-н;41704220000000000;441581;ЦОВП Ат-Башинского района Нарынской области.;Центр общеврачебной практики Ат-Башинского района Нарынской области;76;35;65;100;35;65;100;166;266;432;152;261;413
Нарынская обл.;4170400000000000;Ат-Башынский р-н;41704220000000000;441581;ЦОВП Ат-Башинского района Нарынской области.;Центр общеврачебной практики Ат-Башинского района Нарынской области;77;50;76;126;49;74;123;136;291;427;127;287;414
Нарынская обл.;4170400000000000;Ат-Башынский р-н;41704220000000000;441581;ЦОВП Ат-Башинского района Нарынской области.;Центр общеврачебной практики Ат-Башинского района Нарынской области;78;27;57;84;27;56;83;84;111;195;82;110;192
Нарынская обл.;4170400000000000;Ат-Башынский р-н;41704220000000000;441581;ЦОВП Ат-Башинского района Нарынской области.;Центр общеврачебной практики Ат-Башинского района Нарынской области;79;17;32;49;17;32;49;72;76;148;69;76;145
Нарынская обл.;4170400000000000;Ат-Башынский р-н;41704220000000000;441581;ЦОВП Ат-Башинского района Нарынской области.;Центр общеврачебной практики Ат-Башинского района Нарынской области;80;12;14;26;12;14;26;56;35;91;56;35;91
Нарынская обл.;4170400000000000;Ат-Башынский р-н;41704220000000000;441581;ЦОВП Ат-Башинского района Нарынской области.;Центр общеврачебной практики Ат-Башинского района Нарынской области;81;23;20;43;20;19;39;126;103;229;125;102;227
Нарынская обл.;4170400000000000;Ат-Башынский р-н;41704220000000000;441581;ЦОВП Ат-Башинского района Нарынской области.;Центр общеврачебной практики Ат-Башинского района Нарынской области;82;49;52;101;48;51;99;135;157;292;127;154;281
Нарынская обл.;4170400000000000;Ат-Башынский р-н;41704220000000000;441581;ЦОВП Ат-Башинского района Нарынской области.;Центр общеврачебной практики Ат-Башинского района Нарынской области;83;20;50;70;20;50;70;117;143;260;117;137;254
Нарынская обл.;4170400000000000;Ат-Башынский р-н;41704220000000000;441581;ЦОВП Ат-Башинского района Нарынской области.;Центр общеврачебной практики Ат-Башинского района Нарынской области;84;20;82;102;20;81;101;41;143;184;39;143;182
Нарынская обл.;4170400000000000;Ат-Башынский р-н;41704220000000000;441581;ЦОВП Ат-Башинского района Нарынской области.;Центр общеврачебной практики Ат-Башинского района Нарынской области;85;12;57;69;12;57;69;84;99;183;84;99;183
Нарынская обл.;4170400000000000;Ат-Башынский р-н;41704220000000000;441581;ЦОВП Ат-Башинского района Нарынской области.;Центр общеврачебной практики Ат-Башинского района Нарынской области;86;27;53;80;26;53;79;70;80;150;67;80;147
Нарынская обл.;4170400000000000;Ат-Башынский р-н;41704220000000000;441581;ЦОВП Ат-Башинского района Нарынской области.;Центр общеврачебной практики Ат-Башинского района Нарынской области;87;18;44;62;18;44;62;31;68;99;31;66;97
Нарынская обл.;4170400000000000;Ат-Башынский р-н;41704220000000000;441581;ЦОВП Ат-Башинского района Нарынской области.;Центр общеврачебной практики Ат-Башинского района Нарынской области;88;6;60;66;6;58;64;18;91;109;18;88;106
Нарынская обл.;4170400000000000;Ат-Башынский р-н;41704220000000000;441581;ЦОВП Ат-Башинского района Нарынской области.;Центр общеврачебной практики Ат-Башинского района Нарынской области;89;13;35;48;13;34;47;33;49;82;33;48;81
Нарынская обл.;4170400000000000;Ат-Башынский р-н;41704220000000000;441581;ЦОВП Ат-Башинского района Нарынской области.;Центр общеврачебной практики Ат-Башинского района Нарынской области;90;5;24;29;5;24;29;7;42;49;7;41;48
Нарынская обл.;4170400000000000;Ат-Башынский р-н;41704220000000000;441581;ЦОВП Ат-Башинского района Нарынской области.;Центр общеврачебной практики Ат-Башинского района Нарынской области;91;11;21;32;11;21;32;5;37;42;5;37;42
Нарынская обл.;4170400000000000;Ат-Башынский р-н;41704220000000000;441581;ЦОВП Ат-Башинского района Нарынской области.;Центр общеврачебной практики Ат-Башинского района Нарынской области;92;4;39;43;4;39;43;0;46;46;0;42;42
Нарынская обл.;4170400000000000;Ат-Башынский р-н;41704220000000000;441581;ЦОВП Ат-Башинского района Нарынской области.;Центр общеврачебной практики Ат-Башинского района Нарынской области;93;4;14;18;4;13;17;11;24;35;11;24;35
Нарынская обл.;4170400000000000;Ат-Башынский р-н;41704220000000000;441581;ЦОВП Ат-Башинского района Нарынской области.;Центр общеврачебной практики Ат-Башинского района Нарынской области;94;5;28;33;5;28;33;12;27;39;10;25;35
Нарынская обл.;4170400000000000;Ат-Башынский р-н;41704220000000000;441581;ЦОВП Ат-Башинского района Нарынской области.;Центр общеврачебной практики Ат-Башинского района Нарынской области;95;2;17;19;2;17;19;2;5;7;2;5;7
Нарынская обл.;4170400000000000;Ат-Башынский р-н;41704220000000000;441581;ЦОВП Ат-Башинского района Нарынской области.;Центр общеврачебной практики Ат-Башинского района Нарынской области;96;5;22;27;5;22;27;7;6;13;7;6;13
Нарынская обл.;4170400000000000;Ат-Башынский р-н;41704220000000000;441581;ЦОВП Ат-Башинского района Нарынской области.;Центр общеврачебной практики Ат-Башинского района Нарынской области;97;5;7;12;5;7;12;5;0;5;5;0;5
Нарынская обл.;4170400000000000;Ат-Башынский р-н;41704220000000000;441581;ЦОВП Ат-Башинского района Нарынской области.;Центр общеврачебной практики Ат-Башинского района Нарынской области;98;1;8;9;1;8;9;5;8;13;5;8;13
Нарынская обл.;4170400000000000;Ат-Башынский р-н;41704220000000000;441581;ЦОВП Ат-Башинского района Нарынской области.;Центр общеврачебной практики Ат-Башинского района Нарынской области;101;0;1;1;0;1;1;0;2;2;0;2;2
Нарынская обл.;4170400000000000;Ат-Башынский р-н;41704220000000000;441581;ЦОВП Ат-Башинского района Нарынской области.;Центр общеврачебной практики Ат-Башинского района Нарынской области;102;1;7;8;1;7;8;0;2;2;0;2;2
Нарынская обл.;4170400000000000;Ат-Башынский р-н;41704220000000000;441581;ЦОВП Ат-Башинского района Нарынской области.;Центр общеврачебной практики Ат-Башинского района Нарынской области;103;0;2;2;0;2;2;0;3;3;0;3;3
Джалал-Абадская обл.;4170300000000000;Базар-Коргонский р-н;41703207000000000;341821;ЦОВП БАЗАР-КОРГОНСКОГО РАЙОНА;Центр общеврачебной практики Базар-Коргонского района Жалал-Абадской области;0;1293;1264;2557;1293;1264;2557;7789;7400;15189;7789;7400;15189
Джалал-Абадская обл.;4170300000000000;Базар-Коргонский р-н;41703207000000000;341821;ЦОВП БАЗАР-КОРГОНСКОГО РАЙОНА;Центр общеврачебной практики Базар-Коргонского района Жалал-Абадской области;1;2145;2048;4193;2145;2048;4193;4240;3756;7996;4240;3756;7996
Джалал-Абадская обл.;4170300000000000;Базар-Коргонский р-н;41703207000000000;341821;ЦОВП БАЗАР-КОРГОНСКОГО РАЙОНА;Центр общеврачебной практики Базар-Коргонского района Жалал-Абадской области;2;2226;2036;4262;2226;2036;4262;3112;2865;5977;3112;2865;5977
Джалал-Абадская обл.;4170300000000000;Базар-Коргонский р-н;41703207000000000;341821;ЦОВП БАЗАР-КОРГОНСКОГО РАЙОНА;Центр общеврачебной практики Базар-Коргонского района Жалал-Абадской области;3;2311;2233;4544;2311;2233;4544;2003;1924;3927;2003;1924;3927
Джалал-Абадская обл.;4170300000000000;Базар-Коргонский р-н;41703207000000000;341821;ЦОВП БАЗАР-КОРГОНСКОГО РАЙОНА;Центр общеврачебной практики Базар-Коргонского района Жалал-Абадской области;4;2173;2121;4294;2173;2121;4294;1779;1582;3361;1779;1582;3361
Джалал-Абадская обл.;4170300000000000;Базар-Коргонский р-н;41703207000000000;341821;ЦОВП БАЗАР-КОРГОНСКОГО РАЙОНА;Центр общеврачебной практики Базар-Коргонского района Жалал-Абадской области;5;1907;2005;3912;1907;2005;3912;1724;1599;3323;1724;1599;3323
Джалал-Абадская обл.;4170300000000000;Базар-Коргонский р-н;41703207000000000;341821;ЦОВП БАЗАР-КОРГОНСКОГО РАЙОНА;Центр общеврачебной практики Базар-Коргонского района Жалал-Абадской области;6;2018;2252;4270;2018;2252;4270;1360;1288;2648;1360;1288;2648
Джалал-Абадская обл.;4170300000000000;Базар-Коргонский р-н;41703207000000000;341821;ЦОВП БАЗАР-КОРГОНСКОГО РАЙОНА;Центр общеврачебной практики Базар-Коргонского района Жалал-Абадской области;7;1866;2208;4074;1866;2208;4074;535;493;1028;535;493;1028
Джалал-Абадская обл.;4170300000000000;Базар-Коргонский р-н;41703207000000000;341821;ЦОВП БАЗАР-КОРГОНСКОГО РАЙОНА;Центр общеврачебной практики Базар-Коргонского района Жалал-Абадской области;8;1835;2311;4146;1835;2311;4146;447;374;821;447;374;821
Джалал-Абадская обл.;4170300000000000;Базар-Коргонский р-н;41703207000000000;341821;ЦОВП БАЗАР-КОРГОНСКОГО РАЙОНА;Центр общеврачебной практики Базар-Коргонского района Жалал-Абадской области;9;1936;2497;4433;1936;2497;4433;371;363;734;371;363;734
Джалал-Абадская обл.;4170300000000000;Базар-Коргонский р-н;41703207000000000;341821;ЦОВП БАЗАР-КОРГОНСКОГО РАЙОНА;Центр общеврачебной практики Базар-Коргонского района Жалал-Абадской области;10;1749;2646;4395;1749;2646;4395;372;315;687;372;315;687
Джалал-Абадская обл.;4170300000000000;Базар-Коргонский р-н;41703207000000000;341821;ЦОВП БАЗАР-КОРГОНСКОГО РАЙОНА;Центр общеврачебной практики Базар-Коргонского района Жалал-Абадской области;11;1701;2574;4275;1701;2574;4275;307;344;651;307;344;651
Джалал-Абадская обл.;4170300000000000;Базар-Коргонский р-н;41703207000000000;341821;ЦОВП БАЗАР-КОРГОНСКОГО РАЙОНА;Центр общеврачебной практики Базар-Коргонского района Жалал-Абадской области;12;1735;2552;4287;1735;2552;4287;298;352;650;298;352;650
Джалал-Абадская обл.;4170300000000000;Базар-Коргонский р-н;41703207000000000;341821;ЦОВП БАЗАР-КОРГОНСКОГО РАЙОНА;Центр общеврачебной практики Базар-Коргонского района Жалал-Абадской области;13;1663;2458;4121;1663;2458;4121;294;309;603;294;309;603
Джалал-Абадская обл.;4170300000000000;Базар-Коргонский р-н;41703207000000000;341821;ЦОВП БАЗАР-КОРГОНСКОГО РАЙОНА;Центр общеврачебной практики Базар-Коргонского района Жалал-Абадской области;14;1589;2346;3935;1589;2346;3935;375;373;748;375;373;748
Джалал-Абадская обл.;4170300000000000;Базар-Коргонский р-н;41703207000000000;341821;ЦОВП БАЗАР-КОРГОНСКОГО РАЙОНА;Центр общеврачебной практики Базар-Коргонского района Жалал-Абадской области;15;1373;2028;3401;1373;2028;3401;444;387;831;444;387;831
Джалал-Абадская обл.;4170300000000000;Базар-Коргонский р-н;41703207000000000;341821;ЦОВП БАЗАР-КОРГОНСКОГО РАЙОНА;Центр общеврачебной практики Базар-Коргонского района Жалал-Абадской области;16;1267;1782;3049;1267;1782;3049;491;393;884;479;386;865
Джалал-Абадская обл.;4170300000000000;Базар-Коргонский р-н;41703207000000000;341821;ЦОВП БАЗАР-КОРГОНСКОГО РАЙОНА;Центр общеврачебной практики Базар-Коргонского района Жалал-Абадской области;17;1275;1667;2942;1252;1647;2899;786;537;1323;728;484;1212
Джалал-Абадская обл.;4170300000000000;Базар-Коргонский р-н;41703207000000000;341821;ЦОВП БАЗАР-КОРГОНСКОГО РАЙОНА;Центр общеврачебной практики Базар-Коргонского района Жалал-Абадской области;18;1017;1461;2478;925;1337;2262;890;1046;1936;671;598;1269
Джалал-Абадская обл.;4170300000000000;Базар-Коргонский р-н;41703207000000000;341821;ЦОВП БАЗАР-КОРГОНСКОГО РАЙОНА;Центр общеврачебной практики Базар-Коргонского района Жалал-Абадской области;19;1112;1030;2142;208;206;414;786;1570;2356;109;336;445
Джалал-Абадская обл.;4170300000000000;Базар-Коргонский р-н;41703207000000000;341821;ЦОВП БАЗАР-КОРГОНСКОГО РАЙОНА;Центр общеврачебной практики Базар-Коргонского района Жалал-Абадской области;20;1240;1087;2327;58;160;218;587;1628;2215;41;522;563
Джалал-Абадская обл.;4170300000000000;Базар-Коргонский р-н;41703207000000000;341821;ЦОВП БАЗАР-КОРГОНСКОГО РАЙОНА;Центр общеврачебной практики Базар-Коргонского района Жалал-Абадской области;21;1183;1026;2209;100;279;379;465;1707;2172;60;696;756
Джалал-Абадская обл.;4170300000000000;Базар-Коргонский р-н;41703207000000000;341821;ЦОВП БАЗАР-КОРГОНСКОГО РАЙОНА;Центр общеврачебной практики Базар-Коргонского района Жалал-Абадской области;22;1150;1105;2255;192;356;548;488;1731;2219;100;771;871
Джалал-Абадская обл.;4170300000000000;Базар-Коргонский р-н;41703207000000000;341821;ЦОВП БАЗАР-КОРГОНСКОГО РАЙОНА;Центр общеврачебной практики Базар-Коргонского района Жалал-Абадской области;23;1157;1045;2202;89;360;449;460;1607;2067;101;758;859
Джалал-Абадская обл.;4170300000000000;Базар-Коргонский р-н;41703207000000000;341821;ЦОВП БАЗАР-КОРГОНСКОГО РАЙОНА;Центр общеврачебной практики Базар-Коргонского района Жалал-Абадской области;24;1073;1081;2154;111;430;541;454;1816;2270;80;859;939
Джалал-Абадская обл.;4170300000000000;Базар-Коргонский р-н;41703207000000000;341821;ЦОВП БАЗАР-КОРГОНСКОГО РАЙОНА;Центр общеврачебной практики Базар-Коргонского района Жалал-Абадской области;25;1175;1181;2356;83;436;519;431;1749;2180;77;842;919
Джалал-Абадская обл.;4170300000000000;Базар-Коргонский р-н;41703207000000000;341821;ЦОВП БАЗАР-КОРГОНСКОГО РАЙОНА;Центр общеврачебной практики Базар-Коргонского района Жалал-Абадской области;26;1171;1171;2342;124;449;573;555;1861;2416;108;1018;1126
Джалал-Абадская обл.;4170300000000000;Базар-Коргонский р-н;41703207000000000;341821;ЦОВП БАЗАР-КОРГОНСКОГО РАЙОНА;Центр общеврачебной практики Базар-Коргонского района Жалал-Абадской области;27;1288;1252;2540;138;511;649;516;1917;2433;116;985;1101
Джалал-Абадская обл.;4170300000000000;Базар-Коргонский р-н;41703207000000000;341821;ЦОВП БАЗАР-КОРГОНСКОГО РАЙОНА;Центр общеврачебной практики Базар-Коргонского района Жалал-Абадской области;28;1403;1272;2675;162;592;754;528;1851;2379;135;1083;1218
Джалал-Абадская обл.;4170300000000000;Базар-Коргонский р-н;41703207000000000;341821;ЦОВП БАЗАР-КОРГОНСКОГО РАЙОНА;Центр общеврачебной практики Базар-Коргонского района Жалал-Абадской области;29;1455;1340;2795;279;644;923;474;1872;2346;160;1135;1295
Джалал-Абадская обл.;4170300000000000;Базар-Коргонский р-н;41703207000000000;341821;ЦОВП БАЗАР-КОРГОНСКОГО РАЙОНА;Центр общеврачебной практики Базар-Коргонского района Жалал-Абадской области;30;1436;1443;2879;384;763;1147;562;1658;2220;237;1050;1287
Джалал-Абадская обл.;4170300000000000;Базар-Коргонский р-н;41703207000000000;341821;ЦОВП БАЗАР-КОРГОНСКОГО РАЙОНА;Центр общеврачебной практики Базар-Коргонского района Жалал-Абадской области;31;1312;1396;2708;369;752;1121;452;1832;2284;184;1161;1345
Джалал-Абадская обл.;4170300000000000;Базар-Коргонский р-н;41703207000000000;341821;ЦОВП БАЗАР-КОРГОНСКОГО РАЙОНА;Центр общеврачебной практики Базар-Коргонского района Жалал-Абадской области;32;1288;1392;2680;396;739;1135;451;1678;2129;215;1148;1363
Джалал-Абадская обл.;4170300000000000;Базар-Коргонский р-н;41703207000000000;341821;ЦОВП БАЗАР-КОРГОНСКОГО РАЙОНА;Центр общеврачебной практики Базар-Коргонского района Жалал-Абадской области;33;1341;1311;2652;454;697;1151;524;1551;2075;282;1068;1350
Джалал-Абадская обл.;4170300000000000;Базар-Коргонский р-н;41703207000000000;341821;ЦОВП БАЗАР-КОРГОНСКОГО РАЙОНА;Центр общеврачебной практики Базар-Коргонского района Жалал-Абадской области;34;1316;1447;2763;454;792;1246;489;1511;2000;253;1054;1307
Джалал-Абадская обл.;4170300000000000;Базар-Коргонский р-н;41703207000000000;341821;ЦОВП БАЗАР-КОРГОНСКОГО РАЙОНА;Центр общеврачебной практики Базар-Коргонского района Жалал-Абадской области;35;1303;1342;2645;454;840;1294;439;1482;1921;188;993;1181
Джалал-Абадская обл.;4170300000000000;Базар-Коргонский р-н;41703207000000000;341821;ЦОВП БАЗАР-КОРГОНСКОГО РАЙОНА;Центр общеврачебной практики Базар-Коргонского района Жалал-Абадской области;36;1309;1192;2501;470;724;1194;518;1327;1845;240;980;1220
Джалал-Абадская обл.;4170300000000000;Базар-Коргонский р-н;41703207000000000;341821;ЦОВП БАЗАР-КОРГОНСКОГО РАЙОНА;Центр общеврачебной практики Базар-Коргонского района Жалал-Абадской области;37;1240;1231;2471;465;754;1219;453;1235;1688;235;849;1084
Джалал-Абадская обл.;4170300000000000;Базар-Коргонский р-н;41703207000000000;341821;ЦОВП БАЗАР-КОРГОНСКОГО РАЙОНА;Центр общеврачебной практики Базар-Коргонского района Жалал-Абадской области;38;1211;1148;2359;492;690;1182;504;1030;1534;295;800;1095
Джалал-Абадская обл.;4170300000000000;Базар-Коргонский р-н;41703207000000000;341821;ЦОВП БАЗАР-КОРГОНСКОГО РАЙОНА;Центр общеврачебной практики Базар-Коргонского района Жалал-Абадской области;39;1142;1087;2229;517;647;1164;468;1057;1525;282;803;1085
Джалал-Абадская обл.;4170300000000000;Базар-Коргонский р-н;41703207000000000;341821;ЦОВП БАЗАР-КОРГОНСКОГО РАЙОНА;Центр общеврачебной практики Базар-Коргонского района Жалал-Абадской области;40;970;1057;2027;440;703;1143;366;814;1180;251;670;921
Джалал-Абадская обл.;4170300000000000;Базар-Коргонский р-н;41703207000000000;341821;ЦОВП БАЗАР-КОРГОНСКОГО РАЙОНА;Центр общеврачебной практики Базар-Коргонского района Жалал-Абадской области;41;976;986;1962;505;643;1148;378;779;1157;220;587;807
Джалал-Абадская обл.;4170300000000000;Базар-Коргонский р-н;41703207000000000;341821;ЦОВП БАЗАР-КОРГОНСКОГО РАЙОНА;Центр общеврачебной практики Базар-Коргонского района Жалал-Абадской области;42;882;984;1866;453;629;1082;388;640;1028;246;482;728
Джалал-Абадская обл.;4170300000000000;Базар-Коргонский р-н;41703207000000000;341821;ЦОВП БАЗАР-КОРГОНСКОГО РАЙОНА;Центр общеврачебной практики Базар-Коргонского района Жалал-Абадской области;43;900;873;1773;428;547;975;365;684;1049;243;533;776
Джалал-Абадская обл.;4170300000000000;Базар-Коргонский р-н;41703207000000000;341821;ЦОВП БАЗАР-КОРГОНСКОГО РАЙОНА;Центр общеврачебной практики Базар-Коргонского района Жалал-Абадской области;44;784;807;1591;380;478;858;329;605;934;232;440;672
Джалал-Абадская обл.;4170300000000000;Базар-Коргонский р-н;41703207000000000;341821;ЦОВП БАЗАР-КОРГОНСКОГО РАЙОНА;Центр общеврачебной практики Базар-Коргонского района Жалал-Абадской области;45;816;788;1604;380;462;842;337;556;893;203;440;643
Джалал-Абадская обл.;4170300000000000;Базар-Коргонский р-н;41703207000000000;341821;ЦОВП БАЗАР-КОРГОНСКОГО РАЙОНА;Центр общеврачебной практики Базар-Коргонского района Жалал-Абадской области;46;828;786;1614;403;463;866;354;564;918;226;424;650
Джалал-Абадская обл.;4170300000000000;Базар-Коргонский р-н;41703207000000000;341821;ЦОВП БАЗАР-КОРГОНСКОГО РАЙОНА;Центр общеврачебной практики Базар-Коргонского района Жалал-Абадской области;47;761;756;1517;354;443;797;315;617;932;188;451;639
Джалал-Абадская обл.;4170300000000000;Базар-Коргонский р-н;41703207000000000;341821;ЦОВП БАЗАР-КОРГОНСКОГО РАЙОНА;Центр общеврачебной практики Базар-Коргонского района Жалал-Абадской области;48;723;798;1521;364;462;826;339;670;1009;222;507;729
Джалал-Абадская обл.;4170300000000000;Базар-Коргонский р-н;41703207000000000;341821;ЦОВП БАЗАР-КОРГОНСКОГО РАЙОНА;Центр общеврачебной практики Базар-Коргонского района Жалал-Абадской области;49;712;736;1448;361;442;803;418;636;1054;292;494;786
Джалал-Абадская обл.;4170300000000000;Базар-Коргонский р-н;41703207000000000;341821;ЦОВП БАЗАР-КОРГОНСКОГО РАЙОНА;Центр общеврачебной практики Базар-Коргонского района Жалал-Абадской области;50;681;719;1400;344;402;746;341;674;1015;247;525;772
Джалал-Абадская обл.;4170300000000000;Базар-Коргонский р-н;41703207000000000;341821;ЦОВП БАЗАР-КОРГОНСКОГО РАЙОНА;Центр общеврачебной практики Базар-Коргонского района Жалал-Абадской области;51;745;742;1487;412;439;851;342;647;989;258;464;722
Джалал-Абадская обл.;4170300000000000;Базар-Коргонский р-н;41703207000000000;341821;ЦОВП БАЗАР-КОРГОНСКОГО РАЙОНА;Центр общеврачебной практики Базар-Коргонского района Жалал-Абадской области;52;693;747;1440;373;430;803;336;768;1104;232;590;822
Джалал-Абадская обл.;4170300000000000;Базар-Коргонский р-н;41703207000000000;341821;ЦОВП БАЗАР-КОРГОНСКОГО РАЙОНА;Центр общеврачебной практики Базар-Коргонского района Жалал-Абадской области;53;613;728;1341;328;426;754;356;659;1015;285;503;788
Джалал-Абадская обл.;4170300000000000;Базар-Коргонский р-н;41703207000000000;341821;ЦОВП БАЗАР-КОРГОНСКОГО РАЙОНА;Центр общеврачебной практики Базар-Коргонского района Жалал-Абадской области;54;672;708;1380;388;417;805;421;664;1085;334;501;835
Джалал-Абадская обл.;4170300000000000;Базар-Коргонский р-н;41703207000000000;341821;ЦОВП БАЗАР-КОРГОНСКОГО РАЙОНА;Центр общеврачебной практики Базар-Коргонского района Жалал-Абадской области;55;640;669;1309;383;394;777;372;743;1115;271;590;861
Джалал-Абадская обл.;4170300000000000;Базар-Коргонский р-н;41703207000000000;341821;ЦОВП БАЗАР-КОРГОНСКОГО РАЙОНА;Центр общеврачебной практики Базар-Коргонского района Жалал-Абадской области;56;649;712;1361;395;465;860;466;806;1272;368;651;1019
Джалал-Абадская обл.;4170300000000000;Базар-Коргонский р-н;41703207000000000;341821;ЦОВП БАЗАР-КОРГОНСКОГО РАЙОНА;Центр общеврачебной практики Базар-Коргонского района Жалал-Абадской области;57;583;690;1273;333;465;798;400;698;1098;329;562;891
Джалал-Абадская обл.;4170300000000000;Базар-Коргонский р-н;41703207000000000;341821;ЦОВП БАЗАР-КОРГОНСКОГО РАЙОНА;Центр общеврачебной практики Базар-Коргонского района Жалал-Абадской области;58;603;676;1279;394;460;854;495;764;1259;401;649;1050
Джалал-Абадская обл.;4170300000000000;Базар-Коргонский р-н;41703207000000000;341821;ЦОВП БАЗАР-КОРГОНСКОГО РАЙОНА;Центр общеврачебной практики Базар-Коргонского района Жалал-Абадской области;59;578;637;1215;350;462;812;438;612;1050;363;507;870
Джалал-Абадская обл.;4170300000000000;Базар-Коргонский р-н;41703207000000000;341821;ЦОВП БАЗАР-КОРГОНСКОГО РАЙОНА;Центр общеврачебной практики Базар-Коргонского района Жалал-Абадской области;60;548;607;1155;365;473;838;437;787;1224;373;699;1072
Джалал-Абадская обл.;4170300000000000;Базар-Коргонский р-н;41703207000000000;341821;ЦОВП БАЗАР-КОРГОНСКОГО РАЙОНА;Центр общеврачебной практики Базар-Коргонского района Жалал-Абадской области;61;599;655;1254;417;540;957;467;811;1278;399;734;1133
Джалал-Абадская обл.;4170300000000000;Базар-Коргонский р-н;41703207000000000;341821;ЦОВП БАЗАР-КОРГОНСКОГО РАЙОНА;Центр общеврачебной практики Базар-Коргонского района Жалал-Абадской области;62;573;645;1218;400;571;971;463;697;1160;374;659;1033
Джалал-Абадская обл.;4170300000000000;Базар-Коргонский р-н;41703207000000000;341821;ЦОВП БАЗАР-КОРГОНСКОГО РАЙОНА;Центр общеврачебной практики Базар-Коргонского района Жалал-Абадской области;63;524;600;1124;365;535;900;357;682;1039;274;651;925
Джалал-Абадская обл.;4170300000000000;Базар-Коргонский р-н;41703207000000000;341821;ЦОВП БАЗАР-КОРГОНСКОГО РАЙОНА;Центр общеврачебной практики Базар-Коргонского района Жалал-Абадской области;64;479;641;1120;358;603;961;397;709;1106;342;670;1012
Джалал-Абадская обл.;4170300000000000;Базар-Коргонский р-н;41703207000000000;341821;ЦОВП БАЗАР-КОРГОНСКОГО РАЙОНА;Центр общеврачебной практики Базар-Коргонского района Жалал-Абадской области;65;456;532;988;365;522;887;311;721;1032;270;716;986
Джалал-Абадская обл.;4170300000000000;Базар-Коргонский р-н;41703207000000000;341821;ЦОВП БАЗАР-КОРГОНСКОГО РАЙОНА;Центр общеврачебной практики Базар-Коргонского района Жалал-Абадской области;66;400;536;936;328;532;860;292;542;834;268;542;810
Джалал-Абадская обл.;4170300000000000;Базар-Коргонский р-н;41703207000000000;341821;ЦОВП БАЗАР-КОРГОНСКОГО РАЙОНА;Центр общеврачебной практики Базар-Коргонского района Жалал-Абадской области;67;341;464;805;315;459;774;237;592;829;224;590;814
Джалал-Абадская обл.;4170300000000000;Базар-Коргонский р-н;41703207000000000;341821;ЦОВП БАЗАР-КОРГОНСКОГО РАЙОНА;Центр общеврачебной практики Базар-Коргонского района Жалал-Абадской области;68;337;443;780;311;439;750;278;496;774;268;495;763
Джалал-Абадская обл.;4170300000000000;Базар-Коргонский р-н;41703207000000000;341821;ЦОВП БАЗАР-КОРГОНСКОГО РАЙОНА;Центр общеврачебной практики Базар-Коргонского района Жалал-Абадской области;69;297;353;650;273;350;623;231;476;707;225;475;700
Джалал-Абадская обл.;4170300000000000;Базар-Коргонский р-н;41703207000000000;341821;ЦОВП БАЗАР-КОРГОНСКОГО РАЙОНА;Центр общеврачебной практики Базар-Коргонского района Жалал-Абадской области;70;285;345;630;273;343;616;212;367;579;208;367;575
Джалал-Абадская обл.;4170300000000000;Базар-Коргонский р-н;41703207000000000;341821;ЦОВП БАЗАР-КОРГОНСКОГО РАЙОНА;Центр общеврачебной практики Базар-Коргонского района Жалал-Абадской области;71;219;323;542;218;321;539;157;311;468;157;306;463
Джалал-Абадская обл.;4170300000000000;Базар-Коргонский р-н;41703207000000000;341821;ЦОВП БАЗАР-КОРГОНСКОГО РАЙОНА;Центр общеврачебной практики Базар-Коргонского района Жалал-Абадской области;72;190;275;465;188;274;462;179;365;544;178;359;537
Джалал-Абадская обл.;4170300000000000;Базар-Коргонский р-н;41703207000000000;341821;ЦОВП БАЗАР-КОРГОНСКОГО РАЙОНА;Центр общеврачебной практики Базар-Коргонского района Жалал-Абадской области;73;164;210;374;162;210;372;188;296;484;182;294;476
Джалал-Абадская обл.;4170300000000000;Базар-Коргонский р-н;41703207000000000;341821;ЦОВП БАЗАР-КОРГОНСКОГО РАЙОНА;Центр общеврачебной практики Базар-Коргонского района Жалал-Абадской области;74;149;244;393;149;243;392;121;236;357;121;233;354
Джалал-Абадская обл.;4170300000000000;Базар-Коргонский р-н;41703207000000000;341821;ЦОВП БАЗАР-КОРГОНСКОГО РАЙОНА;Центр общеврачебной практики Базар-Коргонского района Жалал-Абадской области;75;106;172;278;105;172;277;86;156;242;86;156;242
Джалал-Абадская обл.;4170300000000000;Базар-Коргонский р-н;41703207000000000;341821;ЦОВП БАЗАР-КОРГОНСКОГО РАЙОНА;Центр общеврачебной практики Базар-Коргонского района Жалал-Абадской области;76;79;141;220;79;141;220;77;181;258;77;178;255
Джалал-Абадская обл.;4170300000000000;Базар-Коргонский р-н;41703207000000000;341821;ЦОВП БАЗАР-КОРГОНСКОГО РАЙОНА;Центр общеврачебной практики Базар-Коргонского района Жалал-Абадской области;77;99;153;252;99;153;252;56;116;172;56;113;169
Джалал-Абадская обл.;4170300000000000;Базар-Коргонский р-н;41703207000000000;341821;ЦОВП БАЗАР-КОРГОНСКОГО РАЙОНА;Центр общеврачебной практики Базар-Коргонского района Жалал-Абадской области;78;30;75;105;30;75;105;14;65;79;14;59;73
Джалал-Абадская обл.;4170300000000000;Базар-Коргонский р-н;41703207000000000;341821;ЦОВП БАЗАР-КОРГОНСКОГО РАЙОНА;Центр общеврачебной практики Базар-Коргонского района Жалал-Абадской области;79;16;41;57;16;41;57;8;35;43;8;33;41
Джалал-Абадская обл.;4170300000000000;Базар-Коргонский р-н;41703207000000000;341821;ЦОВП БАЗАР-КОРГОНСКОГО РАЙОНА;Центр общеврачебной практики Базар-Коргонского района Жалал-Абадской области;80;24;41;65;24;41;65;24;34;58;24;34;58
Джалал-Абадская обл.;4170300000000000;Базар-Коргонский р-н;41703207000000000;341821;ЦОВП БАЗАР-КОРГОНСКОГО РАЙОНА;Центр общеврачебной практики Базар-Коргонского района Жалал-Абадской области;81;40;46;86;40;46;86;35;63;98;35;63;98
Джалал-Абадская обл.;4170300000000000;Базар-Коргонский р-н;41703207000000000;341821;ЦОВП БАЗАР-КОРГОНСКОГО РАЙОНА;Центр общеврачебной практики Базар-Коргонского района Жалал-Абадской области;82;45;78;123;45;78;123;35;60;95;35;60;95
Джалал-Абадская обл.;4170300000000000;Базар-Коргонский р-н;41703207000000000;341821;ЦОВП БАЗАР-КОРГОНСКОГО РАЙОНА;Центр общеврачебной практики Базар-Коргонского района Жалал-Абадской области;83;20;61;81;20;61;81;25;56;81;25;56;81
Джалал-Абадская обл.;4170300000000000;Базар-Коргонский р-н;41703207000000000;341821;ЦОВП БАЗАР-КОРГОНСКОГО РАЙОНА;Центр общеврачебной практики Базар-Коргонского района Жалал-Абадской области;84;57;95;152;57;95;152;35;31;66;35;31;66
Джалал-Абадская обл.;4170300000000000;Базар-Коргонский р-н;41703207000000000;341821;ЦОВП БАЗАР-КОРГОНСКОГО РАЙОНА;Центр общеврачебной практики Базар-Коргонского района Жалал-Абадской области;85;32;74;106;32;74;106;21;40;61;21;39;60
Джалал-Абадская обл.;4170300000000000;Базар-Коргонский р-н;41703207000000000;341821;ЦОВП БАЗАР-КОРГОНСКОГО РАЙОНА;Центр общеврачебной практики Базар-Коргонского района Жалал-Абадской области;86;31;77;108;31;77;108;15;41;56;14;41;55
Джалал-Абадская обл.;4170300000000000;Базар-Коргонский р-н;41703207000000000;341821;ЦОВП БАЗАР-КОРГОНСКОГО РАЙОНА;Центр общеврачебной практики Базар-Коргонского района Жалал-Абадской области;87;21;47;68;21;47;68;8;15;23;8;15;23
Джалал-Абадская обл.;4170300000000000;Базар-Коргонский р-н;41703207000000000;341821;ЦОВП БАЗАР-КОРГОНСКОГО РАЙОНА;Центр общеврачебной практики Базар-Коргонского района Жалал-Абадской области;88;17;44;61;17;44;61;13;13;26;13;13;26
Джалал-Абадская обл.;4170300000000000;Базар-Коргонский р-н;41703207000000000;341821;ЦОВП БАЗАР-КОРГОНСКОГО РАЙОНА;Центр общеврачебной практики Базар-Коргонского района Жалал-Абадской области;89;16;36;52;16;36;52;5;17;22;5;16;21
Джалал-Абадская обл.;4170300000000000;Базар-Коргонский р-н;41703207000000000;341821;ЦОВП БАЗАР-КОРГОНСКОГО РАЙОНА;Центр общеврачебной практики Базар-Коргонского района Жалал-Абадской области;90;10;34;44;10;34;44;4;11;15;4;11;15
Джалал-Абадская обл.;4170300000000000;Базар-Коргонский р-н;41703207000000000;341821;ЦОВП БАЗАР-КОРГОНСКОГО РАЙОНА;Центр общеврачебной практики Базар-Коргонского района Жалал-Абадской области;91;9;22;31;9;22;31;10;11;21;10;11;21
Джалал-Абадская обл.;4170300000000000;Базар-Коргонский р-н;41703207000000000;341821;ЦОВП БАЗАР-КОРГОНСКОГО РАЙОНА;Центр общеврачебной практики Базар-Коргонского района Жалал-Абадской области;92;10;33;43;10;33;43;3;15;18;3;15;18
Джалал-Абадская обл.;4170300000000000;Базар-Коргонский р-н;41703207000000000;341821;ЦОВП БАЗАР-КОРГОНСКОГО РАЙОНА;Центр общеврачебной практики Базар-Коргонского района Жалал-Абадской области;93;8;7;15;8;7;15;5;5;10;5;5;10
Джалал-Абадская обл.;4170300000000000;Базар-Коргонский р-н;41703207000000000;341821;ЦОВП БАЗАР-КОРГОНСКОГО РАЙОНА;Центр общеврачебной практики Базар-Коргонского района Жалал-Абадской области;94;15;29;44;15;29;44;6;5;11;6;5;11
Джалал-Абадская обл.;4170300000000000;Базар-Коргонский р-н;41703207000000000;341821;ЦОВП БАЗАР-КОРГОНСКОГО РАЙОНА;Центр общеврачебной практики Базар-Коргонского района Жалал-Абадской области;95;0;8;8;0;8;8;0;2;2;0;2;2
Джалал-Абадская обл.;4170300000000000;Базар-Коргонский р-н;41703207000000000;341821;ЦОВП БАЗАР-КОРГОНСКОГО РАЙОНА;Центр общеврачебной практики Базар-Коргонского района Жалал-Абадской области;96;5;12;17;5;12;17;2;0;2;1;0;1
Джалал-Абадская обл.;4170300000000000;Базар-Коргонский р-н;41703207000000000;341821;ЦОВП БАЗАР-КОРГОНСКОГО РАЙОНА;Центр общеврачебной практики Базар-Коргонского района Жалал-Абадской области;99;2;7;9;2;7;9;0;1;1;0;1;1
Джалал-Абадская обл.;4170300000000000;Базар-Коргонский р-н;41703207000000000;341821;ЦОВП БАЗАР-КОРГОНСКОГО РАЙОНА;Центр общеврачебной практики Базар-Коргонского района Жалал-Абадской области;106;0;1;1;0;1;1;0;2;2;0;2;2
Таласская обл.;4170700000000000;Бакай-Атинский р-н;41707220000000000;721681;ЦОВП БАКАЙ-АТИНСКАЯ;ЦЕНТР ОБЩЕВРАЧЕБНОЙ ПРАКТИКИ БАКАЙ-АТИНСКОГО РАЙОНА;0;114;89;203;114;89;203;2564;2282;4846;2564;2282;4846
Таласская обл.;4170700000000000;Бакай-Атинский р-н;41707220000000000;721681;ЦОВП БАКАЙ-АТИНСКАЯ;ЦЕНТР ОБЩЕВРАЧЕБНОЙ ПРАКТИКИ БАКАЙ-АТИНСКОГО РАЙОНА;1;376;360;736;376;360;736;1112;980;2092;1112;980;2092
Таласская обл.;4170700000000000;Бакай-Атинский р-н;41707220000000000;721681;ЦОВП БАКАЙ-АТИНСКАЯ;ЦЕНТР ОБЩЕВРАЧЕБНОЙ ПРАКТИКИ БАКАЙ-АТИНСКОГО РАЙОНА;2;452;434;886;452;434;886;1002;840;1842;1002;840;1842
Таласская обл.;4170700000000000;Бакай-Атинский р-н;41707220000000000;721681;ЦОВП БАКАЙ-АТИНСКАЯ;ЦЕНТР ОБЩЕВРАЧЕБНОЙ ПРАКТИКИ БАКАЙ-АТИНСКОГО РАЙОНА;3;439;446;885;439;446;885;548;452;1000;548;452;1000
Таласская обл.;4170700000000000;Бакай-Атинский р-н;41707220000000000;721681;ЦОВП БАКАЙ-АТИНСКАЯ;ЦЕНТР ОБЩЕВРАЧЕБНОЙ ПРАКТИКИ БАКАЙ-АТИНСКОГО РАЙОНА;4;465;419;884;465;419;884;406;444;850;406;444;850
Таласская обл.;4170700000000000;Бакай-Атинский р-н;41707220000000000;721681;ЦОВП БАКАЙ-АТИНСКАЯ;ЦЕНТР ОБЩЕВРАЧЕБНОЙ ПРАКТИКИ БАКАЙ-АТИНСКОГО РАЙОНА;5;404;388;792;404;388;792;499;417;916;499;417;916
Таласская обл.;4170700000000000;Бакай-Атинский р-н;41707220000000000;721681;ЦОВП БАКАЙ-АТИНСКАЯ;ЦЕНТР ОБЩЕВРАЧЕБНОЙ ПРАКТИКИ БАКАЙ-АТИНСКОГО РАЙОНА;6;462;513;975;462;513;975;546;498;1044;546;498;1044
Таласская обл.;4170700000000000;Бакай-Атинский р-н;41707220000000000;721681;ЦОВП БАКАЙ-АТИНСКАЯ;ЦЕНТР ОБЩЕВРАЧЕБНОЙ ПРАКТИКИ БАКАЙ-АТИНСКОГО РАЙОНА;7;422;511;933;422;511;933;260;188;448;260;188;448
Таласская обл.;4170700000000000;Бакай-Атинский р-н;41707220000000000;721681;ЦОВП БАКАЙ-АТИНСКАЯ;ЦЕНТР ОБЩЕВРАЧЕБНОЙ ПРАКТИКИ БАКАЙ-АТИНСКОГО РАЙОНА;8;422;536;958;422;536;958;199;155;354;199;155;354
Таласская обл.;4170700000000000;Бакай-Атинский р-н;41707220000000000;721681;ЦОВП БАКАЙ-АТИНСКАЯ;ЦЕНТР ОБЩЕВРАЧЕБНОЙ ПРАКТИКИ БАКАЙ-АТИНСКОГО РАЙОНА;9;478;617;1095;478;617;1095;214;152;366;214;152;366
Таласская обл.;4170700000000000;Бакай-Атинский р-н;41707220000000000;721681;ЦОВП БАКАЙ-АТИНСКАЯ;ЦЕНТР ОБЩЕВРАЧЕБНОЙ ПРАКТИКИ БАКАЙ-АТИНСКОГО РАЙОНА;10;439;600;1039;439;600;1039;223;195;418;223;195;418
Таласская обл.;4170700000000000;Бакай-Атинский р-н;41707220000000000;721681;ЦОВП БАКАЙ-АТИНСКАЯ;ЦЕНТР ОБЩЕВРАЧЕБНОЙ ПРАКТИКИ БАКАЙ-АТИНСКОГО РАЙОНА;11;472;598;1070;472;598;1070;195;291;486;195;291;486
Таласская обл.;4170700000000000;Бакай-Атинский р-н;41707220000000000;721681;ЦОВП БАКАЙ-АТИНСКАЯ;ЦЕНТР ОБЩЕВРАЧЕБНОЙ ПРАКТИКИ БАКАЙ-АТИНСКОГО РАЙОНА;12;484;658;1142;484;658;1142;225;180;405;225;180;405
Таласская обл.;4170700000000000;Бакай-Атинский р-н;41707220000000000;721681;ЦОВП БАКАЙ-АТИНСКАЯ;ЦЕНТР ОБЩЕВРАЧЕБНОЙ ПРАКТИКИ БАКАЙ-АТИНСКОГО РАЙОНА;13;512;596;1108;512;596;1108;194;166;360;194;166;360
Таласская обл.;4170700000000000;Бакай-Атинский р-н;41707220000000000;721681;ЦОВП БАКАЙ-АТИНСКАЯ;ЦЕНТР ОБЩЕВРАЧЕБНОЙ ПРАКТИКИ БАКАЙ-АТИНСКОГО РАЙОНА;14;603;683;1286;603;683;1286;256;283;539;256;283;539
Таласская обл.;4170700000000000;Бакай-Атинский р-н;41707220000000000;721681;ЦОВП БАКАЙ-АТИНСКАЯ;ЦЕНТР ОБЩЕВРАЧЕБНОЙ ПРАКТИКИ БАКАЙ-АТИНСКОГО РАЙОНА;15;554;613;1167;554;613;1167;499;387;886;499;387;886
Таласская обл.;4170700000000000;Бакай-Атинский р-н;41707220000000000;721681;ЦОВП БАКАЙ-АТИНСКАЯ;ЦЕНТР ОБЩЕВРАЧЕБНОЙ ПРАКТИКИ БАКАЙ-АТИНСКОГО РАЙОНА;16;562;637;1199;562;637;1199;358;281;639;358;281;639
Таласская обл.;4170700000000000;Бакай-Атинский р-н;41707220000000000;721681;ЦОВП БАКАЙ-АТИНСКАЯ;ЦЕНТР ОБЩЕВРАЧЕБНОЙ ПРАКТИКИ БАКАЙ-АТИНСКОГО РАЙОНА;17;464;564;1028;458;559;1017;348;474;822;334;454;788
Таласская обл.;4170700000000000;Бакай-Атинский р-н;41707220000000000;721681;ЦОВП БАКАЙ-АТИНСКАЯ;ЦЕНТР ОБЩЕВРАЧЕБНОЙ ПРАКТИКИ БАКАЙ-АТИНСКОГО РАЙОНА;18;456;475;931;446;465;911;272;595;867;228;492;720
Таласская обл.;4170700000000000;Бакай-Атинский р-н;41707220000000000;721681;ЦОВП БАКАЙ-АТИНСКАЯ;ЦЕНТР ОБЩЕВРАЧЕБНОЙ ПРАКТИКИ БАКАЙ-АТИНСКОГО РАЙОНА;19;438;376;814;141;122;263;209;476;685;21;111;132
Таласская обл.;4170700000000000;Бакай-Атинский р-н;41707220000000000;721681;ЦОВП БАКАЙ-АТИНСКАЯ;ЦЕНТР ОБЩЕВРАЧЕБНОЙ ПРАКТИКИ БАКАЙ-АТИНСКОГО РАЙОНА;20;406;374;780;8;27;35;174;498;672;11;109;120
Таласская обл.;4170700000000000;Бакай-Атинский р-н;41707220000000000;721681;ЦОВП БАКАЙ-АТИНСКАЯ;ЦЕНТР ОБЩЕВРАЧЕБНОЙ ПРАКТИКИ БАКАЙ-АТИНСКОГО РАЙОНА;21;441;380;821;13;45;58;150;451;601;23;128;151
Таласская обл.;4170700000000000;Бакай-Атинский р-н;41707220000000000;721681;ЦОВП БАКАЙ-АТИНСКАЯ;ЦЕНТР ОБЩЕВРАЧЕБНОЙ ПРАКТИКИ БАКАЙ-АТИНСКОГО РАЙОНА;22;357;410;767;15;67;82;133;502;635;9;211;220
Таласская обл.;4170700000000000;Бакай-Атинский р-н;41707220000000000;721681;ЦОВП БАКАЙ-АТИНСКАЯ;ЦЕНТР ОБЩЕВРАЧЕБНОЙ ПРАКТИКИ БАКАЙ-АТИНСКОГО РАЙОНА;23;402;422;824;24;92;116;124;549;673;15;312;327
Таласская обл.;4170700000000000;Бакай-Атинский р-н;41707220000000000;721681;ЦОВП БАКАЙ-АТИНСКАЯ;ЦЕНТР ОБЩЕВРАЧЕБНОЙ ПРАКТИКИ БАКАЙ-АТИНСКОГО РАЙОНА;24;299;402;701;30;115;145;128;498;626;39;307;346
Таласская обл.;4170700000000000;Бакай-Атинский р-н;41707220000000000;721681;ЦОВП БАКАЙ-АТИНСКАЯ;ЦЕНТР ОБЩЕВРАЧЕБНОЙ ПРАКТИКИ БАКАЙ-АТИНСКОГО РАЙОНА;25;336;383;719;50;127;177;145;475;620;60;341;401
Таласская обл.;4170700000000000;Бакай-Атинский р-н;41707220000000000;721681;ЦОВП БАКАЙ-АТИНСКАЯ;ЦЕНТР ОБЩЕВРАЧЕБНОЙ ПРАКТИКИ БАКАЙ-АТИНСКОГО РАЙОНА;26;318;335;653;53;138;191;177;493;670;55;347;402
Таласская обл.;4170700000000000;Бакай-Атинский р-н;41707220000000000;721681;ЦОВП БАКАЙ-АТИНСКАЯ;ЦЕНТР ОБЩЕВРАЧЕБНОЙ ПРАКТИКИ БАКАЙ-АТИНСКОГО РАЙОНА;27;353;306;659;70;142;212;146;583;729;45;402;447
Таласская обл.;4170700000000000;Бакай-Атинский р-н;41707220000000000;721681;ЦОВП БАКАЙ-АТИНСКАЯ;ЦЕНТР ОБЩЕВРАЧЕБНОЙ ПРАКТИКИ БАКАЙ-АТИНСКОГО РАЙОНА;28;368;345;713;104;166;270;166;498;664;80;353;433
Таласская обл.;4170700000000000;Бакай-Атинский р-н;41707220000000000;721681;ЦОВП БАКАЙ-АТИНСКАЯ;ЦЕНТР ОБЩЕВРАЧЕБНОЙ ПРАКТИКИ БАКАЙ-АТИНСКОГО РАЙОНА;29;424;388;812;151;199;350;179;603;782;101;467;568
Таласская обл.;4170700000000000;Бакай-Атинский р-н;41707220000000000;721681;ЦОВП БАКАЙ-АТИНСКАЯ;ЦЕНТР ОБЩЕВРАЧЕБНОЙ ПРАКТИКИ БАКАЙ-АТИНСКОГО РАЙОНА;30;458;393;851;230;225;455;218;631;849;123;492;615
Таласская обл.;4170700000000000;Бакай-Атинский р-н;41707220000000000;721681;ЦОВП БАКАЙ-АТИНСКАЯ;ЦЕНТР ОБЩЕВРАЧЕБНОЙ ПРАКТИКИ БАКАЙ-АТИНСКОГО РАЙОНА;31;414;373;787;219;231;450;198;484;682;145;343;488
Таласская обл.;4170700000000000;Бакай-Атинский р-н;41707220000000000;721681;ЦОВП БАКАЙ-АТИНСКАЯ;ЦЕНТР ОБЩЕВРАЧЕБНОЙ ПРАКТИКИ БАКАЙ-АТИНСКОГО РАЙОНА;32;441;393;834;257;227;484;207;515;722;153;385;538
Таласская обл.;4170700000000000;Бакай-Атинский р-н;41707220000000000;721681;ЦОВП БАКАЙ-АТИНСКАЯ;ЦЕНТР ОБЩЕВРАЧЕБНОЙ ПРАКТИКИ БАКАЙ-АТИНСКОГО РАЙОНА;33;396;340;736;241;213;454;204;540;744;155;419;574
Таласская обл.;4170700000000000;Бакай-Атинский р-н;41707220000000000;721681;ЦОВП БАКАЙ-АТИНСКАЯ;ЦЕНТР ОБЩЕВРАЧЕБНОЙ ПРАКТИКИ БАКАЙ-АТИНСКОГО РАЙОНА;34;408;361;769;249;231;480;265;463;728;213;404;617
Таласская обл.;4170700000000000;Бакай-Атинский р-н;41707220000000000;721681;ЦОВП БАКАЙ-АТИНСКАЯ;ЦЕНТР ОБЩЕВРАЧЕБНОЙ ПРАКТИКИ БАКАЙ-АТИНСКОГО РАЙОНА;35;360;320;680;240;208;448;241;565;806;181;459;640
Таласская обл.;4170700000000000;Бакай-Атинский р-н;41707220000000000;721681;ЦОВП БАКАЙ-АТИНСКАЯ;ЦЕНТР ОБЩЕВРАЧЕБНОЙ ПРАКТИКИ БАКАЙ-АТИНСКОГО РАЙОНА;36;363;363;726;247;250;497;231;651;882;181;563;744
Таласская обл.;4170700000000000;Бакай-Атинский р-н;41707220000000000;721681;ЦОВП БАКАЙ-АТИНСКАЯ;ЦЕНТР ОБЩЕВРАЧЕБНОЙ ПРАКТИКИ БАКАЙ-АТИНСКОГО РАЙОНА;37;336;318;654;230;223;453;219;431;650;190;399;589
Таласская обл.;4170700000000000;Бакай-Атинский р-н;41707220000000000;721681;ЦОВП БАКАЙ-АТИНСКАЯ;ЦЕНТР ОБЩЕВРАЧЕБНОЙ ПРАКТИКИ БАКАЙ-АТИНСКОГО РАЙОНА;38;354;296;650;255;205;460;171;409;580;141;336;477
Таласская обл.;4170700000000000;Бакай-Атинский р-н;41707220000000000;721681;ЦОВП БАКАЙ-АТИНСКАЯ;ЦЕНТР ОБЩЕВРАЧЕБНОЙ ПРАКТИКИ БАКАЙ-АТИНСКОГО РАЙОНА;39;327;302;629;211;211;422;195;401;596;169;339;508
Таласская обл.;4170700000000000;Бакай-Атинский р-н;41707220000000000;721681;ЦОВП БАКАЙ-АТИНСКАЯ;ЦЕНТР ОБЩЕВРАЧЕБНОЙ ПРАКТИКИ БАКАЙ-АТИНСКОГО РАЙОНА;40;289;294;583;206;201;407;134;416;550;113;340;453
Таласская обл.;4170700000000000;Бакай-Атинский р-н;41707220000000000;721681;ЦОВП БАКАЙ-АТИНСКАЯ;ЦЕНТР ОБЩЕВРАЧЕБНОЙ ПРАКТИКИ БАКАЙ-АТИНСКОГО РАЙОНА;41;325;276;601;211;199;410;188;395;583;144;361;505
Таласская обл.;4170700000000000;Бакай-Атинский р-н;41707220000000000;721681;ЦОВП БАКАЙ-АТИНСКАЯ;ЦЕНТР ОБЩЕВРАЧЕБНОЙ ПРАКТИКИ БАКАЙ-АТИНСКОГО РАЙОНА;42;286;299;585;185;213;398;138;341;479;108;298;406
Таласская обл.;4170700000000000;Бакай-Атинский р-н;41707220000000000;721681;ЦОВП БАКАЙ-АТИНСКАЯ;ЦЕНТР ОБЩЕВРАЧЕБНОЙ ПРАКТИКИ БАКАЙ-АТИНСКОГО РАЙОНА;43;305;293;598;200;205;405;154;324;478;129;254;383
Таласская обл.;4170700000000000;Бакай-Атинский р-н;41707220000000000;721681;ЦОВП БАКАЙ-АТИНСКАЯ;ЦЕНТР ОБЩЕВРАЧЕБНОЙ ПРАКТИКИ БАКАЙ-АТИНСКОГО РАЙОНА;44;269;254;523;164;163;327;172;355;527;103;266;369
Таласская обл.;4170700000000000;Бакай-Атинский р-н;41707220000000000;721681;ЦОВП БАКАЙ-АТИНСКАЯ;ЦЕНТР ОБЩЕВРАЧЕБНОЙ ПРАКТИКИ БАКАЙ-АТИНСКОГО РАЙОНА;45;291;235;526;175;153;328;177;308;485;127;248;375
Таласская обл.;4170700000000000;Бакай-Атинский р-н;41707220000000000;721681;ЦОВП БАКАЙ-АТИНСКАЯ;ЦЕНТР ОБЩЕВРАЧЕБНОЙ ПРАКТИКИ БАКАЙ-АТИНСКОГО РАЙОНА;46;256;247;503;157;161;318;159;322;481;112;235;347
Таласская обл.;4170700000000000;Бакай-Атинский р-н;41707220000000000;721681;ЦОВП БАКАЙ-АТИНСКАЯ;ЦЕНТР ОБЩЕВРАЧЕБНОЙ ПРАКТИКИ БАКАЙ-АТИНСКОГО РАЙОНА;47;271;233;504;161;153;314;184;307;491;153;237;390
Таласская обл.;4170700000000000;Бакай-Атинский р-н;41707220000000000;721681;ЦОВП БАКАЙ-АТИНСКАЯ;ЦЕНТР ОБЩЕВРАЧЕБНОЙ ПРАКТИКИ БАКАЙ-АТИНСКОГО РАЙОНА;48;256;249;505;142;165;307;150;278;428;121;210;331
Таласская обл.;4170700000000000;Бакай-Атинский р-н;41707220000000000;721681;ЦОВП БАКАЙ-АТИНСКАЯ;ЦЕНТР ОБЩЕВРАЧЕБНОЙ ПРАКТИКИ БАКАЙ-АТИНСКОГО РАЙОНА;49;233;230;463;142;140;282;169;273;442;140;208;348
Таласская обл.;4170700000000000;Бакай-Атинский р-н;41707220000000000;721681;ЦОВП БАКАЙ-АТИНСКАЯ;ЦЕНТР ОБЩЕВРАЧЕБНОЙ ПРАКТИКИ БАКАЙ-АТИНСКОГО РАЙОНА;50;249;223;472;145;126;271;171;230;401;115;144;259
Таласская обл.;4170700000000000;Бакай-Атинский р-н;41707220000000000;721681;ЦОВП БАКАЙ-АТИНСКАЯ;ЦЕНТР ОБЩЕВРАЧЕБНОЙ ПРАКТИКИ БАКАЙ-АТИНСКОГО РАЙОНА;51;236;250;486;127;132;259;185;336;521;114;232;346
Таласская обл.;4170700000000000;Бакай-Атинский р-н;41707220000000000;721681;ЦОВП БАКАЙ-АТИНСКАЯ;ЦЕНТР ОБЩЕВРАЧЕБНОЙ ПРАКТИКИ БАКАЙ-АТИНСКОГО РАЙОНА;52;218;233;451;119;132;251;196;308;504;142;239;381
Таласская обл.;4170700000000000;Бакай-Атинский р-н;41707220000000000;721681;ЦОВП БАКАЙ-АТИНСКАЯ;ЦЕНТР ОБЩЕВРАЧЕБНОЙ ПРАКТИКИ БАКАЙ-АТИНСКОГО РАЙОНА;53;249;214;463;146;134;280;240;273;513;165;185;350
Таласская обл.;4170700000000000;Бакай-Атинский р-н;41707220000000000;721681;ЦОВП БАКАЙ-АТИНСКАЯ;ЦЕНТР ОБЩЕВРАЧЕБНОЙ ПРАКТИКИ БАКАЙ-АТИНСКОГО РАЙОНА;54;214;210;424;115;124;239;137;319;456;92;238;330
Таласская обл.;4170700000000000;Бакай-Атинский р-н;41707220000000000;721681;ЦОВП БАКАЙ-АТИНСКАЯ;ЦЕНТР ОБЩЕВРАЧЕБНОЙ ПРАКТИКИ БАКАЙ-АТИНСКОГО РАЙОНА;55;222;228;450;136;153;289;203;377;580;154;296;450
Таласская обл.;4170700000000000;Бакай-Атинский р-н;41707220000000000;721681;ЦОВП БАКАЙ-АТИНСКАЯ;ЦЕНТР ОБЩЕВРАЧЕБНОЙ ПРАКТИКИ БАКАЙ-АТИНСКОГО РАЙОНА;56;194;220;414;116;155;271;162;399;561;105;316;421
Таласская обл.;4170700000000000;Бакай-Атинский р-н;41707220000000000;721681;ЦОВП БАКАЙ-АТИНСКАЯ;ЦЕНТР ОБЩЕВРАЧЕБНОЙ ПРАКТИКИ БАКАЙ-АТИНСКОГО РАЙОНА;57;169;222;391;106;164;270;211;365;576;143;326;469
Таласская обл.;4170700000000000;Бакай-Атинский р-н;41707220000000000;721681;ЦОВП БАКАЙ-АТИНСКАЯ;ЦЕНТР ОБЩЕВРАЧЕБНОЙ ПРАКТИКИ БАКАЙ-АТИНСКОГО РАЙОНА;58;204;200;404;121;148;269;195;337;532;174;296;470
Таласская обл.;4170700000000000;Бакай-Атинский р-н;41707220000000000;721681;ЦОВП БАКАЙ-АТИНСКАЯ;ЦЕНТР ОБЩЕВРАЧЕБНОЙ ПРАКТИКИ БАКАЙ-АТИНСКОГО РАЙОНА;59;187;196;383;122;161;283;187;293;480;153;272;425
Таласская обл.;4170700000000000;Бакай-Атинский р-н;41707220000000000;721681;ЦОВП БАКАЙ-АТИНСКАЯ;ЦЕНТР ОБЩЕВРАЧЕБНОЙ ПРАКТИКИ БАКАЙ-АТИНСКОГО РАЙОНА;60;160;203;363;102;164;266;231;384;615;171;349;520
Таласская обл.;4170700000000000;Бакай-Атинский р-н;41707220000000000;721681;ЦОВП БАКАЙ-АТИНСКАЯ;ЦЕНТР ОБЩЕВРАЧЕБНОЙ ПРАКТИКИ БАКАЙ-АТИНСКОГО РАЙОНА;61;159;243;402;113;191;304;265;386;651;224;326;550
Таласская обл.;4170700000000000;Бакай-Атинский р-н;41707220000000000;721681;ЦОВП БАКАЙ-АТИНСКАЯ;ЦЕНТР ОБЩЕВРАЧЕБНОЙ ПРАКТИКИ БАКАЙ-АТИНСКОГО РАЙОНА;62;180;204;384;112;164;276;222;295;517;171;287;458
Таласская обл.;4170700000000000;Бакай-Атинский р-н;41707220000000000;721681;ЦОВП БАКАЙ-АТИНСКАЯ;ЦЕНТР ОБЩЕВРАЧЕБНОЙ ПРАКТИКИ БАКАЙ-АТИНСКОГО РАЙОНА;63;183;192;375;149;180;329;262;342;604;203;323;526
Таласская обл.;4170700000000000;Бакай-Атинский р-н;41707220000000000;721681;ЦОВП БАКАЙ-АТИНСКАЯ;ЦЕНТР ОБЩЕВРАЧЕБНОЙ ПРАКТИКИ БАКАЙ-АТИНСКОГО РАЙОНА;64;156;208;364;130;201;331;216;320;536;180;308;488
Таласская обл.;4170700000000000;Бакай-Атинский р-н;41707220000000000;721681;ЦОВП БАКАЙ-АТИНСКАЯ;ЦЕНТР ОБЩЕВРАЧЕБНОЙ ПРАКТИКИ БАКАЙ-АТИНСКОГО РАЙОНА;65;156;188;344;127;177;304;239;294;533;205;275;480
Таласская обл.;4170700000000000;Бакай-Атинский р-н;41707220000000000;721681;ЦОВП БАКАЙ-АТИНСКАЯ;ЦЕНТР ОБЩЕВРАЧЕБНОЙ ПРАКТИКИ БАКАЙ-АТИНСКОГО РАЙОНА;66;157;188;345;136;179;315;246;318;564;222;306;528
Таласская обл.;4170700000000000;Бакай-Атинский р-н;41707220000000000;721681;ЦОВП БАКАЙ-АТИНСКАЯ;ЦЕНТР ОБЩЕВРАЧЕБНОЙ ПРАКТИКИ БАКАЙ-АТИНСКОГО РАЙОНА;67;144;153;297;129;147;276;206;256;462;188;243;431
Таласская обл.;4170700000000000;Бакай-Атинский р-н;41707220000000000;721681;ЦОВП БАКАЙ-АТИНСКАЯ;ЦЕНТР ОБЩЕВРАЧЕБНОЙ ПРАКТИКИ БАКАЙ-АТИНСКОГО РАЙОНА;68;122;159;281;105;153;258;176;279;455;170;271;441
Таласская обл.;4170700000000000;Бакай-Атинский р-н;41707220000000000;721681;ЦОВП БАКАЙ-АТИНСКАЯ;ЦЕНТР ОБЩЕВРАЧЕБНОЙ ПРАКТИКИ БАКАЙ-АТИНСКОГО РАЙОНА;69;93;127;220;87;123;210;225;289;514;198;287;485
Таласская обл.;4170700000000000;Бакай-Атинский р-н;41707220000000000;721681;ЦОВП БАКАЙ-АТИНСКАЯ;ЦЕНТР ОБЩЕВРАЧЕБНОЙ ПРАКТИКИ БАКАЙ-АТИНСКОГО РАЙОНА;70;116;121;237;102;121;223;221;226;447;188;222;410
Таласская обл.;4170700000000000;Бакай-Атинский р-н;41707220000000000;721681;ЦОВП БАКАЙ-АТИНСКАЯ;ЦЕНТР ОБЩЕВРАЧЕБНОЙ ПРАКТИКИ БАКАЙ-АТИНСКОГО РАЙОНА;71;98;116;214;94;113;207;101;221;322;97;201;298
Таласская обл.;4170700000000000;Бакай-Атинский р-н;41707220000000000;721681;ЦОВП БАКАЙ-АТИНСКАЯ;ЦЕНТР ОБЩЕВРАЧЕБНОЙ ПРАКТИКИ БАКАЙ-АТИНСКОГО РАЙОНА;72;77;122;199;76;122;198;120;259;379;116;246;362
Таласская обл.;4170700000000000;Бакай-Атинский р-н;41707220000000000;721681;ЦОВП БАКАЙ-АТИНСКАЯ;ЦЕНТР ОБЩЕВРАЧЕБНОЙ ПРАКТИКИ БАКАЙ-АТИНСКОГО РАЙОНА;73;69;97;166;64;96;160;148;206;354;132;202;334
Таласская обл.;4170700000000000;Бакай-Атинский р-н;41707220000000000;721681;ЦОВП БАКАЙ-АТИНСКАЯ;ЦЕНТР ОБЩЕВРАЧЕБНОЙ ПРАКТИКИ БАКАЙ-АТИНСКОГО РАЙОНА;74;54;89;143;52;88;140;55;134;189;55;127;182
Таласская обл.;4170700000000000;Бакай-Атинский р-н;41707220000000000;721681;ЦОВП БАКАЙ-АТИНСКАЯ;ЦЕНТР ОБЩЕВРАЧЕБНОЙ ПРАКТИКИ БАКАЙ-АТИНСКОГО РАЙОНА;75;61;82;143;61;81;142;96;127;223;96;121;217
Таласская обл.;4170700000000000;Бакай-Атинский р-н;41707220000000000;721681;ЦОВП БАКАЙ-АТИНСКАЯ;ЦЕНТР ОБЩЕВРАЧЕБНОЙ ПРАКТИКИ БАКАЙ-АТИНСКОГО РАЙОНА;76;39;66;105;39;66;105;96;117;213;94;116;210
Таласская обл.;4170700000000000;Бакай-Атинский р-н;41707220000000000;721681;ЦОВП БАКАЙ-АТИНСКАЯ;ЦЕНТР ОБЩЕВРАЧЕБНОЙ ПРАКТИКИ БАКАЙ-АТИНСКОГО РАЙОНА;77;45;83;128;45;82;127;74;125;199;74;120;194
Таласская обл.;4170700000000000;Бакай-Атинский р-н;41707220000000000;721681;ЦОВП БАКАЙ-АТИНСКАЯ;ЦЕНТР ОБЩЕВРАЧЕБНОЙ ПРАКТИКИ БАКАЙ-АТИНСКОГО РАЙОНА;78;20;37;57;20;37;57;30;47;77;30;47;77
Таласская обл.;4170700000000000;Бакай-Атинский р-н;41707220000000000;721681;ЦОВП БАКАЙ-АТИНСКАЯ;ЦЕНТР ОБЩЕВРАЧЕБНОЙ ПРАКТИКИ БАКАЙ-АТИНСКОГО РАЙОНА;79;8;21;29;8;21;29;12;18;30;11;18;29
Таласская обл.;4170700000000000;Бакай-Атинский р-н;41707220000000000;721681;ЦОВП БАКАЙ-АТИНСКАЯ;ЦЕНТР ОБЩЕВРАЧЕБНОЙ ПРАКТИКИ БАКАЙ-АТИНСКОГО РАЙОНА;80;9;17;26;9;17;26;10;30;40;9;29;38
Таласская обл.;4170700000000000;Бакай-Атинский р-н;41707220000000000;721681;ЦОВП БАКАЙ-АТИНСКАЯ;ЦЕНТР ОБЩЕВРАЧЕБНОЙ ПРАКТИКИ БАКАЙ-АТИНСКОГО РАЙОНА;81;13;23;36;13;23;36;24;16;40;21;15;36
Таласская обл.;4170700000000000;Бакай-Атинский р-н;41707220000000000;721681;ЦОВП БАКАЙ-АТИНСКАЯ;ЦЕНТР ОБЩЕВРАЧЕБНОЙ ПРАКТИКИ БАКАЙ-АТИНСКОГО РАЙОНА;82;20;32;52;19;32;51;31;32;63;30;32;62
Таласская обл.;4170700000000000;Бакай-Атинский р-н;41707220000000000;721681;ЦОВП БАКАЙ-АТИНСКАЯ;ЦЕНТР ОБЩЕВРАЧЕБНОЙ ПРАКТИКИ БАКАЙ-АТИНСКОГО РАЙОНА;83;16;32;48;15;32;47;10;47;57;10;47;57
Таласская обл.;4170700000000000;Бакай-Атинский р-н;41707220000000000;721681;ЦОВП БАКАЙ-АТИНСКАЯ;ЦЕНТР ОБЩЕВРАЧЕБНОЙ ПРАКТИКИ БАКАЙ-АТИНСКОГО РАЙОНА;84;17;35;52;16;35;51;20;37;57;20;36;56
Таласская обл.;4170700000000000;Бакай-Атинский р-н;41707220000000000;721681;ЦОВП БАКАЙ-АТИНСКАЯ;ЦЕНТР ОБЩЕВРАЧЕБНОЙ ПРАКТИКИ БАКАЙ-АТИНСКОГО РАЙОНА;85;14;26;40;14;26;40;21;26;47;21;21;42
Таласская обл.;4170700000000000;Бакай-Атинский р-н;41707220000000000;721681;ЦОВП БАКАЙ-АТИНСКАЯ;ЦЕНТР ОБЩЕВРАЧЕБНОЙ ПРАКТИКИ БАКАЙ-АТИНСКОГО РАЙОНА;86;10;42;52;9;41;50;20;20;40;15;20;35
Таласская обл.;4170700000000000;Бакай-Атинский р-н;41707220000000000;721681;ЦОВП БАКАЙ-АТИНСКАЯ;ЦЕНТР ОБЩЕВРАЧЕБНОЙ ПРАКТИКИ БАКАЙ-АТИНСКОГО РАЙОНА;87;5;24;29;5;23;28;5;21;26;5;20;25
Таласская обл.;4170700000000000;Бакай-Атинский р-н;41707220000000000;721681;ЦОВП БАКАЙ-АТИНСКАЯ;ЦЕНТР ОБЩЕВРАЧЕБНОЙ ПРАКТИКИ БАКАЙ-АТИНСКОГО РАЙОНА;88;11;25;36;11;24;35;13;17;30;13;15;28
Таласская обл.;4170700000000000;Бакай-Атинский р-н;41707220000000000;721681;ЦОВП БАКАЙ-АТИНСКАЯ;ЦЕНТР ОБЩЕВРАЧЕБНОЙ ПРАКТИКИ БАКАЙ-АТИНСКОГО РАЙОНА;89;7;13;20;7;13;20;21;19;40;21;19;40
Таласская обл.;4170700000000000;Бакай-Атинский р-н;41707220000000000;721681;ЦОВП БАКАЙ-АТИНСКАЯ;ЦЕНТР ОБЩЕВРАЧЕБНОЙ ПРАКТИКИ БАКАЙ-АТИНСКОГО РАЙОНА;90;2;20;22;2;20;22;1;5;6;1;3;4
Таласская обл.;4170700000000000;Бакай-Атинский р-н;41707220000000000;721681;ЦОВП БАКАЙ-АТИНСКАЯ;ЦЕНТР ОБЩЕВРАЧЕБНОЙ ПРАКТИКИ БАКАЙ-АТИНСКОГО РАЙОНА;91;4;9;13;4;9;13;0;9;9;0;9;9
Таласская обл.;4170700000000000;Бакай-Атинский р-н;41707220000000000;721681;ЦОВП БАКАЙ-АТИНСКАЯ;ЦЕНТР ОБЩЕВРАЧЕБНОЙ ПРАКТИКИ БАКАЙ-АТИНСКОГО РАЙОНА;92;1;11;12;1;11;12;0;3;3;0;3;3
Таласская обл.;4170700000000000;Бакай-Атинский р-н;41707220000000000;721681;ЦОВП БАКАЙ-АТИНСКАЯ;ЦЕНТР ОБЩЕВРАЧЕБНОЙ ПРАКТИКИ БАКАЙ-АТИНСКОГО РАЙОНА;93;0;3;3;0;3;3;0;2;2;0;1;1
Таласская обл.;4170700000000000;Бакай-Атинский р-н;41707220000000000;721681;ЦОВП БАКАЙ-АТИНСКАЯ;ЦЕНТР ОБЩЕВРАЧЕБНОЙ ПРАКТИКИ БАКАЙ-АТИНСКОГО РАЙОНА;94;4;15;19;4;15;19;0;1;1;0;0;0
Таласская обл.;4170700000000000;Бакай-Атинский р-н;41707220000000000;721681;ЦОВП БАКАЙ-АТИНСКАЯ;ЦЕНТР ОБЩЕВРАЧЕБНОЙ ПРАКТИКИ БАКАЙ-АТИНСКОГО РАЙОНА;97;0;5;5;0;5;5;0;1;1;0;1;1
Таласская обл.;4170700000000000;Бакай-Атинский р-н;41707220000000000;721681;ЦОВП БАКАЙ-АТИНСКАЯ;ЦЕНТР ОБЩЕВРАЧЕБНОЙ ПРАКТИКИ БАКАЙ-АТИНСКОГО РАЙОНА;98;0;2;2;0;2;2;0;1;1;0;1;1
Таласская обл.;4170700000000000;Бакай-Атинский р-н;41707220000000000;721681;ЦОВП БАКАЙ-АТИНСКАЯ;ЦЕНТР ОБЩЕВРАЧЕБНОЙ ПРАКТИКИ БАКАЙ-АТИНСКОГО РАЙОНА;99;0;1;1;0;1;1;0;2;2;0;2;2
Таласская обл.;4170700000000000;Бакай-Атинский р-н;41707220000000000;721681;ЦОВП БАКАЙ-АТИНСКАЯ;ЦЕНТР ОБЩЕВРАЧЕБНОЙ ПРАКТИКИ БАКАЙ-АТИНСКОГО РАЙОНА;100;0;2;2;0;2;2;0;1;1;0;1;1
Иссык-Кульская обл.;4170200000000000;Балыкчы г.;41702420000000000;241481;ЦОВП Г. БАЛЫКЧЫ;ЦЕНТР ОБЩЕВРАЧЕБНОЙ ПРАКТИКИ Г. БАЛЫКЧЫ;0;318;300;618;318;300;618;2724;2449;5173;2724;2449;5173
Иссык-Кульская обл.;4170200000000000;Балыкчы г.;41702420000000000;241481;ЦОВП Г. БАЛЫКЧЫ;ЦЕНТР ОБЩЕВРАЧЕБНОЙ ПРАКТИКИ Г. БАЛЫКЧЫ;1;405;411;816;405;411;816;1286;1193;2479;1286;1193;2479
Иссык-Кульская обл.;4170200000000000;Балыкчы г.;41702420000000000;241481;ЦОВП Г. БАЛЫКЧЫ;ЦЕНТР ОБЩЕВРАЧЕБНОЙ ПРАКТИКИ Г. БАЛЫКЧЫ;2;433;362;795;433;362;795;959;1019;1978;959;1019;1978
Иссык-Кульская обл.;4170200000000000;Балыкчы г.;41702420000000000;241481;ЦОВП Г. БАЛЫКЧЫ;ЦЕНТР ОБЩЕВРАЧЕБНОЙ ПРАКТИКИ Г. БАЛЫКЧЫ;3;440;435;875;440;435;875;642;599;1241;642;599;1241
Иссык-Кульская обл.;4170200000000000;Балыкчы г.;41702420000000000;241481;ЦОВП Г. БАЛЫКЧЫ;ЦЕНТР ОБЩЕВРАЧЕБНОЙ ПРАКТИКИ Г. БАЛЫКЧЫ;4;492;468;960;492;468;960;570;452;1022;570;452;1022
Иссык-Кульская обл.;4170200000000000;Балыкчы г.;41702420000000000;241481;ЦОВП Г. БАЛЫКЧЫ;ЦЕНТР ОБЩЕВРАЧЕБНОЙ ПРАКТИКИ Г. БАЛЫКЧЫ;5;473;462;935;473;462;935;488;429;917;488;429;917
Иссык-Кульская обл.;4170200000000000;Балыкчы г.;41702420000000000;241481;ЦОВП Г. БАЛЫКЧЫ;ЦЕНТР ОБЩЕВРАЧЕБНОЙ ПРАКТИКИ Г. БАЛЫКЧЫ;6;543;542;1085;543;542;1085;823;689;1512;823;689;1512
Иссык-Кульская обл.;4170200000000000;Балыкчы г.;41702420000000000;241481;ЦОВП Г. БАЛЫКЧЫ;ЦЕНТР ОБЩЕВРАЧЕБНОЙ ПРАКТИКИ Г. БАЛЫКЧЫ;7;498;499;997;498;499;997;825;774;1599;825;774;1599
Иссык-Кульская обл.;4170200000000000;Балыкчы г.;41702420000000000;241481;ЦОВП Г. БАЛЫКЧЫ;ЦЕНТР ОБЩЕВРАЧЕБНОЙ ПРАКТИКИ Г. БАЛЫКЧЫ;8;400;440;840;400;440;840;285;300;585;285;300;585
Иссык-Кульская обл.;4170200000000000;Балыкчы г.;41702420000000000;241481;ЦОВП Г. БАЛЫКЧЫ;ЦЕНТР ОБЩЕВРАЧЕБНОЙ ПРАКТИКИ Г. БАЛЫКЧЫ;9;392;475;867;392;475;867;279;240;519;279;240;519
Иссык-Кульская обл.;4170200000000000;Балыкчы г.;41702420000000000;241481;ЦОВП Г. БАЛЫКЧЫ;ЦЕНТР ОБЩЕВРАЧЕБНОЙ ПРАКТИКИ Г. БАЛЫКЧЫ;10;446;484;930;446;484;930;285;270;555;285;270;555
Иссык-Кульская обл.;4170200000000000;Балыкчы г.;41702420000000000;241481;ЦОВП Г. БАЛЫКЧЫ;ЦЕНТР ОБЩЕВРАЧЕБНОЙ ПРАКТИКИ Г. БАЛЫКЧЫ;11;485;525;1010;485;525;1010;304;269;573;304;269;573
Иссык-Кульская обл.;4170200000000000;Балыкчы г.;41702420000000000;241481;ЦОВП Г. БАЛЫКЧЫ;ЦЕНТР ОБЩЕВРАЧЕБНОЙ ПРАКТИКИ Г. БАЛЫКЧЫ;12;484;566;1050;484;566;1050;315;223;538;315;223;538
Иссык-Кульская обл.;4170200000000000;Балыкчы г.;41702420000000000;241481;ЦОВП Г. БАЛЫКЧЫ;ЦЕНТР ОБЩЕВРАЧЕБНОЙ ПРАКТИКИ Г. БАЛЫКЧЫ;13;461;485;946;461;485;946;289;236;525;289;236;525
Иссык-Кульская обл.;4170200000000000;Балыкчы г.;41702420000000000;241481;ЦОВП Г. БАЛЫКЧЫ;ЦЕНТР ОБЩЕВРАЧЕБНОЙ ПРАКТИКИ Г. БАЛЫКЧЫ;14;451;514;965;451;514;965;248;312;560;248;312;560
Иссык-Кульская обл.;4170200000000000;Балыкчы г.;41702420000000000;241481;ЦОВП Г. БАЛЫКЧЫ;ЦЕНТР ОБЩЕВРАЧЕБНОЙ ПРАКТИКИ Г. БАЛЫКЧЫ;15;461;535;996;461;535;996;354;310;664;354;310;664
Иссык-Кульская обл.;4170200000000000;Балыкчы г.;41702420000000000;241481;ЦОВП Г. БАЛЫКЧЫ;ЦЕНТР ОБЩЕВРАЧЕБНОЙ ПРАКТИКИ Г. БАЛЫКЧЫ;16;474;497;971;474;497;971;368;323;691;367;318;685
Иссык-Кульская обл.;4170200000000000;Балыкчы г.;41702420000000000;241481;ЦОВП Г. БАЛЫКЧЫ;ЦЕНТР ОБЩЕВРАЧЕБНОЙ ПРАКТИКИ Г. БАЛЫКЧЫ;17;419;433;852;403;418;821;345;498;843;329;459;788
Иссык-Кульская обл.;4170200000000000;Балыкчы г.;41702420000000000;241481;ЦОВП Г. БАЛЫКЧЫ;ЦЕНТР ОБЩЕВРАЧЕБНОЙ ПРАКТИКИ Г. БАЛЫКЧЫ;18;370;417;787;327;391;718;418;545;963;330;418;748
Иссык-Кульская обл.;4170200000000000;Балыкчы г.;41702420000000000;241481;ЦОВП Г. БАЛЫКЧЫ;ЦЕНТР ОБЩЕВРАЧЕБНОЙ ПРАКТИКИ Г. БАЛЫКЧЫ;19;358;344;702;225;225;450;273;595;868;153;355;508
Иссык-Кульская обл.;4170200000000000;Балыкчы г.;41702420000000000;241481;ЦОВП Г. БАЛЫКЧЫ;ЦЕНТР ОБЩЕВРАЧЕБНОЙ ПРАКТИКИ Г. БАЛЫКЧЫ;20;326;369;695;160;199;359;215;607;822;92;252;344
Иссык-Кульская обл.;4170200000000000;Балыкчы г.;41702420000000000;241481;ЦОВП Г. БАЛЫКЧЫ;ЦЕНТР ОБЩЕВРАЧЕБНОЙ ПРАКТИКИ Г. БАЛЫКЧЫ;21;322;343;665;86;127;213;218;572;790;114;184;298
Иссык-Кульская обл.;4170200000000000;Балыкчы г.;41702420000000000;241481;ЦОВП Г. БАЛЫКЧЫ;ЦЕНТР ОБЩЕВРАЧЕБНОЙ ПРАКТИКИ Г. БАЛЫКЧЫ;22;299;357;656;126;159;285;200;623;823;101;239;340
Иссык-Кульская обл.;4170200000000000;Балыкчы г.;41702420000000000;241481;ЦОВП Г. БАЛЫКЧЫ;ЦЕНТР ОБЩЕВРАЧЕБНОЙ ПРАКТИКИ Г. БАЛЫКЧЫ;23;275;342;617;89;125;214;238;673;911;99;291;390
Иссык-Кульская обл.;4170200000000000;Балыкчы г.;41702420000000000;241481;ЦОВП Г. БАЛЫКЧЫ;ЦЕНТР ОБЩЕВРАЧЕБНОЙ ПРАКТИКИ Г. БАЛЫКЧЫ;24;240;377;617;57;130;187;131;646;777;44;319;363
Иссык-Кульская обл.;4170200000000000;Балыкчы г.;41702420000000000;241481;ЦОВП Г. БАЛЫКЧЫ;ЦЕНТР ОБЩЕВРАЧЕБНОЙ ПРАКТИКИ Г. БАЛЫКЧЫ;25;265;326;591;69;159;228;217;672;889;104;414;518
Иссык-Кульская обл.;4170200000000000;Балыкчы г.;41702420000000000;241481;ЦОВП Г. БАЛЫКЧЫ;ЦЕНТР ОБЩЕВРАЧЕБНОЙ ПРАКТИКИ Г. БАЛЫКЧЫ;26;253;303;556;97;119;216;223;719;942;120;436;556
Иссык-Кульская обл.;4170200000000000;Балыкчы г.;41702420000000000;241481;ЦОВП Г. БАЛЫКЧЫ;ЦЕНТР ОБЩЕВРАЧЕБНОЙ ПРАКТИКИ Г. БАЛЫКЧЫ;27;262;319;581;112;127;239;195;794;989;126;534;660
Иссык-Кульская обл.;4170200000000000;Балыкчы г.;41702420000000000;241481;ЦОВП Г. БАЛЫКЧЫ;ЦЕНТР ОБЩЕВРАЧЕБНОЙ ПРАКТИКИ Г. БАЛЫКЧЫ;28;292;328;620;146;164;310;205;858;1063;133;529;662
Иссык-Кульская обл.;4170200000000000;Балыкчы г.;41702420000000000;241481;ЦОВП Г. БАЛЫКЧЫ;ЦЕНТР ОБЩЕВРАЧЕБНОЙ ПРАКТИКИ Г. БАЛЫКЧЫ;29;328;391;719;161;182;343;168;821;989;104;556;660
Иссык-Кульская обл.;4170200000000000;Балыкчы г.;41702420000000000;241481;ЦОВП Г. БАЛЫКЧЫ;ЦЕНТР ОБЩЕВРАЧЕБНОЙ ПРАКТИКИ Г. БАЛЫКЧЫ;30;315;403;718;155;216;371;174;1009;1183;96;703;799
Иссык-Кульская обл.;4170200000000000;Балыкчы г.;41702420000000000;241481;ЦОВП Г. БАЛЫКЧЫ;ЦЕНТР ОБЩЕВРАЧЕБНОЙ ПРАКТИКИ Г. БАЛЫКЧЫ;31;297;442;739;173;222;395;232;948;1180;167;660;827
Иссык-Кульская обл.;4170200000000000;Балыкчы г.;41702420000000000;241481;ЦОВП Г. БАЛЫКЧЫ;ЦЕНТР ОБЩЕВРАЧЕБНОЙ ПРАКТИКИ Г. БАЛЫКЧЫ;32;340;428;768;203;214;417;240;890;1130;168;573;741
Иссык-Кульская обл.;4170200000000000;Балыкчы г.;41702420000000000;241481;ЦОВП Г. БАЛЫКЧЫ;ЦЕНТР ОБЩЕВРАЧЕБНОЙ ПРАКТИКИ Г. БАЛЫКЧЫ;33;345;397;742;231;216;447;355;747;1102;279;585;864
Иссык-Кульская обл.;4170200000000000;Балыкчы г.;41702420000000000;241481;ЦОВП Г. БАЛЫКЧЫ;ЦЕНТР ОБЩЕВРАЧЕБНОЙ ПРАКТИКИ Г. БАЛЫКЧЫ;34;389;383;772;267;219;486;309;767;1076;234;563;797
Иссык-Кульская обл.;4170200000000000;Балыкчы г.;41702420000000000;241481;ЦОВП Г. БАЛЫКЧЫ;ЦЕНТР ОБЩЕВРАЧЕБНОЙ ПРАКТИКИ Г. БАЛЫКЧЫ;35;357;367;724;240;208;448;278;908;1186;206;651;857
Иссык-Кульская обл.;4170200000000000;Балыкчы г.;41702420000000000;241481;ЦОВП Г. БАЛЫКЧЫ;ЦЕНТР ОБЩЕВРАЧЕБНОЙ ПРАКТИКИ Г. БАЛЫКЧЫ;36;342;366;708;224;225;449;294;915;1209;231;621;852
Иссык-Кульская обл.;4170200000000000;Балыкчы г.;41702420000000000;241481;ЦОВП Г. БАЛЫКЧЫ;ЦЕНТР ОБЩЕВРАЧЕБНОЙ ПРАКТИКИ Г. БАЛЫКЧЫ;37;320;364;684;219;230;449;257;675;932;227;477;704
Иссык-Кульская обл.;4170200000000000;Балыкчы г.;41702420000000000;241481;ЦОВП Г. БАЛЫКЧЫ;ЦЕНТР ОБЩЕВРАЧЕБНОЙ ПРАКТИКИ Г. БАЛЫКЧЫ;38;341;359;700;217;225;442;221;701;922;162;546;708
Иссык-Кульская обл.;4170200000000000;Балыкчы г.;41702420000000000;241481;ЦОВП Г. БАЛЫКЧЫ;ЦЕНТР ОБЩЕВРАЧЕБНОЙ ПРАКТИКИ Г. БАЛЫКЧЫ;39;332;307;639;226;197;423;204;555;759;141;398;539
Иссык-Кульская обл.;4170200000000000;Балыкчы г.;41702420000000000;241481;ЦОВП Г. БАЛЫКЧЫ;ЦЕНТР ОБЩЕВРАЧЕБНОЙ ПРАКТИКИ Г. БАЛЫКЧЫ;40;311;283;594;201;189;390;214;507;721;146;409;555
Иссык-Кульская обл.;4170200000000000;Балыкчы г.;41702420000000000;241481;ЦОВП Г. БАЛЫКЧЫ;ЦЕНТР ОБЩЕВРАЧЕБНОЙ ПРАКТИКИ Г. БАЛЫКЧЫ;41;271;269;540;189;169;358;181;456;637;134;352;486
Иссык-Кульская обл.;4170200000000000;Балыкчы г.;41702420000000000;241481;ЦОВП Г. БАЛЫКЧЫ;ЦЕНТР ОБЩЕВРАЧЕБНОЙ ПРАКТИКИ Г. БАЛЫКЧЫ;42;242;263;505;163;168;331;187;351;538;161;284;445
Иссык-Кульская обл.;4170200000000000;Балыкчы г.;41702420000000000;241481;ЦОВП Г. БАЛЫКЧЫ;ЦЕНТР ОБЩЕВРАЧЕБНОЙ ПРАКТИКИ Г. БАЛЫКЧЫ;43;239;234;473;170;149;319;189;316;505;167;250;417
Иссык-Кульская обл.;4170200000000000;Балыкчы г.;41702420000000000;241481;ЦОВП Г. БАЛЫКЧЫ;ЦЕНТР ОБЩЕВРАЧЕБНОЙ ПРАКТИКИ Г. БАЛЫКЧЫ;44;220;265;485;145;178;323;185;352;537;151;283;434
Иссык-Кульская обл.;4170200000000000;Балыкчы г.;41702420000000000;241481;ЦОВП Г. БАЛЫКЧЫ;ЦЕНТР ОБЩЕВРАЧЕБНОЙ ПРАКТИКИ Г. БАЛЫКЧЫ;45;218;246;464;144;163;307;186;449;635;142;360;502
Иссык-Кульская обл.;4170200000000000;Балыкчы г.;41702420000000000;241481;ЦОВП Г. БАЛЫКЧЫ;ЦЕНТР ОБЩЕВРАЧЕБНОЙ ПРАКТИКИ Г. БАЛЫКЧЫ;46;212;246;458;142;153;295;193;330;523;159;264;423
Иссык-Кульская обл.;4170200000000000;Балыкчы г.;41702420000000000;241481;ЦОВП Г. БАЛЫКЧЫ;ЦЕНТР ОБЩЕВРАЧЕБНОЙ ПРАКТИКИ Г. БАЛЫКЧЫ;47;213;235;448;163;154;317;217;360;577;183;302;485
Иссык-Кульская обл.;4170200000000000;Балыкчы г.;41702420000000000;241481;ЦОВП Г. БАЛЫКЧЫ;ЦЕНТР ОБЩЕВРАЧЕБНОЙ ПРАКТИКИ Г. БАЛЫКЧЫ;48;193;237;430;140;156;296;177;364;541;145;287;432
Иссык-Кульская обл.;4170200000000000;Балыкчы г.;41702420000000000;241481;ЦОВП Г. БАЛЫКЧЫ;ЦЕНТР ОБЩЕВРАЧЕБНОЙ ПРАКТИКИ Г. БАЛЫКЧЫ;49;202;235;437;155;148;303;243;368;611;195;290;485
Иссык-Кульская обл.;4170200000000000;Балыкчы г.;41702420000000000;241481;ЦОВП Г. БАЛЫКЧЫ;ЦЕНТР ОБЩЕВРАЧЕБНОЙ ПРАКТИКИ Г. БАЛЫКЧЫ;50;186;240;426;142;160;302;236;383;619;172;300;472
Иссык-Кульская обл.;4170200000000000;Балыкчы г.;41702420000000000;241481;ЦОВП Г. БАЛЫКЧЫ;ЦЕНТР ОБЩЕВРАЧЕБНОЙ ПРАКТИКИ Г. БАЛЫКЧЫ;51;210;253;463;140;165;305;195;405;600;170;321;491
Иссык-Кульская обл.;4170200000000000;Балыкчы г.;41702420000000000;241481;ЦОВП Г. БАЛЫКЧЫ;ЦЕНТР ОБЩЕВРАЧЕБНОЙ ПРАКТИКИ Г. БАЛЫКЧЫ;52;190;246;436;135;165;300;187;404;591;156;325;481
Иссык-Кульская обл.;4170200000000000;Балыкчы г.;41702420000000000;241481;ЦОВП Г. БАЛЫКЧЫ;ЦЕНТР ОБЩЕВРАЧЕБНОЙ ПРАКТИКИ Г. БАЛЫКЧЫ;53;199;248;447;137;170;307;217;365;582;168;287;455
Иссык-Кульская обл.;4170200000000000;Балыкчы г.;41702420000000000;241481;ЦОВП Г. БАЛЫКЧЫ;ЦЕНТР ОБЩЕВРАЧЕБНОЙ ПРАКТИКИ Г. БАЛЫКЧЫ;54;168;241;409;124;164;288;188;489;677;151;422;573
Иссык-Кульская обл.;4170200000000000;Балыкчы г.;41702420000000000;241481;ЦОВП Г. БАЛЫКЧЫ;ЦЕНТР ОБЩЕВРАЧЕБНОЙ ПРАКТИКИ Г. БАЛЫКЧЫ;55;178;255;433;127;172;299;208;505;713;161;418;579
Иссык-Кульская обл.;4170200000000000;Балыкчы г.;41702420000000000;241481;ЦОВП Г. БАЛЫКЧЫ;ЦЕНТР ОБЩЕВРАЧЕБНОЙ ПРАКТИКИ Г. БАЛЫКЧЫ;56;174;220;394;117;161;278;266;460;726;214;342;556
Иссык-Кульская обл.;4170200000000000;Балыкчы г.;41702420000000000;241481;ЦОВП Г. БАЛЫКЧЫ;ЦЕНТР ОБЩЕВРАЧЕБНОЙ ПРАКТИКИ Г. БАЛЫКЧЫ;57;187;241;428;140;172;312;269;478;747;234;422;656
Иссык-Кульская обл.;4170200000000000;Балыкчы г.;41702420000000000;241481;ЦОВП Г. БАЛЫКЧЫ;ЦЕНТР ОБЩЕВРАЧЕБНОЙ ПРАКТИКИ Г. БАЛЫКЧЫ;58;192;258;450;147;196;343;287;489;776;248;411;659
Иссык-Кульская обл.;4170200000000000;Балыкчы г.;41702420000000000;241481;ЦОВП Г. БАЛЫКЧЫ;ЦЕНТР ОБЩЕВРАЧЕБНОЙ ПРАКТИКИ Г. БАЛЫКЧЫ;59;190;280;470;145;194;339;250;507;757;228;398;626
Иссык-Кульская обл.;4170200000000000;Балыкчы г.;41702420000000000;241481;ЦОВП Г. БАЛЫКЧЫ;ЦЕНТР ОБЩЕВРАЧЕБНОЙ ПРАКТИКИ Г. БАЛЫКЧЫ;60;182;248;430;145;188;333;239;529;768;212;459;671
Иссык-Кульская обл.;4170200000000000;Балыкчы г.;41702420000000000;241481;ЦОВП Г. БАЛЫКЧЫ;ЦЕНТР ОБЩЕВРАЧЕБНОЙ ПРАКТИКИ Г. БАЛЫКЧЫ;61;199;272;471;144;210;354;286;608;894;238;540;778
Иссык-Кульская обл.;4170200000000000;Балыкчы г.;41702420000000000;241481;ЦОВП Г. БАЛЫКЧЫ;ЦЕНТР ОБЩЕВРАЧЕБНОЙ ПРАКТИКИ Г. БАЛЫКЧЫ;62;204;272;476;165;211;376;319;642;961;289;576;865
Иссык-Кульская обл.;4170200000000000;Балыкчы г.;41702420000000000;241481;ЦОВП Г. БАЛЫКЧЫ;ЦЕНТР ОБЩЕВРАЧЕБНОЙ ПРАКТИКИ Г. БАЛЫКЧЫ;63;179;289;468;136;237;373;329;600;929;292;550;842
Иссык-Кульская обл.;4170200000000000;Балыкчы г.;41702420000000000;241481;ЦОВП Г. БАЛЫКЧЫ;ЦЕНТР ОБЩЕВРАЧЕБНОЙ ПРАКТИКИ Г. БАЛЫКЧЫ;64;189;263;452;155;234;389;266;519;785;221;497;718
Иссык-Кульская обл.;4170200000000000;Балыкчы г.;41702420000000000;241481;ЦОВП Г. БАЛЫКЧЫ;ЦЕНТР ОБЩЕВРАЧЕБНОЙ ПРАКТИКИ Г. БАЛЫКЧЫ;65;166;252;418;132;248;380;184;514;698;158;506;664
Иссык-Кульская обл.;4170200000000000;Балыкчы г.;41702420000000000;241481;ЦОВП Г. БАЛЫКЧЫ;ЦЕНТР ОБЩЕВРАЧЕБНОЙ ПРАКТИКИ Г. БАЛЫКЧЫ;66;169;225;394;143;220;363;254;507;761;223;502;725
Иссык-Кульская обл.;4170200000000000;Балыкчы г.;41702420000000000;241481;ЦОВП Г. БАЛЫКЧЫ;ЦЕНТР ОБЩЕВРАЧЕБНОЙ ПРАКТИКИ Г. БАЛЫКЧЫ;67;143;183;326;119;178;297;253;420;673;223;412;635
Иссык-Кульская обл.;4170200000000000;Балыкчы г.;41702420000000000;241481;ЦОВП Г. БАЛЫКЧЫ;ЦЕНТР ОБЩЕВРАЧЕБНОЙ ПРАКТИКИ Г. БАЛЫКЧЫ;68;123;176;299;109;169;278;262;395;657;248;395;643
Иссык-Кульская обл.;4170200000000000;Балыкчы г.;41702420000000000;241481;ЦОВП Г. БАЛЫКЧЫ;ЦЕНТР ОБЩЕВРАЧЕБНОЙ ПРАКТИКИ Г. БАЛЫКЧЫ;69;135;171;306;124;170;294;214;340;554;211;332;543
Иссык-Кульская обл.;4170200000000000;Балыкчы г.;41702420000000000;241481;ЦОВП Г. БАЛЫКЧЫ;ЦЕНТР ОБЩЕВРАЧЕБНОЙ ПРАКТИКИ Г. БАЛЫКЧЫ;70;94;148;242;92;145;237;165;349;514;162;344;506
Иссык-Кульская обл.;4170200000000000;Балыкчы г.;41702420000000000;241481;ЦОВП Г. БАЛЫКЧЫ;ЦЕНТР ОБЩЕВРАЧЕБНОЙ ПРАКТИКИ Г. БАЛЫКЧЫ;71;98;171;269;95;169;264;148;415;563;144;415;559
Иссык-Кульская обл.;4170200000000000;Балыкчы г.;41702420000000000;241481;ЦОВП Г. БАЛЫКЧЫ;ЦЕНТР ОБЩЕВРАЧЕБНОЙ ПРАКТИКИ Г. БАЛЫКЧЫ;72;76;152;228;76;150;226;109;269;378;109;269;378
Иссык-Кульская обл.;4170200000000000;Балыкчы г.;41702420000000000;241481;ЦОВП Г. БАЛЫКЧЫ;ЦЕНТР ОБЩЕВРАЧЕБНОЙ ПРАКТИКИ Г. БАЛЫКЧЫ;73;64;107;171;63;105;168;89;230;319;89;230;319
Иссык-Кульская обл.;4170200000000000;Балыкчы г.;41702420000000000;241481;ЦОВП Г. БАЛЫКЧЫ;ЦЕНТР ОБЩЕВРАЧЕБНОЙ ПРАКТИКИ Г. БАЛЫКЧЫ;74;57;117;174;57;117;174;63;202;265;63;202;265
Иссык-Кульская обл.;4170200000000000;Балыкчы г.;41702420000000000;241481;ЦОВП Г. БАЛЫКЧЫ;ЦЕНТР ОБЩЕВРАЧЕБНОЙ ПРАКТИКИ Г. БАЛЫКЧЫ;75;49;91;140;48;91;139;97;172;269;97;171;268
Иссык-Кульская обл.;4170200000000000;Балыкчы г.;41702420000000000;241481;ЦОВП Г. БАЛЫКЧЫ;ЦЕНТР ОБЩЕВРАЧЕБНОЙ ПРАКТИКИ Г. БАЛЫКЧЫ;76;39;83;122;39;83;122;51;97;148;49;97;146
Иссык-Кульская обл.;4170200000000000;Балыкчы г.;41702420000000000;241481;ЦОВП Г. БАЛЫКЧЫ;ЦЕНТР ОБЩЕВРАЧЕБНОЙ ПРАКТИКИ Г. БАЛЫКЧЫ;77;34;66;100;34;66;100;47;121;168;47;121;168
Иссык-Кульская обл.;4170200000000000;Балыкчы г.;41702420000000000;241481;ЦОВП Г. БАЛЫКЧЫ;ЦЕНТР ОБЩЕВРАЧЕБНОЙ ПРАКТИКИ Г. БАЛЫКЧЫ;78;28;54;82;28;54;82;41;63;104;41;63;104
Иссык-Кульская обл.;4170200000000000;Балыкчы г.;41702420000000000;241481;ЦОВП Г. БАЛЫКЧЫ;ЦЕНТР ОБЩЕВРАЧЕБНОЙ ПРАКТИКИ Г. БАЛЫКЧЫ;79;12;31;43;12;31;43;9;43;52;9;37;46
Иссык-Кульская обл.;4170200000000000;Балыкчы г.;41702420000000000;241481;ЦОВП Г. БАЛЫКЧЫ;ЦЕНТР ОБЩЕВРАЧЕБНОЙ ПРАКТИКИ Г. БАЛЫКЧЫ;80;11;20;31;11;19;30;22;38;60;22;37;59
Иссык-Кульская обл.;4170200000000000;Балыкчы г.;41702420000000000;241481;ЦОВП Г. БАЛЫКЧЫ;ЦЕНТР ОБЩЕВРАЧЕБНОЙ ПРАКТИКИ Г. БАЛЫКЧЫ;81;14;28;42;14;28;42;17;51;68;17;51;68
Иссык-Кульская обл.;4170200000000000;Балыкчы г.;41702420000000000;241481;ЦОВП Г. БАЛЫКЧЫ;ЦЕНТР ОБЩЕВРАЧЕБНОЙ ПРАКТИКИ Г. БАЛЫКЧЫ;82;19;55;74;19;55;74;41;49;90;36;49;85
Иссык-Кульская обл.;4170200000000000;Балыкчы г.;41702420000000000;241481;ЦОВП Г. БАЛЫКЧЫ;ЦЕНТР ОБЩЕВРАЧЕБНОЙ ПРАКТИКИ Г. БАЛЫКЧЫ;83;17;27;44;17;27;44;23;44;67;23;43;66
Иссык-Кульская обл.;4170200000000000;Балыкчы г.;41702420000000000;241481;ЦОВП Г. БАЛЫКЧЫ;ЦЕНТР ОБЩЕВРАЧЕБНОЙ ПРАКТИКИ Г. БАЛЫКЧЫ;84;17;48;65;17;47;64;12;56;68;12;55;67
Иссык-Кульская обл.;4170200000000000;Балыкчы г.;41702420000000000;241481;ЦОВП Г. БАЛЫКЧЫ;ЦЕНТР ОБЩЕВРАЧЕБНОЙ ПРАКТИКИ Г. БАЛЫКЧЫ;85;10;27;37;10;27;37;12;35;47;12;35;47
Иссык-Кульская обл.;4170200000000000;Балыкчы г.;41702420000000000;241481;ЦОВП Г. БАЛЫКЧЫ;ЦЕНТР ОБЩЕВРАЧЕБНОЙ ПРАКТИКИ Г. БАЛЫКЧЫ;86;7;28;35;7;27;34;2;19;21;2;17;19
Иссык-Кульская обл.;4170200000000000;Балыкчы г.;41702420000000000;241481;ЦОВП Г. БАЛЫКЧЫ;ЦЕНТР ОБЩЕВРАЧЕБНОЙ ПРАКТИКИ Г. БАЛЫКЧЫ;87;6;20;26;6;19;25;1;15;16;1;15;16
Иссык-Кульская обл.;4170200000000000;Балыкчы г.;41702420000000000;241481;ЦОВП Г. БАЛЫКЧЫ;ЦЕНТР ОБЩЕВРАЧЕБНОЙ ПРАКТИКИ Г. БАЛЫКЧЫ;88;5;20;25;5;20;25;1;7;8;1;7;8
Иссык-Кульская обл.;4170200000000000;Балыкчы г.;41702420000000000;241481;ЦОВП Г. БАЛЫКЧЫ;ЦЕНТР ОБЩЕВРАЧЕБНОЙ ПРАКТИКИ Г. БАЛЫКЧЫ;89;2;14;16;2;14;16;2;10;12;2;10;12
Иссык-Кульская обл.;4170200000000000;Балыкчы г.;41702420000000000;241481;ЦОВП Г. БАЛЫКЧЫ;ЦЕНТР ОБЩЕВРАЧЕБНОЙ ПРАКТИКИ Г. БАЛЫКЧЫ;90;0;8;8;0;8;8;1;6;7;1;6;7
Иссык-Кульская обл.;4170200000000000;Балыкчы г.;41702420000000000;241481;ЦОВП Г. БАЛЫКЧЫ;ЦЕНТР ОБЩЕВРАЧЕБНОЙ ПРАКТИКИ Г. БАЛЫКЧЫ;91;1;6;7;1;6;7;1;3;4;1;3;4
Иссык-Кульская обл.;4170200000000000;Балыкчы г.;41702420000000000;241481;ЦОВП Г. БАЛЫКЧЫ;ЦЕНТР ОБЩЕВРАЧЕБНОЙ ПРАКТИКИ Г. БАЛЫКЧЫ;92;1;11;12;1;11;12;0;2;2;0;2;2
Иссык-Кульская обл.;4170200000000000;Балыкчы г.;41702420000000000;241481;ЦОВП Г. БАЛЫКЧЫ;ЦЕНТР ОБЩЕВРАЧЕБНОЙ ПРАКТИКИ Г. БАЛЫКЧЫ;93;1;3;4;0;3;3;0;1;1;0;1;1
Иссык-Кульская обл.;4170200000000000;Балыкчы г.;41702420000000000;241481;ЦОВП Г. БАЛЫКЧЫ;ЦЕНТР ОБЩЕВРАЧЕБНОЙ ПРАКТИКИ Г. БАЛЫКЧЫ;94;0;3;3;0;3;3;0;1;1;0;1;1
Иссык-Кульская обл.;4170200000000000;Балыкчы г.;41702420000000000;241481;ЦОВП Г. БАЛЫКЧЫ;ЦЕНТР ОБЩЕВРАЧЕБНОЙ ПРАКТИКИ Г. БАЛЫКЧЫ;95;0;3;3;0;3;3;0;3;3;0;3;3
Иссык-Кульская обл.;4170200000000000;Балыкчы г.;41702420000000000;241481;ЦОВП Г. БАЛЫКЧЫ;ЦЕНТР ОБЩЕВРАЧЕБНОЙ ПРАКТИКИ Г. БАЛЫКЧЫ;96;0;1;1;0;1;1;0;2;2;0;2;2
Чуйская обл.;4170800000000000;Токмок г.;41708410000000000;842081;ЦОВП г. Токмок;ЦЕНТР ОБЩЕВРАЧЕБНОЙ ПРАКТИКИ ГОРОДА ТОКМОК;0;570;579;1149;570;579;1149;5409;5310;10719;5409;5310;10719
Чуйская обл.;4170800000000000;Токмок г.;41708410000000000;842081;ЦОВП г. Токмок;ЦЕНТР ОБЩЕВРАЧЕБНОЙ ПРАКТИКИ ГОРОДА ТОКМОК;1;738;730;1468;738;730;1468;2037;1911;3948;2037;1911;3948
Чуйская обл.;4170800000000000;Токмок г.;41708410000000000;842081;ЦОВП г. Токмок;ЦЕНТР ОБЩЕВРАЧЕБНОЙ ПРАКТИКИ ГОРОДА ТОКМОК;2;785;734;1519;785;734;1519;1507;1310;2817;1507;1310;2817
Чуйская обл.;4170800000000000;Токмок г.;41708410000000000;842081;ЦОВП г. Токмок;ЦЕНТР ОБЩЕВРАЧЕБНОЙ ПРАКТИКИ ГОРОДА ТОКМОК;3;731;663;1394;731;663;1394;821;759;1580;821;759;1580
Чуйская обл.;4170800000000000;Токмок г.;41708410000000000;842081;ЦОВП г. Токмок;ЦЕНТР ОБЩЕВРАЧЕБНОЙ ПРАКТИКИ ГОРОДА ТОКМОК;4;763;791;1554;763;791;1554;725;650;1375;725;650;1375
Чуйская обл.;4170800000000000;Токмок г.;41708410000000000;842081;ЦОВП г. Токмок;ЦЕНТР ОБЩЕВРАЧЕБНОЙ ПРАКТИКИ ГОРОДА ТОКМОК;5;773;800;1573;773;800;1573;898;825;1723;898;825;1723
Чуйская обл.;4170800000000000;Токмок г.;41708410000000000;842081;ЦОВП г. Токмок;ЦЕНТР ОБЩЕВРАЧЕБНОЙ ПРАКТИКИ ГОРОДА ТОКМОК;6;846;860;1706;846;860;1706;947;903;1850;947;903;1850
Чуйская обл.;4170800000000000;Токмок г.;41708410000000000;842081;ЦОВП г. Токмок;ЦЕНТР ОБЩЕВРАЧЕБНОЙ ПРАКТИКИ ГОРОДА ТОКМОК;7;783;849;1632;783;849;1632;411;399;810;411;399;810
Чуйская обл.;4170800000000000;Токмок г.;41708410000000000;842081;ЦОВП г. Токмок;ЦЕНТР ОБЩЕВРАЧЕБНОЙ ПРАКТИКИ ГОРОДА ТОКМОК;8;747;851;1598;747;851;1598;273;259;532;273;259;532
Чуйская обл.;4170800000000000;Токмок г.;41708410000000000;842081;ЦОВП г. Токмок;ЦЕНТР ОБЩЕВРАЧЕБНОЙ ПРАКТИКИ ГОРОДА ТОКМОК;9;729;794;1523;729;794;1523;229;211;440;229;211;440
Чуйская обл.;4170800000000000;Токмок г.;41708410000000000;842081;ЦОВП г. Токмок;ЦЕНТР ОБЩЕВРАЧЕБНОЙ ПРАКТИКИ ГОРОДА ТОКМОК;10;764;806;1570;764;806;1570;234;243;477;234;243;477
Чуйская обл.;4170800000000000;Токмок г.;41708410000000000;842081;ЦОВП г. Токмок;ЦЕНТР ОБЩЕВРАЧЕБНОЙ ПРАКТИКИ ГОРОДА ТОКМОК;11;707;816;1523;707;816;1523;271;166;437;271;166;437
Чуйская обл.;4170800000000000;Токмок г.;41708410000000000;842081;ЦОВП г. Токмок;ЦЕНТР ОБЩЕВРАЧЕБНОЙ ПРАКТИКИ ГОРОДА ТОКМОК;12;716;802;1518;716;802;1518;230;159;389;230;159;389
Чуйская обл.;4170800000000000;Токмок г.;41708410000000000;842081;ЦОВП г. Токмок;ЦЕНТР ОБЩЕВРАЧЕБНОЙ ПРАКТИКИ ГОРОДА ТОКМОК;13;626;753;1379;626;753;1379;177;242;419;177;242;419
Чуйская обл.;4170800000000000;Токмок г.;41708410000000000;842081;ЦОВП г. Токмок;ЦЕНТР ОБЩЕВРАЧЕБНОЙ ПРАКТИКИ ГОРОДА ТОКМОК;14;601;755;1356;601;755;1356;234;257;491;234;257;491
Чуйская обл.;4170800000000000;Токмок г.;41708410000000000;842081;ЦОВП г. Токмок;ЦЕНТР ОБЩЕВРАЧЕБНОЙ ПРАКТИКИ ГОРОДА ТОКМОК;15;681;783;1464;681;783;1464;400;328;728;400;328;728
Чуйская обл.;4170800000000000;Токмок г.;41708410000000000;842081;ЦОВП г. Токмок;ЦЕНТР ОБЩЕВРАЧЕБНОЙ ПРАКТИКИ ГОРОДА ТОКМОК;16;635;751;1386;635;751;1386;357;285;642;324;261;585
Чуйская обл.;4170800000000000;Токмок г.;41708410000000000;842081;ЦОВП г. Токмок;ЦЕНТР ОБЩЕВРАЧЕБНОЙ ПРАКТИКИ ГОРОДА ТОКМОК;17;631;676;1307;529;609;1138;439;436;875;292;307;599
Чуйская обл.;4170800000000000;Токмок г.;41708410000000000;842081;ЦОВП г. Токмок;ЦЕНТР ОБЩЕВРАЧЕБНОЙ ПРАКТИКИ ГОРОДА ТОКМОК;18;560;584;1144;417;456;873;442;758;1200;279;440;719
Чуйская обл.;4170800000000000;Токмок г.;41708410000000000;842081;ЦОВП г. Токмок;ЦЕНТР ОБЩЕВРАЧЕБНОЙ ПРАКТИКИ ГОРОДА ТОКМОК;19;517;475;992;212;200;412;316;833;1149;112;273;385
Чуйская обл.;4170800000000000;Токмок г.;41708410000000000;842081;ЦОВП г. Токмок;ЦЕНТР ОБЩЕВРАЧЕБНОЙ ПРАКТИКИ ГОРОДА ТОКМОК;20;530;505;1035;116;126;242;262;730;992;69;229;298
Чуйская обл.;4170800000000000;Токмок г.;41708410000000000;842081;ЦОВП г. Токмок;ЦЕНТР ОБЩЕВРАЧЕБНОЙ ПРАКТИКИ ГОРОДА ТОКМОК;21;495;477;972;64;116;180;193;882;1075;41;379;420
Чуйская обл.;4170800000000000;Токмок г.;41708410000000000;842081;ЦОВП г. Токмок;ЦЕНТР ОБЩЕВРАЧЕБНОЙ ПРАКТИКИ ГОРОДА ТОКМОК;22;475;464;939;72;130;202;206;791;997;48;377;425
Чуйская обл.;4170800000000000;Токмок г.;41708410000000000;842081;ЦОВП г. Токмок;ЦЕНТР ОБЩЕВРАЧЕБНОЙ ПРАКТИКИ ГОРОДА ТОКМОК;23;389;412;801;45;126;171;150;777;927;39;394;433
Чуйская обл.;4170800000000000;Токмок г.;41708410000000000;842081;ЦОВП г. Токмок;ЦЕНТР ОБЩЕВРАЧЕБНОЙ ПРАКТИКИ ГОРОДА ТОКМОК;24;424;455;879;81;152;233;150;718;868;63;376;439
Чуйская обл.;4170800000000000;Токмок г.;41708410000000000;842081;ЦОВП г. Токмок;ЦЕНТР ОБЩЕВРАЧЕБНОЙ ПРАКТИКИ ГОРОДА ТОКМОК;25;407;461;868;99;150;249;147;758;905;54;331;385
Чуйская обл.;4170800000000000;Токмок г.;41708410000000000;842081;ЦОВП г. Токмок;ЦЕНТР ОБЩЕВРАЧЕБНОЙ ПРАКТИКИ ГОРОДА ТОКМОК;26;464;464;928;109;165;274;108;786;894;63;355;418
Чуйская обл.;4170800000000000;Токмок г.;41708410000000000;842081;ЦОВП г. Токмок;ЦЕНТР ОБЩЕВРАЧЕБНОЙ ПРАКТИКИ ГОРОДА ТОКМОК;27;389;481;870;109;202;311;138;723;861;69;368;437
Чуйская обл.;4170800000000000;Токмок г.;41708410000000000;842081;ЦОВП г. Токмок;ЦЕНТР ОБЩЕВРАЧЕБНОЙ ПРАКТИКИ ГОРОДА ТОКМОК;28;446;475;921;129;182;311;181;667;848;71;333;404
Чуйская обл.;4170800000000000;Токмок г.;41708410000000000;842081;ЦОВП г. Токмок;ЦЕНТР ОБЩЕВРАЧЕБНОЙ ПРАКТИКИ ГОРОДА ТОКМОК;29;465;546;1011;168;230;398;163;754;917;91;380;471
Чуйская обл.;4170800000000000;Токмок г.;41708410000000000;842081;ЦОВП г. Токмок;ЦЕНТР ОБЩЕВРАЧЕБНОЙ ПРАКТИКИ ГОРОДА ТОКМОК;30;446;560;1006;174;251;425;178;867;1045;96;501;597
Чуйская обл.;4170800000000000;Токмок г.;41708410000000000;842081;ЦОВП г. Токмок;ЦЕНТР ОБЩЕВРАЧЕБНОЙ ПРАКТИКИ ГОРОДА ТОКМОК;31;481;549;1030;207;262;469;189;718;907;103;417;520
Чуйская обл.;4170800000000000;Токмок г.;41708410000000000;842081;ЦОВП г. Токмок;ЦЕНТР ОБЩЕВРАЧЕБНОЙ ПРАКТИКИ ГОРОДА ТОКМОК;32;517;543;1060;251;257;508;189;701;890;122;442;564
Чуйская обл.;4170800000000000;Токмок г.;41708410000000000;842081;ЦОВП г. Токмок;ЦЕНТР ОБЩЕВРАЧЕБНОЙ ПРАКТИКИ ГОРОДА ТОКМОК;33;487;554;1041;246;287;533;217;702;919;142;464;606
Чуйская обл.;4170800000000000;Токмок г.;41708410000000000;842081;ЦОВП г. Токмок;ЦЕНТР ОБЩЕВРАЧЕБНОЙ ПРАКТИКИ ГОРОДА ТОКМОК;34;469;543;1012;245;284;529;188;725;913;109;413;522
Чуйская обл.;4170800000000000;Токмок г.;41708410000000000;842081;ЦОВП г. Токмок;ЦЕНТР ОБЩЕВРАЧЕБНОЙ ПРАКТИКИ ГОРОДА ТОКМОК;35;445;516;961;234;297;531;185;661;846;111;416;527
Чуйская обл.;4170800000000000;Токмок г.;41708410000000000;842081;ЦОВП г. Токмок;ЦЕНТР ОБЩЕВРАЧЕБНОЙ ПРАКТИКИ ГОРОДА ТОКМОК;36;447;488;935;254;270;524;165;631;796;121;430;551
Чуйская обл.;4170800000000000;Токмок г.;41708410000000000;842081;ЦОВП г. Токмок;ЦЕНТР ОБЩЕВРАЧЕБНОЙ ПРАКТИКИ ГОРОДА ТОКМОК;37;454;530;984;253;288;541;181;650;831;104;424;528
Чуйская обл.;4170800000000000;Токмок г.;41708410000000000;842081;ЦОВП г. Токмок;ЦЕНТР ОБЩЕВРАЧЕБНОЙ ПРАКТИКИ ГОРОДА ТОКМОК;38;418;496;914;213;280;493;190;426;616;120;315;435
Чуйская обл.;4170800000000000;Токмок г.;41708410000000000;842081;ЦОВП г. Токмок;ЦЕНТР ОБЩЕВРАЧЕБНОЙ ПРАКТИКИ ГОРОДА ТОКМОК;39;409;494;903;220;265;485;140;382;522;82;242;324
Чуйская обл.;4170800000000000;Токмок г.;41708410000000000;842081;ЦОВП г. Токмок;ЦЕНТР ОБЩЕВРАЧЕБНОЙ ПРАКТИКИ ГОРОДА ТОКМОК;40;394;465;859;216;226;442;198;391;589;162;272;434
Чуйская обл.;4170800000000000;Токмок г.;41708410000000000;842081;ЦОВП г. Токмок;ЦЕНТР ОБЩЕВРАЧЕБНОЙ ПРАКТИКИ ГОРОДА ТОКМОК;41;371;434;805;199;241;440;129;315;444;91;212;303
Чуйская обл.;4170800000000000;Токмок г.;41708410000000000;842081;ЦОВП г. Токмок;ЦЕНТР ОБЩЕВРАЧЕБНОЙ ПРАКТИКИ ГОРОДА ТОКМОК;42;390;411;801;197;222;419;101;253;354;52;162;214
Чуйская обл.;4170800000000000;Токмок г.;41708410000000000;842081;ЦОВП г. Токмок;ЦЕНТР ОБЩЕВРАЧЕБНОЙ ПРАКТИКИ ГОРОДА ТОКМОК;43;336;386;722;187;183;370;237;288;525;177;199;376
Чуйская обл.;4170800000000000;Токмок г.;41708410000000000;842081;ЦОВП г. Токмок;ЦЕНТР ОБЩЕВРАЧЕБНОЙ ПРАКТИКИ ГОРОДА ТОКМОК;44;316;426;742;179;248;427;162;282;444;124;215;339
Чуйская обл.;4170800000000000;Токмок г.;41708410000000000;842081;ЦОВП г. Токмок;ЦЕНТР ОБЩЕВРАЧЕБНОЙ ПРАКТИКИ ГОРОДА ТОКМОК;45;324;402;726;175;203;378;175;298;473;118;160;278
Чуйская обл.;4170800000000000;Токмок г.;41708410000000000;842081;ЦОВП г. Токмок;ЦЕНТР ОБЩЕВРАЧЕБНОЙ ПРАКТИКИ ГОРОДА ТОКМОК;46;325;400;725;168;209;377;155;331;486;101;232;333
Чуйская обл.;4170800000000000;Токмок г.;41708410000000000;842081;ЦОВП г. Токмок;ЦЕНТР ОБЩЕВРАЧЕБНОЙ ПРАКТИКИ ГОРОДА ТОКМОК;47;318;392;710;170;225;395;149;212;361;106;169;275
Чуйская обл.;4170800000000000;Токмок г.;41708410000000000;842081;ЦОВП г. Токмок;ЦЕНТР ОБЩЕВРАЧЕБНОЙ ПРАКТИКИ ГОРОДА ТОКМОК;48;298;344;642;152;194;346;129;330;459;90;266;356
Чуйская обл.;4170800000000000;Токмок г.;41708410000000000;842081;ЦОВП г. Токмок;ЦЕНТР ОБЩЕВРАЧЕБНОЙ ПРАКТИКИ ГОРОДА ТОКМОК;49;271;386;657;138;206;344;145;300;445;109;194;303
Чуйская обл.;4170800000000000;Токмок г.;41708410000000000;842081;ЦОВП г. Токмок;ЦЕНТР ОБЩЕВРАЧЕБНОЙ ПРАКТИКИ ГОРОДА ТОКМОК;50;278;376;654;156;203;359;156;284;440;108;193;301
Чуйская обл.;4170800000000000;Токмок г.;41708410000000000;842081;ЦОВП г. Токмок;ЦЕНТР ОБЩЕВРАЧЕБНОЙ ПРАКТИКИ ГОРОДА ТОКМОК;51;277;383;660;141;221;362;152;324;476;105;253;358
Чуйская обл.;4170800000000000;Токмок г.;41708410000000000;842081;ЦОВП г. Токмок;ЦЕНТР ОБЩЕВРАЧЕБНОЙ ПРАКТИКИ ГОРОДА ТОКМОК;52;274;392;666;142;210;352;200;330;530;133;244;377
Чуйская обл.;4170800000000000;Токмок г.;41708410000000000;842081;ЦОВП г. Токмок;ЦЕНТР ОБЩЕВРАЧЕБНОЙ ПРАКТИКИ ГОРОДА ТОКМОК;53;283;385;668;154;206;360;208;435;643;146;289;435
Чуйская обл.;4170800000000000;Токмок г.;41708410000000000;842081;ЦОВП г. Токмок;ЦЕНТР ОБЩЕВРАЧЕБНОЙ ПРАКТИКИ ГОРОДА ТОКМОК;54;278;338;616;141;177;318;178;340;518;135;228;363
Чуйская обл.;4170800000000000;Токмок г.;41708410000000000;842081;ЦОВП г. Токмок;ЦЕНТР ОБЩЕВРАЧЕБНОЙ ПРАКТИКИ ГОРОДА ТОКМОК;55;258;366;624;137;219;356;186;366;552;139;262;401
Чуйская обл.;4170800000000000;Токмок г.;41708410000000000;842081;ЦОВП г. Токмок;ЦЕНТР ОБЩЕВРАЧЕБНОЙ ПРАКТИКИ ГОРОДА ТОКМОК;56;237;335;572;141;199;340;205;368;573;173;267;440
Чуйская обл.;4170800000000000;Токмок г.;41708410000000000;842081;ЦОВП г. Токмок;ЦЕНТР ОБЩЕВРАЧЕБНОЙ ПРАКТИКИ ГОРОДА ТОКМОК;57;236;336;572;142;214;356;212;412;624;173;285;458
Чуйская обл.;4170800000000000;Токмок г.;41708410000000000;842081;ЦОВП г. Токмок;ЦЕНТР ОБЩЕВРАЧЕБНОЙ ПРАКТИКИ ГОРОДА ТОКМОК;58;259;328;587;166;201;367;256;305;561;205;250;455
Чуйская обл.;4170800000000000;Токмок г.;41708410000000000;842081;ЦОВП г. Токмок;ЦЕНТР ОБЩЕВРАЧЕБНОЙ ПРАКТИКИ ГОРОДА ТОКМОК;59;228;260;488;143;177;320;202;364;566;161;298;459
Чуйская обл.;4170800000000000;Токмок г.;41708410000000000;842081;ЦОВП г. Токмок;ЦЕНТР ОБЩЕВРАЧЕБНОЙ ПРАКТИКИ ГОРОДА ТОКМОК;60;240;300;540;147;241;388;220;389;609;159;298;457
Чуйская обл.;4170800000000000;Токмок г.;41708410000000000;842081;ЦОВП г. Токмок;ЦЕНТР ОБЩЕВРАЧЕБНОЙ ПРАКТИКИ ГОРОДА ТОКМОК;61;215;301;516;145;251;396;207;467;674;168;409;577
Чуйская обл.;4170800000000000;Токмок г.;41708410000000000;842081;ЦОВП г. Токмок;ЦЕНТР ОБЩЕВРАЧЕБНОЙ ПРАКТИКИ ГОРОДА ТОКМОК;62;205;292;497;140;247;387;192;412;604;133;325;458
Чуйская обл.;4170800000000000;Токмок г.;41708410000000000;842081;ЦОВП г. Токмок;ЦЕНТР ОБЩЕВРАЧЕБНОЙ ПРАКТИКИ ГОРОДА ТОКМОК;63;208;292;500;138;248;386;170;407;577;135;351;486
Чуйская обл.;4170800000000000;Токмок г.;41708410000000000;842081;ЦОВП г. Токмок;ЦЕНТР ОБЩЕВРАЧЕБНОЙ ПРАКТИКИ ГОРОДА ТОКМОК;64;173;315;488;134;292;426;170;415;585;147;378;525
Чуйская обл.;4170800000000000;Токмок г.;41708410000000000;842081;ЦОВП г. Токмок;ЦЕНТР ОБЩЕВРАЧЕБНОЙ ПРАКТИКИ ГОРОДА ТОКМОК;65;195;287;482;159;263;422;133;467;600;99;403;502
Чуйская обл.;4170800000000000;Токмок г.;41708410000000000;842081;ЦОВП г. Токмок;ЦЕНТР ОБЩЕВРАЧЕБНОЙ ПРАКТИКИ ГОРОДА ТОКМОК;66;155;271;426;143;245;388;172;364;536;153;316;469
Чуйская обл.;4170800000000000;Токмок г.;41708410000000000;842081;ЦОВП г. Токмок;ЦЕНТР ОБЩЕВРАЧЕБНОЙ ПРАКТИКИ ГОРОДА ТОКМОК;67;126;240;366;108;224;332;105;323;428;86;275;361
Чуйская обл.;4170800000000000;Токмок г.;41708410000000000;842081;ЦОВП г. Токмок;ЦЕНТР ОБЩЕВРАЧЕБНОЙ ПРАКТИКИ ГОРОДА ТОКМОК;68;147;252;399;128;229;357;133;356;489;111;312;423
Чуйская обл.;4170800000000000;Токмок г.;41708410000000000;842081;ЦОВП г. Токмок;ЦЕНТР ОБЩЕВРАЧЕБНОЙ ПРАКТИКИ ГОРОДА ТОКМОК;69;117;228;345;106;218;324;110;225;335;100;199;299
Чуйская обл.;4170800000000000;Токмок г.;41708410000000000;842081;ЦОВП г. Токмок;ЦЕНТР ОБЩЕВРАЧЕБНОЙ ПРАКТИКИ ГОРОДА ТОКМОК;70;93;206;299;89;194;283;110;262;372;99;223;322
Чуйская обл.;4170800000000000;Токмок г.;41708410000000000;842081;ЦОВП г. Токмок;ЦЕНТР ОБЩЕВРАЧЕБНОЙ ПРАКТИКИ ГОРОДА ТОКМОК;71;88;174;262;81;168;249;87;202;289;63;195;258
Чуйская обл.;4170800000000000;Токмок г.;41708410000000000;842081;ЦОВП г. Токмок;ЦЕНТР ОБЩЕВРАЧЕБНОЙ ПРАКТИКИ ГОРОДА ТОКМОК;72;89;190;279;82;178;260;101;187;288;86;166;252
Чуйская обл.;4170800000000000;Токмок г.;41708410000000000;842081;ЦОВП г. Токмок;ЦЕНТР ОБЩЕВРАЧЕБНОЙ ПРАКТИКИ ГОРОДА ТОКМОК;73;97;147;244;93;136;229;85;148;233;79;129;208
Чуйская обл.;4170800000000000;Токмок г.;41708410000000000;842081;ЦОВП г. Токмок;ЦЕНТР ОБЩЕВРАЧЕБНОЙ ПРАКТИКИ ГОРОДА ТОКМОК;74;86;143;229;84;134;218;71;160;231;58;148;206
Чуйская обл.;4170800000000000;Токмок г.;41708410000000000;842081;ЦОВП г. Токмок;ЦЕНТР ОБЩЕВРАЧЕБНОЙ ПРАКТИКИ ГОРОДА ТОКМОК;75;58;141;199;55;138;193;59;137;196;41;129;170
Чуйская обл.;4170800000000000;Токмок г.;41708410000000000;842081;ЦОВП г. Токмок;ЦЕНТР ОБЩЕВРАЧЕБНОЙ ПРАКТИКИ ГОРОДА ТОКМОК;76;49;127;176;47;121;168;43;104;147;39;99;138
Чуйская обл.;4170800000000000;Токмок г.;41708410000000000;842081;ЦОВП г. Токмок;ЦЕНТР ОБЩЕВРАЧЕБНОЙ ПРАКТИКИ ГОРОДА ТОКМОК;77;48;116;164;46;111;157;55;134;189;50;124;174
Чуйская обл.;4170800000000000;Токмок г.;41708410000000000;842081;ЦОВП г. Токмок;ЦЕНТР ОБЩЕВРАЧЕБНОЙ ПРАКТИКИ ГОРОДА ТОКМОК;78;45;78;123;44;74;118;11;59;70;11;47;58
Чуйская обл.;4170800000000000;Токмок г.;41708410000000000;842081;ЦОВП г. Токмок;ЦЕНТР ОБЩЕВРАЧЕБНОЙ ПРАКТИКИ ГОРОДА ТОКМОК;79;20;56;76;19;56;75;6;11;17;6;8;14
Чуйская обл.;4170800000000000;Токмок г.;41708410000000000;842081;ЦОВП г. Токмок;ЦЕНТР ОБЩЕВРАЧЕБНОЙ ПРАКТИКИ ГОРОДА ТОКМОК;80;16;45;61;16;43;59;6;25;31;4;17;21
Чуйская обл.;4170800000000000;Токмок г.;41708410000000000;842081;ЦОВП г. Токмок;ЦЕНТР ОБЩЕВРАЧЕБНОЙ ПРАКТИКИ ГОРОДА ТОКМОК;81;18;48;66;15;43;58;20;38;58;18;27;45
Чуйская обл.;4170800000000000;Токмок г.;41708410000000000;842081;ЦОВП г. Токмок;ЦЕНТР ОБЩЕВРАЧЕБНОЙ ПРАКТИКИ ГОРОДА ТОКМОК;82;25;69;94;22;68;90;18;38;56;15;38;53
Чуйская обл.;4170800000000000;Токмок г.;41708410000000000;842081;ЦОВП г. Токмок;ЦЕНТР ОБЩЕВРАЧЕБНОЙ ПРАКТИКИ ГОРОДА ТОКМОК;83;19;71;90;19;68;87;4;30;34;4;27;31
Чуйская обл.;4170800000000000;Токмок г.;41708410000000000;842081;ЦОВП г. Токмок;ЦЕНТР ОБЩЕВРАЧЕБНОЙ ПРАКТИКИ ГОРОДА ТОКМОК;84;26;69;95;24;65;89;5;23;28;4;16;20
Чуйская обл.;4170800000000000;Токмок г.;41708410000000000;842081;ЦОВП г. Токмок;ЦЕНТР ОБЩЕВРАЧЕБНОЙ ПРАКТИКИ ГОРОДА ТОКМОК;85;21;55;76;20;54;74;20;17;37;16;17;33
Чуйская обл.;4170800000000000;Токмок г.;41708410000000000;842081;ЦОВП г. Токмок;ЦЕНТР ОБЩЕВРАЧЕБНОЙ ПРАКТИКИ ГОРОДА ТОКМОК;86;20;72;92;20;68;88;14;24;38;11;13;24
Чуйская обл.;4170800000000000;Токмок г.;41708410000000000;842081;ЦОВП г. Токмок;ЦЕНТР ОБЩЕВРАЧЕБНОЙ ПРАКТИКИ ГОРОДА ТОКМОК;87;28;62;90;28;58;86;7;14;21;6;13;19
Чуйская обл.;4170800000000000;Токмок г.;41708410000000000;842081;ЦОВП г. Токмок;ЦЕНТР ОБЩЕВРАЧЕБНОЙ ПРАКТИКИ ГОРОДА ТОКМОК;88;18;54;72;18;53;71;4;32;36;3;27;30
Чуйская обл.;4170800000000000;Токмок г.;41708410000000000;842081;ЦОВП г. Токмок;ЦЕНТР ОБЩЕВРАЧЕБНОЙ ПРАКТИКИ ГОРОДА ТОКМОК;89;12;45;57;11;44;55;0;8;8;0;8;8
Чуйская обл.;4170800000000000;Токмок г.;41708410000000000;842081;ЦОВП г. Токмок;ЦЕНТР ОБЩЕВРАЧЕБНОЙ ПРАКТИКИ ГОРОДА ТОКМОК;90;8;29;37;8;26;34;0;7;7;0;0;0
Чуйская обл.;4170800000000000;Токмок г.;41708410000000000;842081;ЦОВП г. Токмок;ЦЕНТР ОБЩЕВРАЧЕБНОЙ ПРАКТИКИ ГОРОДА ТОКМОК;91;8;28;36;8;26;34;0;7;7;0;6;6
Чуйская обл.;4170800000000000;Токмок г.;41708410000000000;842081;ЦОВП г. Токмок;ЦЕНТР ОБЩЕВРАЧЕБНОЙ ПРАКТИКИ ГОРОДА ТОКМОК;92;2;10;12;2;10;12;1;2;3;1;2;3
Чуйская обл.;4170800000000000;Токмок г.;41708410000000000;842081;ЦОВП г. Токмок;ЦЕНТР ОБЩЕВРАЧЕБНОЙ ПРАКТИКИ ГОРОДА ТОКМОК;93;1;6;7;1;6;7;0;2;2;0;2;2
Чуйская обл.;4170800000000000;Токмок г.;41708410000000000;842081;ЦОВП г. Токмок;ЦЕНТР ОБЩЕВРАЧЕБНОЙ ПРАКТИКИ ГОРОДА ТОКМОК;94;4;10;14;4;10;14;0;3;3;0;3;3
Джалал-Абадская обл.;4170300000000000;Кара-Куль г.;41703440000000000;305851;ЦОВП Г.КАРАКУЛЬ;Кара-Кульский центр общеврачебный практики имени Боронбая Рысбекова;0;204;172;376;204;172;376;2251;1801;4052;2251;1801;4052
Джалал-Абадская обл.;4170300000000000;Кара-Куль г.;41703440000000000;305851;ЦОВП Г.КАРАКУЛЬ;Кара-Кульский центр общеврачебный практики имени Боронбая Рысбекова;1;260;235;495;260;235;495;1072;895;1967;1072;895;1967
Джалал-Абадская обл.;4170300000000000;Кара-Куль г.;41703440000000000;305851;ЦОВП Г.КАРАКУЛЬ;Кара-Кульский центр общеврачебный практики имени Боронбая Рысбекова;2;267;246;513;267;246;513;821;826;1647;821;826;1647
Джалал-Абадская обл.;4170300000000000;Кара-Куль г.;41703440000000000;305851;ЦОВП Г.КАРАКУЛЬ;Кара-Кульский центр общеврачебный практики имени Боронбая Рысбекова;3;235;295;530;235;295;530;588;493;1081;588;493;1081
Джалал-Абадская обл.;4170300000000000;Кара-Куль г.;41703440000000000;305851;ЦОВП Г.КАРАКУЛЬ;Кара-Кульский центр общеврачебный практики имени Боронбая Рысбекова;4;293;259;552;293;259;552;514;381;895;514;381;895
Джалал-Абадская обл.;4170300000000000;Кара-Куль г.;41703440000000000;305851;ЦОВП Г.КАРАКУЛЬ;Кара-Кульский центр общеврачебный практики имени Боронбая Рысбекова;5;272;252;524;272;252;524;559;426;985;559;426;985
Джалал-Абадская обл.;4170300000000000;Кара-Куль г.;41703440000000000;305851;ЦОВП Г.КАРАКУЛЬ;Кара-Кульский центр общеврачебный практики имени Боронбая Рысбекова;6;291;303;594;291;303;594;461;409;870;461;409;870
Джалал-Абадская обл.;4170300000000000;Кара-Куль г.;41703440000000000;305851;ЦОВП Г.КАРАКУЛЬ;Кара-Кульский центр общеврачебный практики имени Боронбая Рысбекова;7;247;283;530;247;283;530;257;233;490;257;233;490
Джалал-Абадская обл.;4170300000000000;Кара-Куль г.;41703440000000000;305851;ЦОВП Г.КАРАКУЛЬ;Кара-Кульский центр общеврачебный практики имени Боронбая Рысбекова;8;251;323;574;251;323;574;182;180;362;182;180;362
Джалал-Абадская обл.;4170300000000000;Кара-Куль г.;41703440000000000;305851;ЦОВП Г.КАРАКУЛЬ;Кара-Кульский центр общеврачебный практики имени Боронбая Рысбекова;9;278;278;556;278;278;556;160;153;313;160;153;313
Джалал-Абадская обл.;4170300000000000;Кара-Куль г.;41703440000000000;305851;ЦОВП Г.КАРАКУЛЬ;Кара-Кульский центр общеврачебный практики имени Боронбая Рысбекова;10;273;325;598;273;325;598;187;178;365;187;178;365
Джалал-Абадская обл.;4170300000000000;Кара-Куль г.;41703440000000000;305851;ЦОВП Г.КАРАКУЛЬ;Кара-Кульский центр общеврачебный практики имени Боронбая Рысбекова;11;249;334;583;249;334;583;206;195;401;206;195;401
Джалал-Абадская обл.;4170300000000000;Кара-Куль г.;41703440000000000;305851;ЦОВП Г.КАРАКУЛЬ;Кара-Кульский центр общеврачебный практики имени Боронбая Рысбекова;12;248;348;596;248;348;596;297;161;458;297;161;458
Джалал-Абадская обл.;4170300000000000;Кара-Куль г.;41703440000000000;305851;ЦОВП Г.КАРАКУЛЬ;Кара-Кульский центр общеврачебный практики имени Боронбая Рысбекова;13;230;322;552;230;322;552;301;292;593;301;292;593
Джалал-Абадская обл.;4170300000000000;Кара-Куль г.;41703440000000000;305851;ЦОВП Г.КАРАКУЛЬ;Кара-Кульский центр общеврачебный практики имени Боронбая Рысбекова;14;277;279;556;277;279;556;379;285;664;379;285;664
Джалал-Абадская обл.;4170300000000000;Кара-Куль г.;41703440000000000;305851;ЦОВП Г.КАРАКУЛЬ;Кара-Кульский центр общеврачебный практики имени Боронбая Рысбекова;15;270;253;523;270;253;523;296;274;570;296;274;570
Джалал-Абадская обл.;4170300000000000;Кара-Куль г.;41703440000000000;305851;ЦОВП Г.КАРАКУЛЬ;Кара-Кульский центр общеврачебный практики имени Боронбая Рысбекова;16;205;244;449;205;244;449;305;360;665;303;360;663
Джалал-Абадская обл.;4170300000000000;Кара-Куль г.;41703440000000000;305851;ЦОВП Г.КАРАКУЛЬ;Кара-Кульский центр общеврачебный практики имени Боронбая Рысбекова;17;183;228;411;180;225;405;373;413;786;351;404;755
Джалал-Абадская обл.;4170300000000000;Кара-Куль г.;41703440000000000;305851;ЦОВП Г.КАРАКУЛЬ;Кара-Кульский центр общеврачебный практики имени Боронбая Рысбекова;18;156;212;368;150;203;353;344;419;763;284;350;634
Джалал-Абадская обл.;4170300000000000;Кара-Куль г.;41703440000000000;305851;ЦОВП Г.КАРАКУЛЬ;Кара-Кульский центр общеврачебный практики имени Боронбая Рысбекова;19;178;182;360;67;102;169;263;249;512;63;106;169
Джалал-Абадская обл.;4170300000000000;Кара-Куль г.;41703440000000000;305851;ЦОВП Г.КАРАКУЛЬ;Кара-Кульский центр общеврачебный практики имени Боронбая Рысбекова;20;167;167;334;16;34;50;124;349;473;29;127;156
Джалал-Абадская обл.;4170300000000000;Кара-Куль г.;41703440000000000;305851;ЦОВП Г.КАРАКУЛЬ;Кара-Кульский центр общеврачебный практики имени Боронбая Рысбекова;21;151;194;345;14;37;51;151;362;513;15;171;186
Джалал-Абадская обл.;4170300000000000;Кара-Куль г.;41703440000000000;305851;ЦОВП Г.КАРАКУЛЬ;Кара-Кульский центр общеврачебный практики имени Боронбая Рысбекова;22;132;192;324;21;51;72;179;398;577;36;164;200
Джалал-Абадская обл.;4170300000000000;Кара-Куль г.;41703440000000000;305851;ЦОВП Г.КАРАКУЛЬ;Кара-Кульский центр общеврачебный практики имени Боронбая Рысбекова;23;146;175;321;26;64;90;235;496;731;47;240;287
Джалал-Абадская обл.;4170300000000000;Кара-Куль г.;41703440000000000;305851;ЦОВП Г.КАРАКУЛЬ;Кара-Кульский центр общеврачебный практики имени Боронбая Рысбекова;24;146;171;317;26;46;72;170;301;471;57;198;255
Джалал-Абадская обл.;4170300000000000;Кара-Куль г.;41703440000000000;305851;ЦОВП Г.КАРАКУЛЬ;Кара-Кульский центр общеврачебный практики имени Боронбая Рысбекова;25;114;177;291;26;78;104;146;499;645;78;376;454
Джалал-Абадская обл.;4170300000000000;Кара-Куль г.;41703440000000000;305851;ЦОВП Г.КАРАКУЛЬ;Кара-Кульский центр общеврачебный практики имени Боронбая Рысбекова;26;137;203;340;38;98;136;176;556;732;82;391;473
Джалал-Абадская обл.;4170300000000000;Кара-Куль г.;41703440000000000;305851;ЦОВП Г.КАРАКУЛЬ;Кара-Кульский центр общеврачебный практики имени Боронбая Рысбекова;27;135;165;300;43;66;109;260;399;659;146;293;439
Джалал-Абадская обл.;4170300000000000;Кара-Куль г.;41703440000000000;305851;ЦОВП Г.КАРАКУЛЬ;Кара-Кульский центр общеврачебный практики имени Боронбая Рысбекова;28;148;171;319;56;85;141;224;521;745;126;358;484
Джалал-Абадская обл.;4170300000000000;Кара-Куль г.;41703440000000000;305851;ЦОВП Г.КАРАКУЛЬ;Кара-Кульский центр общеврачебный практики имени Боронбая Рысбекова;29;173;227;400;68;98;166;219;420;639;122;311;433
Джалал-Абадская обл.;4170300000000000;Кара-Куль г.;41703440000000000;305851;ЦОВП Г.КАРАКУЛЬ;Кара-Кульский центр общеврачебный практики имени Боронбая Рысбекова;30;146;190;336;74;88;162;279;460;739;201;387;588
Джалал-Абадская обл.;4170300000000000;Кара-Куль г.;41703440000000000;305851;ЦОВП Г.КАРАКУЛЬ;Кара-Кульский центр общеврачебный практики имени Боронбая Рысбекова;31;165;201;366;83;109;192;296;482;778;223;406;629
Джалал-Абадская обл.;4170300000000000;Кара-Куль г.;41703440000000000;305851;ЦОВП Г.КАРАКУЛЬ;Кара-Кульский центр общеврачебный практики имени Боронбая Рысбекова;32;168;242;410;107;128;235;302;494;796;226;416;642
Джалал-Абадская обл.;4170300000000000;Кара-Куль г.;41703440000000000;305851;ЦОВП Г.КАРАКУЛЬ;Кара-Кульский центр общеврачебный практики имени Боронбая Рысбекова;33;184;223;407;125;122;247;314;410;724;265;301;566
Джалал-Абадская обл.;4170300000000000;Кара-Куль г.;41703440000000000;305851;ЦОВП Г.КАРАКУЛЬ;Кара-Кульский центр общеврачебный практики имени Боронбая Рысбекова;34;190;193;383;120;96;216;288;491;779;217;406;623
Джалал-Абадская обл.;4170300000000000;Кара-Куль г.;41703440000000000;305851;ЦОВП Г.КАРАКУЛЬ;Кара-Кульский центр общеврачебный практики имени Боронбая Рысбекова;35;138;174;312;89;111;200;299;389;688;218;340;558
Джалал-Абадская обл.;4170300000000000;Кара-Куль г.;41703440000000000;305851;ЦОВП Г.КАРАКУЛЬ;Кара-Кульский центр общеврачебный практики имени Боронбая Рысбекова;36;172;175;347;105;106;211;260;509;769;192;412;604
Джалал-Абадская обл.;4170300000000000;Кара-Куль г.;41703440000000000;305851;ЦОВП Г.КАРАКУЛЬ;Кара-Кульский центр общеврачебный практики имени Боронбая Рысбекова;37;160;192;352;105;133;238;318;502;820;290;414;704
Джалал-Абадская обл.;4170300000000000;Кара-Куль г.;41703440000000000;305851;ЦОВП Г.КАРАКУЛЬ;Кара-Кульский центр общеврачебный практики имени Боронбая Рысбекова;38;184;181;365;133;123;256;420;495;915;372;447;819
Джалал-Абадская обл.;4170300000000000;Кара-Куль г.;41703440000000000;305851;ЦОВП Г.КАРАКУЛЬ;Кара-Кульский центр общеврачебный практики имени Боронбая Рысбекова;39;170;178;348;113;127;240;306;421;727;256;345;601
Джалал-Абадская обл.;4170300000000000;Кара-Куль г.;41703440000000000;305851;ЦОВП Г.КАРАКУЛЬ;Кара-Кульский центр общеврачебный практики имени Боронбая Рысбекова;40;172;154;326;110;102;212;278;355;633;222;311;533
Джалал-Абадская обл.;4170300000000000;Кара-Куль г.;41703440000000000;305851;ЦОВП Г.КАРАКУЛЬ;Кара-Кульский центр общеврачебный практики имени Боронбая Рысбекова;41;128;144;272;82;94;176;256;288;544;228;249;477
Джалал-Абадская обл.;4170300000000000;Кара-Куль г.;41703440000000000;305851;ЦОВП Г.КАРАКУЛЬ;Кара-Кульский центр общеврачебный практики имени Боронбая Рысбекова;42;138;152;290;92;90;182;260;348;608;227;278;505
Джалал-Абадская обл.;4170300000000000;Кара-Куль г.;41703440000000000;305851;ЦОВП Г.КАРАКУЛЬ;Кара-Кульский центр общеврачебный практики имени Боронбая Рысбекова;43;111;133;244;85;86;171;241;286;527;231;252;483
Джалал-Абадская обл.;4170300000000000;Кара-Куль г.;41703440000000000;305851;ЦОВП Г.КАРАКУЛЬ;Кара-Кульский центр общеврачебный практики имени Боронбая Рысбекова;44;101;122;223;70;84;154;257;339;596;207;265;472
Джалал-Абадская обл.;4170300000000000;Кара-Куль г.;41703440000000000;305851;ЦОВП Г.КАРАКУЛЬ;Кара-Кульский центр общеврачебный практики имени Боронбая Рысбекова;45;120;118;238;89;70;159;266;404;670;239;343;582
Джалал-Абадская обл.;4170300000000000;Кара-Куль г.;41703440000000000;305851;ЦОВП Г.КАРАКУЛЬ;Кара-Кульский центр общеврачебный практики имени Боронбая Рысбекова;46;108;140;248;80;100;180;295;413;708;258;356;614
Джалал-Абадская обл.;4170300000000000;Кара-Куль г.;41703440000000000;305851;ЦОВП Г.КАРАКУЛЬ;Кара-Кульский центр общеврачебный практики имени Боронбая Рысбекова;47;105;135;240;79;99;178;246;444;690;228;379;607
Джалал-Абадская обл.;4170300000000000;Кара-Куль г.;41703440000000000;305851;ЦОВП Г.КАРАКУЛЬ;Кара-Кульский центр общеврачебный практики имени Боронбая Рысбекова;48;111;115;226;87;80;167;336;328;664;292;272;564
Джалал-Абадская обл.;4170300000000000;Кара-Куль г.;41703440000000000;305851;ЦОВП Г.КАРАКУЛЬ;Кара-Кульский центр общеврачебный практики имени Боронбая Рысбекова;49;94;114;208;74;79;153;220;279;499;201;255;456
Джалал-Абадская обл.;4170300000000000;Кара-Куль г.;41703440000000000;305851;ЦОВП Г.КАРАКУЛЬ;Кара-Кульский центр общеврачебный практики имени Боронбая Рысбекова;50;95;95;190;77;63;140;308;251;559;287;228;515
Джалал-Абадская обл.;4170300000000000;Кара-Куль г.;41703440000000000;305851;ЦОВП Г.КАРАКУЛЬ;Кара-Кульский центр общеврачебный практики имени Боронбая Рысбекова;51;84;105;189;62;69;131;182;336;518;160;306;466
Джалал-Абадская обл.;4170300000000000;Кара-Куль г.;41703440000000000;305851;ЦОВП Г.КАРАКУЛЬ;Кара-Кульский центр общеврачебный практики имени Боронбая Рысбекова;52;77;115;192;59;84;143;159;472;631;147;426;573
Джалал-Абадская обл.;4170300000000000;Кара-Куль г.;41703440000000000;305851;ЦОВП Г.КАРАКУЛЬ;Кара-Кульский центр общеврачебный практики имени Боронбая Рысбекова;53;89;108;197;64;78;142;212;404;616;186;355;541
Джалал-Абадская обл.;4170300000000000;Кара-Куль г.;41703440000000000;305851;ЦОВП Г.КАРАКУЛЬ;Кара-Кульский центр общеврачебный практики имени Боронбая Рысбекова;54;85;117;202;70;87;157;257;384;641;230;357;587
Джалал-Абадская обл.;4170300000000000;Кара-Куль г.;41703440000000000;305851;ЦОВП Г.КАРАКУЛЬ;Кара-Кульский центр общеврачебный практики имени Боронбая Рысбекова;55;85;135;220;61;102;163;341;421;762;299;381;680
Джалал-Абадская обл.;4170300000000000;Кара-Куль г.;41703440000000000;305851;ЦОВП Г.КАРАКУЛЬ;Кара-Кульский центр общеврачебный практики имени Боронбая Рысбекова;56;103;110;213;88;86;174;265;439;704;252;410;662
Джалал-Абадская обл.;4170300000000000;Кара-Куль г.;41703440000000000;305851;ЦОВП Г.КАРАКУЛЬ;Кара-Кульский центр общеврачебный практики имени Боронбая Рысбекова;57;94;136;230;74;107;181;308;532;840;291;495;786
Джалал-Абадская обл.;4170300000000000;Кара-Куль г.;41703440000000000;305851;ЦОВП Г.КАРАКУЛЬ;Кара-Кульский центр общеврачебный практики имени Боронбая Рысбекова;58;94;133;227;75;112;187;331;441;772;304;416;720
Джалал-Абадская обл.;4170300000000000;Кара-Куль г.;41703440000000000;305851;ЦОВП Г.КАРАКУЛЬ;Кара-Кульский центр общеврачебный практики имени Боронбая Рысбекова;59;110;126;236;93;99;192;366;366;732;347;328;675
Джалал-Абадская обл.;4170300000000000;Кара-Куль г.;41703440000000000;305851;ЦОВП Г.КАРАКУЛЬ;Кара-Кульский центр общеврачебный практики имени Боронбая Рысбекова;60;99;104;203;87;78;165;287;294;581;263;269;532
Джалал-Абадская обл.;4170300000000000;Кара-Куль г.;41703440000000000;305851;ЦОВП Г.КАРАКУЛЬ;Кара-Кульский центр общеврачебный практики имени Боронбая Рысбекова;61;87;121;208;69;104;173;250;374;624;213;334;547
Джалал-Абадская обл.;4170300000000000;Кара-Куль г.;41703440000000000;305851;ЦОВП Г.КАРАКУЛЬ;Кара-Кульский центр общеврачебный практики имени Боронбая Рысбекова;62;85;122;207;68;110;178;297;378;675;275;362;637
Джалал-Абадская обл.;4170300000000000;Кара-Куль г.;41703440000000000;305851;ЦОВП Г.КАРАКУЛЬ;Кара-Кульский центр общеврачебный практики имени Боронбая Рысбекова;63;88;119;207;80;101;181;150;331;481;139;320;459
Джалал-Абадская обл.;4170300000000000;Кара-Куль г.;41703440000000000;305851;ЦОВП Г.КАРАКУЛЬ;Кара-Кульский центр общеврачебный практики имени Боронбая Рысбекова;64;74;141;215;60;131;191;188;325;513;161;319;480
Джалал-Абадская обл.;4170300000000000;Кара-Куль г.;41703440000000000;305851;ЦОВП Г.КАРАКУЛЬ;Кара-Кульский центр общеврачебный практики имени Боронбая Рысбекова;65;87;84;171;73;84;157;148;243;391;129;241;370
Джалал-Абадская обл.;4170300000000000;Кара-Куль г.;41703440000000000;305851;ЦОВП Г.КАРАКУЛЬ;Кара-Кульский центр общеврачебный практики имени Боронбая Рысбекова;66;53;83;136;50;80;130;105;216;321;103;211;314
Джалал-Абадская обл.;4170300000000000;Кара-Куль г.;41703440000000000;305851;ЦОВП Г.КАРАКУЛЬ;Кара-Кульский центр общеврачебный практики имени Боронбая Рысбекова;67;62;73;135;60;73;133;100;247;347;100;247;347
Джалал-Абадская обл.;4170300000000000;Кара-Куль г.;41703440000000000;305851;ЦОВП Г.КАРАКУЛЬ;Кара-Кульский центр общеврачебный практики имени Боронбая Рысбекова;68;50;96;146;48;94;142;127;245;372;119;245;364
Джалал-Абадская обл.;4170300000000000;Кара-Куль г.;41703440000000000;305851;ЦОВП Г.КАРАКУЛЬ;Кара-Кульский центр общеврачебный практики имени Боронбая Рысбекова;69;46;52;98;43;50;93;87;204;291;87;204;291
Джалал-Абадская обл.;4170300000000000;Кара-Куль г.;41703440000000000;305851;ЦОВП Г.КАРАКУЛЬ;Кара-Кульский центр общеврачебный практики имени Боронбая Рысбекова;70;43;72;115;43;72;115;120;198;318;120;198;318
Джалал-Абадская обл.;4170300000000000;Кара-Куль г.;41703440000000000;305851;ЦОВП Г.КАРАКУЛЬ;Кара-Кульский центр общеврачебный практики имени Боронбая Рысбекова;71;36;72;108;36;72;108;79;164;243;79;164;243
Джалал-Абадская обл.;4170300000000000;Кара-Куль г.;41703440000000000;305851;ЦОВП Г.КАРАКУЛЬ;Кара-Кульский центр общеврачебный практики имени Боронбая Рысбекова;72;53;46;99;53;46;99;105;141;246;105;139;244
Джалал-Абадская обл.;4170300000000000;Кара-Куль г.;41703440000000000;305851;ЦОВП Г.КАРАКУЛЬ;Кара-Кульский центр общеврачебный практики имени Боронбая Рысбекова;73;26;31;57;26;31;57;45;143;188;45;142;187
Джалал-Абадская обл.;4170300000000000;Кара-Куль г.;41703440000000000;305851;ЦОВП Г.КАРАКУЛЬ;Кара-Кульский центр общеврачебный практики имени Боронбая Рысбекова;74;25;45;70;25;45;70;37;151;188;37;151;188
Джалал-Абадская обл.;4170300000000000;Кара-Куль г.;41703440000000000;305851;ЦОВП Г.КАРАКУЛЬ;Кара-Кульский центр общеврачебный практики имени Боронбая Рысбекова;75;18;29;47;18;29;47;38;67;105;38;67;105
Джалал-Абадская обл.;4170300000000000;Кара-Куль г.;41703440000000000;305851;ЦОВП Г.КАРАКУЛЬ;Кара-Кульский центр общеврачебный практики имени Боронбая Рысбекова;76;11;26;37;11;26;37;52;104;156;52;104;156
Джалал-Абадская обл.;4170300000000000;Кара-Куль г.;41703440000000000;305851;ЦОВП Г.КАРАКУЛЬ;Кара-Кульский центр общеврачебный практики имени Боронбая Рысбекова;77;15;34;49;15;34;49;48;26;74;48;26;74
Джалал-Абадская обл.;4170300000000000;Кара-Куль г.;41703440000000000;305851;ЦОВП Г.КАРАКУЛЬ;Кара-Кульский центр общеврачебный практики имени Боронбая Рысбекова;78;3;12;15;3;12;15;1;13;14;1;13;14
Джалал-Абадская обл.;4170300000000000;Кара-Куль г.;41703440000000000;305851;ЦОВП Г.КАРАКУЛЬ;Кара-Кульский центр общеврачебный практики имени Боронбая Рысбекова;79;1;10;11;1;10;11;2;8;10;2;8;10
Джалал-Абадская обл.;4170300000000000;Кара-Куль г.;41703440000000000;305851;ЦОВП Г.КАРАКУЛЬ;Кара-Кульский центр общеврачебный практики имени Боронбая Рысбекова;80;1;8;9;1;8;9;1;6;7;1;6;7
Джалал-Абадская обл.;4170300000000000;Кара-Куль г.;41703440000000000;305851;ЦОВП Г.КАРАКУЛЬ;Кара-Кульский центр общеврачебный практики имени Боронбая Рысбекова;81;7;4;11;7;4;11;22;9;31;22;9;31
Джалал-Абадская обл.;4170300000000000;Кара-Куль г.;41703440000000000;305851;ЦОВП Г.КАРАКУЛЬ;Кара-Кульский центр общеврачебный практики имени Боронбая Рысбекова;82;7;10;17;7;10;17;18;16;34;18;15;33
Джалал-Абадская обл.;4170300000000000;Кара-Куль г.;41703440000000000;305851;ЦОВП Г.КАРАКУЛЬ;Кара-Кульский центр общеврачебный практики имени Боронбая Рысбекова;83;7;10;17;7;10;17;2;6;8;2;6;8
Джалал-Абадская обл.;4170300000000000;Кара-Куль г.;41703440000000000;305851;ЦОВП Г.КАРАКУЛЬ;Кара-Кульский центр общеврачебный практики имени Боронбая Рысбекова;84;8;19;27;8;19;27;7;20;27;7;20;27
Джалал-Абадская обл.;4170300000000000;Кара-Куль г.;41703440000000000;305851;ЦОВП Г.КАРАКУЛЬ;Кара-Кульский центр общеврачебный практики имени Боронбая Рысбекова;85;7;17;24;7;17;24;11;15;26;11;15;26
Джалал-Абадская обл.;4170300000000000;Кара-Куль г.;41703440000000000;305851;ЦОВП Г.КАРАКУЛЬ;Кара-Кульский центр общеврачебный практики имени Боронбая Рысбекова;86;5;9;14;5;9;14;12;12;24;12;12;24
Джалал-Абадская обл.;4170300000000000;Кара-Куль г.;41703440000000000;305851;ЦОВП Г.КАРАКУЛЬ;Кара-Кульский центр общеврачебный практики имени Боронбая Рысбекова;87;5;8;13;5;8;13;6;7;13;6;7;13
Джалал-Абадская обл.;4170300000000000;Кара-Куль г.;41703440000000000;305851;ЦОВП Г.КАРАКУЛЬ;Кара-Кульский центр общеврачебный практики имени Боронбая Рысбекова;88;2;12;14;2;12;14;4;6;10;4;6;10
Джалал-Абадская обл.;4170300000000000;Кара-Куль г.;41703440000000000;305851;ЦОВП Г.КАРАКУЛЬ;Кара-Кульский центр общеврачебный практики имени Боронбая Рысбекова;90;3;7;10;3;7;10;4;3;7;4;3;7
Джалал-Абадская обл.;4170300000000000;Кара-Куль г.;41703440000000000;305851;ЦОВП Г.КАРАКУЛЬ;Кара-Кульский центр общеврачебный практики имени Боронбая Рысбекова;91;1;2;3;1;2;3;0;2;2;0;2;2
Джалал-Абадская обл.;4170300000000000;Кара-Куль г.;41703440000000000;305851;ЦОВП Г.КАРАКУЛЬ;Кара-Кульский центр общеврачебный практики имени Боронбая Рысбекова;92;0;9;9;0;9;9;6;1;7;6;1;7
Джалал-Абадская обл.;4170300000000000;Кара-Куль г.;41703440000000000;305851;ЦОВП Г.КАРАКУЛЬ;Кара-Кульский центр общеврачебный практики имени Боронбая Рысбекова;94;2;8;10;2;8;10;0;1;1;0;1;1
Джалал-Абадская обл.;4170300000000000;Кара-Куль г.;41703440000000000;305851;ЦОВП Г.КАРАКУЛЬ;Кара-Кульский центр общеврачебный практики имени Боронбая Рысбекова;95;1;3;4;1;3;4;1;1;2;1;1;2
Джалал-Абадская обл.;4170300000000000;Кара-Куль г.;41703440000000000;305851;ЦОВП Г.КАРАКУЛЬ;Кара-Кульский центр общеврачебный практики имени Боронбая Рысбекова;103;0;0;0;0;0;0;0;1;1;0;0;0
Джалал-Абадская обл.;4170300000000000;Кара-Куль г.;41703440000000000;305851;ЦОВП Г.КАРАКУЛЬ;Кара-Кульский центр общеврачебный практики имени Боронбая Рысбекова;104;0;4;4;0;4;4;0;1;1;0;0;0
Джалал-Абадская обл.;4170300000000000;Ноокенский р-н;41703215000000000;341551;ЦОВП Г.КОЧКОР-АТА;Центр общеврачебной практики города Кочкор-Ата Жалал-Абадской области;0;693;583;1276;693;583;1276;3682;3263;6945;3682;3263;6945
Джалал-Абадская обл.;4170300000000000;Ноокенский р-н;41703215000000000;341551;ЦОВП Г.КОЧКОР-АТА;Центр общеврачебной практики города Кочкор-Ата Жалал-Абадской области;1;865;846;1711;865;846;1711;1826;1633;3459;1826;1633;3459
Джалал-Абадская обл.;4170300000000000;Ноокенский р-н;41703215000000000;341551;ЦОВП Г.КОЧКОР-АТА;Центр общеврачебной практики города Кочкор-Ата Жалал-Абадской области;2;954;966;1920;954;966;1920;1509;1288;2797;1509;1288;2797
Джалал-Абадская обл.;4170300000000000;Ноокенский р-н;41703215000000000;341551;ЦОВП Г.КОЧКОР-АТА;Центр общеврачебной практики города Кочкор-Ата Жалал-Абадской области;3;1000;953;1953;1000;953;1953;903;941;1844;903;941;1844
Джалал-Абадская обл.;4170300000000000;Ноокенский р-н;41703215000000000;341551;ЦОВП Г.КОЧКОР-АТА;Центр общеврачебной практики города Кочкор-Ата Жалал-Абадской области;4;915;899;1814;915;899;1814;965;830;1795;965;830;1795
Джалал-Абадская обл.;4170300000000000;Ноокенский р-н;41703215000000000;341551;ЦОВП Г.КОЧКОР-АТА;Центр общеврачебной практики города Кочкор-Ата Жалал-Абадской области;5;901;796;1697;901;796;1697;814;823;1637;814;823;1637
Джалал-Абадская обл.;4170300000000000;Ноокенский р-н;41703215000000000;341551;ЦОВП Г.КОЧКОР-АТА;Центр общеврачебной практики города Кочкор-Ата Жалал-Абадской области;6;933;996;1929;933;996;1929;819;733;1552;819;733;1552
Джалал-Абадская обл.;4170300000000000;Ноокенский р-н;41703215000000000;341551;ЦОВП Г.КОЧКОР-АТА;Центр общеврачебной практики города Кочкор-Ата Жалал-Абадской области;7;828;903;1731;828;903;1731;432;420;852;432;420;852
Джалал-Абадская обл.;4170300000000000;Ноокенский р-н;41703215000000000;341551;ЦОВП Г.КОЧКОР-АТА;Центр общеврачебной практики города Кочкор-Ата Жалал-Абадской области;8;871;912;1783;871;912;1783;408;346;754;408;346;754
Джалал-Абадская обл.;4170300000000000;Ноокенский р-н;41703215000000000;341551;ЦОВП Г.КОЧКОР-АТА;Центр общеврачебной практики города Кочкор-Ата Жалал-Абадской области;9;789;927;1716;789;927;1716;354;322;676;354;322;676
Джалал-Абадская обл.;4170300000000000;Ноокенский р-н;41703215000000000;341551;ЦОВП Г.КОЧКОР-АТА;Центр общеврачебной практики города Кочкор-Ата Жалал-Абадской области;10;811;831;1642;811;831;1642;369;350;719;369;350;719
Джалал-Абадская обл.;4170300000000000;Ноокенский р-н;41703215000000000;341551;ЦОВП Г.КОЧКОР-АТА;Центр общеврачебной практики города Кочкор-Ата Жалал-Абадской области;11;761;825;1586;761;825;1586;409;428;837;409;428;837
Джалал-Абадская обл.;4170300000000000;Ноокенский р-н;41703215000000000;341551;ЦОВП Г.КОЧКОР-АТА;Центр общеврачебной практики города Кочкор-Ата Жалал-Абадской области;12;740;889;1629;740;889;1629;406;336;742;406;336;742
Джалал-Абадская обл.;4170300000000000;Ноокенский р-н;41703215000000000;341551;ЦОВП Г.КОЧКОР-АТА;Центр общеврачебной практики города Кочкор-Ата Жалал-Абадской области;13;719;826;1545;719;826;1545;375;336;711;375;336;711
Джалал-Абадская обл.;4170300000000000;Ноокенский р-н;41703215000000000;341551;ЦОВП Г.КОЧКОР-АТА;Центр общеврачебной практики города Кочкор-Ата Жалал-Абадской области;14;654;761;1415;654;761;1415;394;411;805;394;411;805
Джалал-Абадская обл.;4170300000000000;Ноокенский р-н;41703215000000000;341551;ЦОВП Г.КОЧКОР-АТА;Центр общеврачебной практики города Кочкор-Ата Жалал-Абадской области;15;582;724;1306;582;724;1306;421;412;833;421;412;833
Джалал-Абадская обл.;4170300000000000;Ноокенский р-н;41703215000000000;341551;ЦОВП Г.КОЧКОР-АТА;Центр общеврачебной практики города Кочкор-Ата Жалал-Абадской области;16;561;697;1258;561;697;1258;406;392;798;391;370;761
Джалал-Абадская обл.;4170300000000000;Ноокенский р-н;41703215000000000;341551;ЦОВП Г.КОЧКОР-АТА;Центр общеврачебной практики города Кочкор-Ата Жалал-Абадской области;17;541;614;1155;483;572;1055;675;549;1224;604;487;1091
Джалал-Абадская обл.;4170300000000000;Ноокенский р-н;41703215000000000;341551;ЦОВП Г.КОЧКОР-АТА;Центр общеврачебной практики города Кочкор-Ата Жалал-Абадской области;18;486;603;1089;410;552;962;702;584;1286;491;392;883
Джалал-Абадская обл.;4170300000000000;Ноокенский р-н;41703215000000000;341551;ЦОВП Г.КОЧКОР-АТА;Центр общеврачебной практики города Кочкор-Ата Жалал-Абадской области;19;511;543;1054;173;257;430;496;579;1075;86;163;249
Джалал-Абадская обл.;4170300000000000;Ноокенский р-н;41703215000000000;341551;ЦОВП Г.КОЧКОР-АТА;Центр общеврачебной практики города Кочкор-Ата Жалал-Абадской области;20;455;468;923;44;142;186;405;607;1012;39;280;319
Джалал-Абадская обл.;4170300000000000;Ноокенский р-н;41703215000000000;341551;ЦОВП Г.КОЧКОР-АТА;Центр общеврачебной практики города Кочкор-Ата Жалал-Абадской области;21;481;466;947;44;151;195;331;748;1079;51;336;387
Джалал-Абадская обл.;4170300000000000;Ноокенский р-н;41703215000000000;341551;ЦОВП Г.КОЧКОР-АТА;Центр общеврачебной практики города Кочкор-Ата Жалал-Абадской области;22;425;503;928;43;161;204;326;615;941;42;324;366
Джалал-Абадская обл.;4170300000000000;Ноокенский р-н;41703215000000000;341551;ЦОВП Г.КОЧКОР-АТА;Центр общеврачебной практики города Кочкор-Ата Жалал-Абадской области;23;453;527;980;51;219;270;351;678;1029;86;395;481
Джалал-Абадская обл.;4170300000000000;Ноокенский р-н;41703215000000000;341551;ЦОВП Г.КОЧКОР-АТА;Центр общеврачебной практики города Кочкор-Ата Жалал-Абадской области;24;464;513;977;64;230;294;335;655;990;60;462;522
Джалал-Абадская обл.;4170300000000000;Ноокенский р-н;41703215000000000;341551;ЦОВП Г.КОЧКОР-АТА;Центр общеврачебной практики города Кочкор-Ата Жалал-Абадской области;25;497;474;971;90;211;301;434;810;1244;123;523;646
Джалал-Абадская обл.;4170300000000000;Ноокенский р-н;41703215000000000;341551;ЦОВП Г.КОЧКОР-АТА;Центр общеврачебной практики города Кочкор-Ата Жалал-Абадской области;26;511;524;1035;101;273;374;322;717;1039;106;486;592
Джалал-Абадская обл.;4170300000000000;Ноокенский р-н;41703215000000000;341551;ЦОВП Г.КОЧКОР-АТА;Центр общеврачебной практики города Кочкор-Ата Жалал-Абадской области;27;526;483;1009;112;252;364;448;850;1298;230;585;815
Джалал-Абадская обл.;4170300000000000;Ноокенский р-н;41703215000000000;341551;ЦОВП Г.КОЧКОР-АТА;Центр общеврачебной практики города Кочкор-Ата Жалал-Абадской области;28;558;559;1117;175;340;515;443;904;1347;236;626;862
Джалал-Абадская обл.;4170300000000000;Ноокенский р-н;41703215000000000;341551;ЦОВП Г.КОЧКОР-АТА;Центр общеврачебной практики города Кочкор-Ата Жалал-Абадской области;29;579;530;1109;197;316;513;454;805;1259;250;617;867
Джалал-Абадская обл.;4170300000000000;Ноокенский р-н;41703215000000000;341551;ЦОВП Г.КОЧКОР-АТА;Центр общеврачебной практики города Кочкор-Ата Жалал-Абадской области;30;553;596;1149;262;386;648;476;884;1360;323;668;991
Джалал-Абадская обл.;4170300000000000;Ноокенский р-н;41703215000000000;341551;ЦОВП Г.КОЧКОР-АТА;Центр общеврачебной практики города Кочкор-Ата Жалал-Абадской области;31;535;527;1062;251;340;591;496;950;1446;307;731;1038
Джалал-Абадская обл.;4170300000000000;Ноокенский р-н;41703215000000000;341551;ЦОВП Г.КОЧКОР-АТА;Центр общеврачебной практики города Кочкор-Ата Жалал-Абадской области;32;533;554;1087;287;384;671;442;778;1220;277;637;914
Джалал-Абадская обл.;4170300000000000;Ноокенский р-н;41703215000000000;341551;ЦОВП Г.КОЧКОР-АТА;Центр общеврачебной практики города Кочкор-Ата Жалал-Абадской области;33;540;531;1071;277;325;602;500;884;1384;335;650;985
Джалал-Абадская обл.;4170300000000000;Ноокенский р-н;41703215000000000;341551;ЦОВП Г.КОЧКОР-АТА;Центр общеврачебной практики города Кочкор-Ата Жалал-Абадской области;34;597;570;1167;305;369;674;492;761;1253;375;647;1022
Джалал-Абадская обл.;4170300000000000;Ноокенский р-н;41703215000000000;341551;ЦОВП Г.КОЧКОР-АТА;Центр общеврачебной практики города Кочкор-Ата Жалал-Абадской области;35;544;475;1019;296;290;586;459;627;1086;311;491;802
Джалал-Абадская обл.;4170300000000000;Ноокенский р-н;41703215000000000;341551;ЦОВП Г.КОЧКОР-АТА;Центр общеврачебной практики города Кочкор-Ата Жалал-Абадской области;36;490;494;984;276;329;605;488;748;1236;370;591;961
Джалал-Абадская обл.;4170300000000000;Ноокенский р-н;41703215000000000;341551;ЦОВП Г.КОЧКОР-АТА;Центр общеврачебной практики города Кочкор-Ата Жалал-Абадской области;37;513;496;1009;335;354;689;463;710;1173;355;595;950
Джалал-Абадская обл.;4170300000000000;Ноокенский р-н;41703215000000000;341551;ЦОВП Г.КОЧКОР-АТА;Центр общеврачебной практики города Кочкор-Ата Жалал-Абадской области;38;429;416;845;279;288;567;342;504;846;251;396;647
Джалал-Абадская обл.;4170300000000000;Ноокенский р-н;41703215000000000;341551;ЦОВП Г.КОЧКОР-АТА;Центр общеврачебной практики города Кочкор-Ата Жалал-Абадской области;39;454;412;866;284;254;538;350;497;847;263;372;635
Джалал-Абадская обл.;4170300000000000;Ноокенский р-н;41703215000000000;341551;ЦОВП Г.КОЧКОР-АТА;Центр общеврачебной практики города Кочкор-Ата Жалал-Абадской области;40;404;420;824;258;281;539;353;575;928;269;456;725
Джалал-Абадская обл.;4170300000000000;Ноокенский р-н;41703215000000000;341551;ЦОВП Г.КОЧКОР-АТА;Центр общеврачебной практики города Кочкор-Ата Жалал-Абадской области;41;383;415;798;265;285;550;318;478;796;253;423;676
Джалал-Абадская обл.;4170300000000000;Ноокенский р-н;41703215000000000;341551;ЦОВП Г.КОЧКОР-АТА;Центр общеврачебной практики города Кочкор-Ата Жалал-Абадской области;42;371;391;762;246;274;520;315;432;747;241;351;592
Джалал-Абадская обл.;4170300000000000;Ноокенский р-н;41703215000000000;341551;ЦОВП Г.КОЧКОР-АТА;Центр общеврачебной практики города Кочкор-Ата Жалал-Абадской области;43;349;366;715;238;259;497;284;407;691;217;357;574
Джалал-Абадская обл.;4170300000000000;Ноокенский р-н;41703215000000000;341551;ЦОВП Г.КОЧКОР-АТА;Центр общеврачебной практики города Кочкор-Ата Жалал-Абадской области;44;306;316;622;205;203;408;229;381;610;189;324;513
Джалал-Абадская обл.;4170300000000000;Ноокенский р-н;41703215000000000;341551;ЦОВП Г.КОЧКОР-АТА;Центр общеврачебной практики города Кочкор-Ата Жалал-Абадской области;45;311;301;612;216;198;414;286;332;618;223;279;502
Джалал-Абадская обл.;4170300000000000;Ноокенский р-н;41703215000000000;341551;ЦОВП Г.КОЧКОР-АТА;Центр общеврачебной практики города Кочкор-Ата Жалал-Абадской области;46;261;320;581;179;221;400;258;362;620;228;327;555
Джалал-Абадская обл.;4170300000000000;Ноокенский р-н;41703215000000000;341551;ЦОВП Г.КОЧКОР-АТА;Центр общеврачебной практики города Кочкор-Ата Жалал-Абадской области;47;273;293;566;183;204;387;248;382;630;203;336;539
Джалал-Абадская обл.;4170300000000000;Ноокенский р-н;41703215000000000;341551;ЦОВП Г.КОЧКОР-АТА;Центр общеврачебной практики города Кочкор-Ата Жалал-Абадской области;48;306;334;640;220;223;443;281;377;658;241;323;564
Джалал-Абадская обл.;4170300000000000;Ноокенский р-н;41703215000000000;341551;ЦОВП Г.КОЧКОР-АТА;Центр общеврачебной практики города Кочкор-Ата Жалал-Абадской области;49;269;286;555;192;176;368;305;324;629;269;256;525
Джалал-Абадская обл.;4170300000000000;Ноокенский р-н;41703215000000000;341551;ЦОВП Г.КОЧКОР-АТА;Центр общеврачебной практики города Кочкор-Ата Жалал-Абадской области;50;275;299;574;202;198;400;280;480;760;223;375;598
Джалал-Абадская обл.;4170300000000000;Ноокенский р-н;41703215000000000;341551;ЦОВП Г.КОЧКОР-АТА;Центр общеврачебной практики города Кочкор-Ата Жалал-Абадской области;51;232;279;511;172;204;376;286;451;737;240;366;606
Джалал-Абадская обл.;4170300000000000;Ноокенский р-н;41703215000000000;341551;ЦОВП Г.КОЧКОР-АТА;Центр общеврачебной практики города Кочкор-Ата Жалал-Абадской области;52;253;292;545;175;195;370;275;447;722;240;366;606
Джалал-Абадская обл.;4170300000000000;Ноокенский р-н;41703215000000000;341551;ЦОВП Г.КОЧКОР-АТА;Центр общеврачебной практики города Кочкор-Ата Жалал-Абадской области;53;254;281;535;174;202;376;338;493;831;278;404;682
Джалал-Абадская обл.;4170300000000000;Ноокенский р-н;41703215000000000;341551;ЦОВП Г.КОЧКОР-АТА;Центр общеврачебной практики города Кочкор-Ата Жалал-Абадской области;54;251;266;517;175;181;356;362;422;784;293;347;640
Джалал-Абадская обл.;4170300000000000;Ноокенский р-н;41703215000000000;341551;ЦОВП Г.КОЧКОР-АТА;Центр общеврачебной практики города Кочкор-Ата Жалал-Абадской области;55;254;279;533;189;194;383;366;428;794;323;346;669
Джалал-Абадская обл.;4170300000000000;Ноокенский р-н;41703215000000000;341551;ЦОВП Г.КОЧКОР-АТА;Центр общеврачебной практики города Кочкор-Ата Жалал-Абадской области;56;238;299;537;175;221;396;337;471;808;267;388;655
Джалал-Абадская обл.;4170300000000000;Ноокенский р-н;41703215000000000;341551;ЦОВП Г.КОЧКОР-АТА;Центр общеврачебной практики города Кочкор-Ата Жалал-Абадской области;57;232;293;525;166;233;399;354;412;766;283;362;645
Джалал-Абадская обл.;4170300000000000;Ноокенский р-н;41703215000000000;341551;ЦОВП Г.КОЧКОР-АТА;Центр общеврачебной практики города Кочкор-Ата Жалал-Абадской области;58;250;268;518;191;223;414;324;406;730;271;367;638
Джалал-Абадская обл.;4170300000000000;Ноокенский р-н;41703215000000000;341551;ЦОВП Г.КОЧКОР-АТА;Центр общеврачебной практики города Кочкор-Ата Жалал-Абадской области;59;231;313;544;176;262;438;299;452;751;271;411;682
Джалал-Абадская обл.;4170300000000000;Ноокенский р-н;41703215000000000;341551;ЦОВП Г.КОЧКОР-АТА;Центр общеврачебной практики города Кочкор-Ата Жалал-Абадской области;60;241;311;552;203;279;482;276;471;747;248;433;681
Джалал-Абадская обл.;4170300000000000;Ноокенский р-н;41703215000000000;341551;ЦОВП Г.КОЧКОР-АТА;Центр общеврачебной практики города Кочкор-Ата Жалал-Абадской области;61;207;277;484;168;244;412;359;468;827;307;433;740
Джалал-Абадская обл.;4170300000000000;Ноокенский р-н;41703215000000000;341551;ЦОВП Г.КОЧКОР-АТА;Центр общеврачебной практики города Кочкор-Ата Жалал-Абадской области;62;244;271;515;198;232;430;375;460;835;319;426;745
Джалал-Абадская обл.;4170300000000000;Ноокенский р-н;41703215000000000;341551;ЦОВП Г.КОЧКОР-АТА;Центр общеврачебной практики города Кочкор-Ата Жалал-Абадской области;63;233;259;492;193;239;432;322;555;877;279;535;814
Джалал-Абадская обл.;4170300000000000;Ноокенский р-н;41703215000000000;341551;ЦОВП Г.КОЧКОР-АТА;Центр общеврачебной практики города Кочкор-Ата Жалал-Абадской области;64;211;307;518;185;290;475;236;521;757;205;509;714
Джалал-Абадская обл.;4170300000000000;Ноокенский р-н;41703215000000000;341551;ЦОВП Г.КОЧКОР-АТА;Центр общеврачебной практики города Кочкор-Ата Жалал-Абадской области;65;188;225;413;160;215;375;210;407;617;193;394;587
Джалал-Абадская обл.;4170300000000000;Ноокенский р-н;41703215000000000;341551;ЦОВП Г.КОЧКОР-АТА;Центр общеврачебной практики города Кочкор-Ата Жалал-Абадской области;66;178;255;433;158;244;402;294;400;694;280;388;668
Джалал-Абадская обл.;4170300000000000;Ноокенский р-н;41703215000000000;341551;ЦОВП Г.КОЧКОР-АТА;Центр общеврачебной практики города Кочкор-Ата Жалал-Абадской области;67;149;192;341;135;187;322;173;380;553;168;369;537
Джалал-Абадская обл.;4170300000000000;Ноокенский р-н;41703215000000000;341551;ЦОВП Г.КОЧКОР-АТА;Центр общеврачебной практики города Кочкор-Ата Жалал-Абадской области;68;128;189;317;115;184;299;149;280;429;143;277;420
Джалал-Абадская обл.;4170300000000000;Ноокенский р-н;41703215000000000;341551;ЦОВП Г.КОЧКОР-АТА;Центр общеврачебной практики города Кочкор-Ата Жалал-Абадской области;69;105;138;243;101;133;234;166;242;408;158;240;398
Джалал-Абадская обл.;4170300000000000;Ноокенский р-н;41703215000000000;341551;ЦОВП Г.КОЧКОР-АТА;Центр общеврачебной практики города Кочкор-Ата Жалал-Абадской области;70;101;142;243;91;137;228;159;228;387;150;228;378
Джалал-Абадская обл.;4170300000000000;Ноокенский р-н;41703215000000000;341551;ЦОВП Г.КОЧКОР-АТА;Центр общеврачебной практики города Кочкор-Ата Жалал-Абадской области;71;86;137;223;82;134;216;137;246;383;132;243;375
Джалал-Абадская обл.;4170300000000000;Ноокенский р-н;41703215000000000;341551;ЦОВП Г.КОЧКОР-АТА;Центр общеврачебной практики города Кочкор-Ата Жалал-Абадской области;72;82;116;198;79;114;193;118;215;333;114;211;325
Джалал-Абадская обл.;4170300000000000;Ноокенский р-н;41703215000000000;341551;ЦОВП Г.КОЧКОР-АТА;Центр общеврачебной практики города Кочкор-Ата Жалал-Абадской области;73;62;84;146;60;78;138;93;149;242;89;141;230
Джалал-Абадская обл.;4170300000000000;Ноокенский р-н;41703215000000000;341551;ЦОВП Г.КОЧКОР-АТА;Центр общеврачебной практики города Кочкор-Ата Жалал-Абадской области;74;56;81;137;53;78;131;106;121;227;104;113;217
Джалал-Абадская обл.;4170300000000000;Ноокенский р-н;41703215000000000;341551;ЦОВП Г.КОЧКОР-АТА;Центр общеврачебной практики города Кочкор-Ата Жалал-Абадской области;75;48;45;93;46;42;88;67;84;151;67;83;150
Джалал-Абадская обл.;4170300000000000;Ноокенский р-н;41703215000000000;341551;ЦОВП Г.КОЧКОР-АТА;Центр общеврачебной практики города Кочкор-Ата Жалал-Абадской области;76;36;62;98;35;60;95;41;109;150;41;108;149
Джалал-Абадская обл.;4170300000000000;Ноокенский р-н;41703215000000000;341551;ЦОВП Г.КОЧКОР-АТА;Центр общеврачебной практики города Кочкор-Ата Жалал-Абадской области;77;26;51;77;25;50;75;46;80;126;36;80;116
Джалал-Абадская обл.;4170300000000000;Ноокенский р-н;41703215000000000;341551;ЦОВП Г.КОЧКОР-АТА;Центр общеврачебной практики города Кочкор-Ата Жалал-Абадской области;78;16;43;59;16;41;57;24;48;72;24;43;67
Джалал-Абадская обл.;4170300000000000;Ноокенский р-н;41703215000000000;341551;ЦОВП Г.КОЧКОР-АТА;Центр общеврачебной практики города Кочкор-Ата Жалал-Абадской области;79;12;24;36;12;24;36;16;32;48;16;32;48
Джалал-Абадская обл.;4170300000000000;Ноокенский р-н;41703215000000000;341551;ЦОВП Г.КОЧКОР-АТА;Центр общеврачебной практики города Кочкор-Ата Жалал-Абадской области;80;7;21;28;7;20;27;7;28;35;7;28;35
Джалал-Абадская обл.;4170300000000000;Ноокенский р-н;41703215000000000;341551;ЦОВП Г.КОЧКОР-АТА;Центр общеврачебной практики города Кочкор-Ата Жалал-Абадской области;81;4;22;26;4;21;25;14;27;41;14;27;41
Джалал-Абадская обл.;4170300000000000;Ноокенский р-н;41703215000000000;341551;ЦОВП Г.КОЧКОР-АТА;Центр общеврачебной практики города Кочкор-Ата Жалал-Абадской области;82;13;28;41;13;27;40;32;38;70;30;38;68
Джалал-Абадская обл.;4170300000000000;Ноокенский р-н;41703215000000000;341551;ЦОВП Г.КОЧКОР-АТА;Центр общеврачебной практики города Кочкор-Ата Жалал-Абадской области;83;12;27;39;12;27;39;17;38;55;16;38;54
Джалал-Абадская обл.;4170300000000000;Ноокенский р-н;41703215000000000;341551;ЦОВП Г.КОЧКОР-АТА;Центр общеврачебной практики города Кочкор-Ата Жалал-Абадской области;84;15;42;57;14;40;54;15;59;74;15;57;72
Джалал-Абадская обл.;4170300000000000;Ноокенский р-н;41703215000000000;341551;ЦОВП Г.КОЧКОР-АТА;Центр общеврачебной практики города Кочкор-Ата Жалал-Абадской области;85;14;40;54;14;39;53;12;47;59;12;47;59
Джалал-Абадская обл.;4170300000000000;Ноокенский р-н;41703215000000000;341551;ЦОВП Г.КОЧКОР-АТА;Центр общеврачебной практики города Кочкор-Ата Жалал-Абадской области;86;8;20;28;8;20;28;16;14;30;16;14;30
Джалал-Абадская обл.;4170300000000000;Ноокенский р-н;41703215000000000;341551;ЦОВП Г.КОЧКОР-АТА;Центр общеврачебной практики города Кочкор-Ата Жалал-Абадской области;87;9;25;34;9;24;33;17;20;37;17;20;37
Джалал-Абадская обл.;4170300000000000;Ноокенский р-н;41703215000000000;341551;ЦОВП Г.КОЧКОР-АТА;Центр общеврачебной практики города Кочкор-Ата Жалал-Абадской области;88;13;24;37;12;23;35;7;21;28;7;18;25
Джалал-Абадская обл.;4170300000000000;Ноокенский р-н;41703215000000000;341551;ЦОВП Г.КОЧКОР-АТА;Центр общеврачебной практики города Кочкор-Ата Жалал-Абадской области;89;8;10;18;8;9;17;2;12;14;2;12;14
Джалал-Абадская обл.;4170300000000000;Ноокенский р-н;41703215000000000;341551;ЦОВП Г.КОЧКОР-АТА;Центр общеврачебной практики города Кочкор-Ата Жалал-Абадской области;90;3;17;20;3;17;20;1;13;14;1;13;14
Джалал-Абадская обл.;4170300000000000;Ноокенский р-н;41703215000000000;341551;ЦОВП Г.КОЧКОР-АТА;Центр общеврачебной практики города Кочкор-Ата Жалал-Абадской области;91;4;12;16;4;12;16;2;7;9;2;7;9
Джалал-Абадская обл.;4170300000000000;Ноокенский р-н;41703215000000000;341551;ЦОВП Г.КОЧКОР-АТА;Центр общеврачебной практики города Кочкор-Ата Жалал-Абадской области;92;2;16;18;2;16;18;0;2;2;0;2;2
Джалал-Абадская обл.;4170300000000000;Ноокенский р-н;41703215000000000;341551;ЦОВП Г.КОЧКОР-АТА;Центр общеврачебной практики города Кочкор-Ата Жалал-Абадской области;93;1;4;5;1;4;5;1;5;6;1;5;6
Джалал-Абадская обл.;4170300000000000;Ноокенский р-н;41703215000000000;341551;ЦОВП Г.КОЧКОР-АТА;Центр общеврачебной практики города Кочкор-Ата Жалал-Абадской области;94;5;8;13;5;8;13;2;10;12;2;10;12
Джалал-Абадская обл.;4170300000000000;Ноокенский р-н;41703215000000000;341551;ЦОВП Г.КОЧКОР-АТА;Центр общеврачебной практики города Кочкор-Ата Жалал-Абадской области;95;0;3;3;0;3;3;0;1;1;0;1;1
Джалал-Абадская обл.;4170300000000000;Ноокенский р-н;41703215000000000;341551;ЦОВП Г.КОЧКОР-АТА;Центр общеврачебной практики города Кочкор-Ата Жалал-Абадской области;96;4;4;8;4;3;7;1;4;5;1;2;3
Джалал-Абадская обл.;4170300000000000;Ноокенский р-н;41703215000000000;341551;ЦОВП Г.КОЧКОР-АТА;Центр общеврачебной практики города Кочкор-Ата Жалал-Абадской области;97;4;4;8;4;4;8;0;2;2;0;2;2
Джалал-Абадская обл.;4170300000000000;Таш-Кумыр г.;41703420000000000;341881;ЦОВП г.ТАШ-КӨМҮР;"Учреждение ""Центр общеврачебной практики города Таш-Кумыр Жалал-Абадской области""";0;171;151;322;171;151;322;1051;975;2026;1051;975;2026
Джалал-Абадская обл.;4170300000000000;Таш-Кумыр г.;41703420000000000;341881;ЦОВП г.ТАШ-КӨМҮР;"Учреждение ""Центр общеврачебной практики города Таш-Кумыр Жалал-Абадской области""";1;298;264;562;298;264;562;690;510;1200;690;510;1200
Джалал-Абадская обл.;4170300000000000;Таш-Кумыр г.;41703420000000000;341881;ЦОВП г.ТАШ-КӨМҮР;"Учреждение ""Центр общеврачебной практики города Таш-Кумыр Жалал-Абадской области""";2;318;300;618;318;300;618;622;548;1170;622;548;1170
Джалал-Абадская обл.;4170300000000000;Таш-Кумыр г.;41703420000000000;341881;ЦОВП г.ТАШ-КӨМҮР;"Учреждение ""Центр общеврачебной практики города Таш-Кумыр Жалал-Абадской области""";3;332;315;647;332;315;647;435;360;795;435;360;795
Джалал-Абадская обл.;4170300000000000;Таш-Кумыр г.;41703420000000000;341881;ЦОВП г.ТАШ-КӨМҮР;"Учреждение ""Центр общеврачебной практики города Таш-Кумыр Жалал-Абадской области""";4;334;307;641;334;307;641;388;296;684;388;296;684
Джалал-Абадская обл.;4170300000000000;Таш-Кумыр г.;41703420000000000;341881;ЦОВП г.ТАШ-КӨМҮР;"Учреждение ""Центр общеврачебной практики города Таш-Кумыр Жалал-Абадской области""";5;362;336;698;362;336;698;442;391;833;442;391;833
Джалал-Абадская обл.;4170300000000000;Таш-Кумыр г.;41703420000000000;341881;ЦОВП г.ТАШ-КӨМҮР;"Учреждение ""Центр общеврачебной практики города Таш-Кумыр Жалал-Абадской области""";6;348;315;663;348;315;663;413;363;776;413;363;776
Джалал-Абадская обл.;4170300000000000;Таш-Кумыр г.;41703420000000000;341881;ЦОВП г.ТАШ-КӨМҮР;"Учреждение ""Центр общеврачебной практики города Таш-Кумыр Жалал-Абадской области""";7;319;337;656;319;337;656;193;167;360;193;167;360
Джалал-Абадская обл.;4170300000000000;Таш-Кумыр г.;41703420000000000;341881;ЦОВП г.ТАШ-КӨМҮР;"Учреждение ""Центр общеврачебной практики города Таш-Кумыр Жалал-Абадской области""";8;352;307;659;352;307;659;152;104;256;152;104;256
Джалал-Абадская обл.;4170300000000000;Таш-Кумыр г.;41703420000000000;341881;ЦОВП г.ТАШ-КӨМҮР;"Учреждение ""Центр общеврачебной практики города Таш-Кумыр Жалал-Абадской области""";9;319;301;620;319;301;620;126;115;241;126;115;241
Джалал-Абадская обл.;4170300000000000;Таш-Кумыр г.;41703420000000000;341881;ЦОВП г.ТАШ-КӨМҮР;"Учреждение ""Центр общеврачебной практики города Таш-Кумыр Жалал-Абадской области""";10;311;343;654;311;343;654;159;110;269;159;110;269
Джалал-Абадская обл.;4170300000000000;Таш-Кумыр г.;41703420000000000;341881;ЦОВП г.ТАШ-КӨМҮР;"Учреждение ""Центр общеврачебной практики города Таш-Кумыр Жалал-Абадской области""";11;312;307;619;312;307;619;113;111;224;113;111;224
Джалал-Абадская обл.;4170300000000000;Таш-Кумыр г.;41703420000000000;341881;ЦОВП г.ТАШ-КӨМҮР;"Учреждение ""Центр общеврачебной практики города Таш-Кумыр Жалал-Абадской области""";12;298;316;614;298;316;614;75;98;173;75;98;173
Джалал-Абадская обл.;4170300000000000;Таш-Кумыр г.;41703420000000000;341881;ЦОВП г.ТАШ-КӨМҮР;"Учреждение ""Центр общеврачебной практики города Таш-Кумыр Жалал-Абадской области""";13;289;315;604;289;315;604;118;119;237;118;119;237
Джалал-Абадская обл.;4170300000000000;Таш-Кумыр г.;41703420000000000;341881;ЦОВП г.ТАШ-КӨМҮР;"Учреждение ""Центр общеврачебной практики города Таш-Кумыр Жалал-Абадской области""";14;295;342;637;295;342;637;117;156;273;117;156;273
Джалал-Абадская обл.;4170300000000000;Таш-Кумыр г.;41703420000000000;341881;ЦОВП г.ТАШ-КӨМҮР;"Учреждение ""Центр общеврачебной практики города Таш-Кумыр Жалал-Абадской области""";15;296;296;592;296;296;592;272;221;493;272;221;493
Джалал-Абадская обл.;4170300000000000;Таш-Кумыр г.;41703420000000000;341881;ЦОВП г.ТАШ-КӨМҮР;"Учреждение ""Центр общеврачебной практики города Таш-Кумыр Жалал-Абадской области""";16;257;257;514;257;257;514;197;213;410;194;205;399
Джалал-Абадская обл.;4170300000000000;Таш-Кумыр г.;41703420000000000;341881;ЦОВП г.ТАШ-КӨМҮР;"Учреждение ""Центр общеврачебной практики города Таш-Кумыр Жалал-Абадской области""";17;258;256;514;242;244;486;231;259;490;202;229;431
Джалал-Абадская обл.;4170300000000000;Таш-Кумыр г.;41703420000000000;341881;ЦОВП г.ТАШ-КӨМҮР;"Учреждение ""Центр общеврачебной практики города Таш-Кумыр Жалал-Абадской области""";18;222;219;441;206;205;411;242;236;478;197;194;391
Джалал-Абадская обл.;4170300000000000;Таш-Кумыр г.;41703420000000000;341881;ЦОВП г.ТАШ-КӨМҮР;"Учреждение ""Центр общеврачебной практики города Таш-Кумыр Жалал-Абадской области""";19;206;207;413;55;72;127;122;221;343;13;41;54
Джалал-Абадская обл.;4170300000000000;Таш-Кумыр г.;41703420000000000;341881;ЦОВП г.ТАШ-КӨМҮР;"Учреждение ""Центр общеврачебной практики города Таш-Кумыр Жалал-Абадской области""";20;204;212;416;13;31;44;65;172;237;11;37;48
Джалал-Абадская обл.;4170300000000000;Таш-Кумыр г.;41703420000000000;341881;ЦОВП г.ТАШ-КӨМҮР;"Учреждение ""Центр общеврачебной практики города Таш-Кумыр Жалал-Абадской области""";21;175;190;365;15;37;52;63;186;249;12;60;72
Джалал-Абадская обл.;4170300000000000;Таш-Кумыр г.;41703420000000000;341881;ЦОВП г.ТАШ-КӨМҮР;"Учреждение ""Центр общеврачебной практики города Таш-Кумыр Жалал-Абадской области""";22;147;154;301;30;55;85;73;248;321;25;70;95
Джалал-Абадская обл.;4170300000000000;Таш-Кумыр г.;41703420000000000;341881;ЦОВП г.ТАШ-КӨМҮР;"Учреждение ""Центр общеврачебной практики города Таш-Кумыр Жалал-Абадской области""";23;162;172;334;26;50;76;55;180;235;7;52;59
Джалал-Абадская обл.;4170300000000000;Таш-Кумыр г.;41703420000000000;341881;ЦОВП г.ТАШ-КӨМҮР;"Учреждение ""Центр общеврачебной практики города Таш-Кумыр Жалал-Абадской области""";24;153;174;327;18;67;85;96;208;304;18;104;122
Джалал-Абадская обл.;4170300000000000;Таш-Кумыр г.;41703420000000000;341881;ЦОВП г.ТАШ-КӨМҮР;"Учреждение ""Центр общеврачебной практики города Таш-Кумыр Жалал-Абадской области""";25;156;187;343;15;61;76;111;242;353;25;95;120
Джалал-Абадская обл.;4170300000000000;Таш-Кумыр г.;41703420000000000;341881;ЦОВП г.ТАШ-КӨМҮР;"Учреждение ""Центр общеврачебной практики города Таш-Кумыр Жалал-Абадской области""";26;169;171;340;33;75;108;81;262;343;17;143;160
Джалал-Абадская обл.;4170300000000000;Таш-Кумыр г.;41703420000000000;341881;ЦОВП г.ТАШ-КӨМҮР;"Учреждение ""Центр общеврачебной практики города Таш-Кумыр Жалал-Абадской области""";27;148;177;325;25;77;102;69;305;374;34;184;218
Джалал-Абадская обл.;4170300000000000;Таш-Кумыр г.;41703420000000000;341881;ЦОВП г.ТАШ-КӨМҮР;"Учреждение ""Центр общеврачебной практики города Таш-Кумыр Жалал-Абадской области""";28;171;193;364;39;96;135;75;301;376;33;173;206
Джалал-Абадская обл.;4170300000000000;Таш-Кумыр г.;41703420000000000;341881;ЦОВП г.ТАШ-КӨМҮР;"Учреждение ""Центр общеврачебной практики города Таш-Кумыр Жалал-Абадской области""";29;214;226;440;62;94;156;62;250;312;24;145;169
Джалал-Абадская обл.;4170300000000000;Таш-Кумыр г.;41703420000000000;341881;ЦОВП г.ТАШ-КӨМҮР;"Учреждение ""Центр общеврачебной практики города Таш-Кумыр Жалал-Абадской области""";30;226;215;441;72;102;174;114;263;377;70;160;230
Джалал-Абадская обл.;4170300000000000;Таш-Кумыр г.;41703420000000000;341881;ЦОВП г.ТАШ-КӨМҮР;"Учреждение ""Центр общеврачебной практики города Таш-Кумыр Жалал-Абадской области""";31;211;246;457;81;131;212;88;259;347;41;170;211
Джалал-Абадская обл.;4170300000000000;Таш-Кумыр г.;41703420000000000;341881;ЦОВП г.ТАШ-КӨМҮР;"Учреждение ""Центр общеврачебной практики города Таш-Кумыр Жалал-Абадской области""";32;218;195;413;82;107;189;126;234;360;52;172;224
Джалал-Абадская обл.;4170300000000000;Таш-Кумыр г.;41703420000000000;341881;ЦОВП г.ТАШ-КӨМҮР;"Учреждение ""Центр общеврачебной практики города Таш-Кумыр Жалал-Абадской области""";33;238;247;485;102;143;245;102;318;420;63;245;308
Джалал-Абадская обл.;4170300000000000;Таш-Кумыр г.;41703420000000000;341881;ЦОВП г.ТАШ-КӨМҮР;"Учреждение ""Центр общеврачебной практики города Таш-Кумыр Жалал-Абадской области""";34;250;235;485;114;144;258;127;230;357;75;182;257
Джалал-Абадская обл.;4170300000000000;Таш-Кумыр г.;41703420000000000;341881;ЦОВП г.ТАШ-КӨМҮР;"Учреждение ""Центр общеврачебной практики города Таш-Кумыр Жалал-Абадской области""";35;222;216;438;96;137;233;116;260;376;81;191;272
Джалал-Абадская обл.;4170300000000000;Таш-Кумыр г.;41703420000000000;341881;ЦОВП г.ТАШ-КӨМҮР;"Учреждение ""Центр общеврачебной практики города Таш-Кумыр Жалал-Абадской области""";36;192;209;401;89;134;223;122;304;426;78;236;314
Джалал-Абадская обл.;4170300000000000;Таш-Кумыр г.;41703420000000000;341881;ЦОВП г.ТАШ-КӨМҮР;"Учреждение ""Центр общеврачебной практики города Таш-Кумыр Жалал-Абадской области""";37;195;202;397;98;146;244;74;258;332;44;213;257
Джалал-Абадская обл.;4170300000000000;Таш-Кумыр г.;41703420000000000;341881;ЦОВП г.ТАШ-КӨМҮР;"Учреждение ""Центр общеврачебной практики города Таш-Кумыр Жалал-Абадской области""";38;192;204;396;100;133;233;85;225;310;69;179;248
Джалал-Абадская обл.;4170300000000000;Таш-Кумыр г.;41703420000000000;341881;ЦОВП г.ТАШ-КӨМҮР;"Учреждение ""Центр общеврачебной практики города Таш-Кумыр Жалал-Абадской области""";39;155;180;335;89;120;209;56;144;200;40;118;158
Джалал-Абадская обл.;4170300000000000;Таш-Кумыр г.;41703420000000000;341881;ЦОВП г.ТАШ-КӨМҮР;"Учреждение ""Центр общеврачебной практики города Таш-Кумыр Жалал-Абадской области""";40;156;179;335;80;133;213;62;156;218;42;142;184
Джалал-Абадская обл.;4170300000000000;Таш-Кумыр г.;41703420000000000;341881;ЦОВП г.ТАШ-КӨМҮР;"Учреждение ""Центр общеврачебной практики города Таш-Кумыр Жалал-Абадской области""";41;133;166;299;66;113;179;104;144;248;70;120;190
Джалал-Абадская обл.;4170300000000000;Таш-Кумыр г.;41703420000000000;341881;ЦОВП г.ТАШ-КӨМҮР;"Учреждение ""Центр общеврачебной практики города Таш-Кумыр Жалал-Абадской области""";42;171;147;318;93;110;203;106;139;245;70;109;179
Джалал-Абадская обл.;4170300000000000;Таш-Кумыр г.;41703420000000000;341881;ЦОВП г.ТАШ-КӨМҮР;"Учреждение ""Центр общеврачебной практики города Таш-Кумыр Жалал-Абадской области""";43;137;153;290;81;100;181;60;141;201;43;101;144
Джалал-Абадская обл.;4170300000000000;Таш-Кумыр г.;41703420000000000;341881;ЦОВП г.ТАШ-КӨМҮР;"Учреждение ""Центр общеврачебной практики города Таш-Кумыр Жалал-Абадской области""";44;128;121;249;58;75;133;37;122;159;26;101;127
Джалал-Абадская обл.;4170300000000000;Таш-Кумыр г.;41703420000000000;341881;ЦОВП г.ТАШ-КӨМҮР;"Учреждение ""Центр общеврачебной практики города Таш-Кумыр Жалал-Абадской области""";45;117;124;241;65;94;159;73;131;204;40;92;132
Джалал-Абадская обл.;4170300000000000;Таш-Кумыр г.;41703420000000000;341881;ЦОВП г.ТАШ-КӨМҮР;"Учреждение ""Центр общеврачебной практики города Таш-Кумыр Жалал-Абадской области""";46;114;128;242;64;87;151;82;96;178;48;81;129
Джалал-Абадская обл.;4170300000000000;Таш-Кумыр г.;41703420000000000;341881;ЦОВП г.ТАШ-КӨМҮР;"Учреждение ""Центр общеврачебной практики города Таш-Кумыр Жалал-Абадской области""";47;104;127;231;60;90;150;98;131;229;74;107;181
Джалал-Абадская обл.;4170300000000000;Таш-Кумыр г.;41703420000000000;341881;ЦОВП г.ТАШ-КӨМҮР;"Учреждение ""Центр общеврачебной практики города Таш-Кумыр Жалал-Абадской области""";48;156;154;310;90;101;191;100;72;172;85;62;147
Джалал-Абадская обл.;4170300000000000;Таш-Кумыр г.;41703420000000000;341881;ЦОВП г.ТАШ-КӨМҮР;"Учреждение ""Центр общеврачебной практики города Таш-Кумыр Жалал-Абадской области""";49;105;111;216;65;69;134;102;130;232;69;93;162
Джалал-Абадская обл.;4170300000000000;Таш-Кумыр г.;41703420000000000;341881;ЦОВП г.ТАШ-КӨМҮР;"Учреждение ""Центр общеврачебной практики города Таш-Кумыр Жалал-Абадской области""";50;104;126;230;63;83;146;107;105;212;82;84;166
Джалал-Абадская обл.;4170300000000000;Таш-Кумыр г.;41703420000000000;341881;ЦОВП г.ТАШ-КӨМҮР;"Учреждение ""Центр общеврачебной практики города Таш-Кумыр Жалал-Абадской области""";51;112;120;232;73;78;151;87;167;254;68;143;211
Джалал-Абадская обл.;4170300000000000;Таш-Кумыр г.;41703420000000000;341881;ЦОВП г.ТАШ-КӨМҮР;"Учреждение ""Центр общеврачебной практики города Таш-Кумыр Жалал-Абадской области""";52;92;130;222;56;93;149;65;144;209;52;123;175
Джалал-Абадская обл.;4170300000000000;Таш-Кумыр г.;41703420000000000;341881;ЦОВП г.ТАШ-КӨМҮР;"Учреждение ""Центр общеврачебной практики города Таш-Кумыр Жалал-Абадской области""";53;109;142;251;79;102;181;78;184;262;50;158;208
Джалал-Абадская обл.;4170300000000000;Таш-Кумыр г.;41703420000000000;341881;ЦОВП г.ТАШ-КӨМҮР;"Учреждение ""Центр общеврачебной практики города Таш-Кумыр Жалал-Абадской области""";54;89;145;234;46;98;144;76;147;223;66;125;191
Джалал-Абадская обл.;4170300000000000;Таш-Кумыр г.;41703420000000000;341881;ЦОВП г.ТАШ-КӨМҮР;"Учреждение ""Центр общеврачебной практики города Таш-Кумыр Жалал-Абадской области""";55;103;144;247;71;95;166;109;139;248;101;121;222
Джалал-Абадская обл.;4170300000000000;Таш-Кумыр г.;41703420000000000;341881;ЦОВП г.ТАШ-КӨМҮР;"Учреждение ""Центр общеврачебной практики города Таш-Кумыр Жалал-Абадской области""";56;90;128;218;70;92;162;88;139;227;74;112;186
Джалал-Абадская обл.;4170300000000000;Таш-Кумыр г.;41703420000000000;341881;ЦОВП г.ТАШ-КӨМҮР;"Учреждение ""Центр общеврачебной практики города Таш-Кумыр Жалал-Абадской области""";57;105;123;228;77;82;159;79;159;238;63;130;193
Джалал-Абадская обл.;4170300000000000;Таш-Кумыр г.;41703420000000000;341881;ЦОВП г.ТАШ-КӨМҮР;"Учреждение ""Центр общеврачебной практики города Таш-Кумыр Жалал-Абадской области""";58;95;128;223;64;98;162;78;149;227;56;139;195
Джалал-Абадская обл.;4170300000000000;Таш-Кумыр г.;41703420000000000;341881;ЦОВП г.ТАШ-КӨМҮР;"Учреждение ""Центр общеврачебной практики города Таш-Кумыр Жалал-Абадской области""";59;117;112;229;80;109;189;119;139;258;97;138;235
Джалал-Абадская обл.;4170300000000000;Таш-Кумыр г.;41703420000000000;341881;ЦОВП г.ТАШ-КӨМҮР;"Учреждение ""Центр общеврачебной практики города Таш-Кумыр Жалал-Абадской области""";60;115;111;226;90;106;196;119;135;254;108;130;238
Джалал-Абадская обл.;4170300000000000;Таш-Кумыр г.;41703420000000000;341881;ЦОВП г.ТАШ-КӨМҮР;"Учреждение ""Центр общеврачебной практики города Таш-Кумыр Жалал-Абадской области""";61;93;124;217;91;122;213;117;127;244;115;125;240
Джалал-Абадская обл.;4170300000000000;Таш-Кумыр г.;41703420000000000;341881;ЦОВП г.ТАШ-КӨМҮР;"Учреждение ""Центр общеврачебной практики города Таш-Кумыр Жалал-Абадской области""";62;89;138;227;88;136;224;89;188;277;87;186;273
Джалал-Абадская обл.;4170300000000000;Таш-Кумыр г.;41703420000000000;341881;ЦОВП г.ТАШ-КӨМҮР;"Учреждение ""Центр общеврачебной практики города Таш-Кумыр Жалал-Абадской области""";63;86;132;218;84;128;212;85;169;254;79;141;220
Джалал-Абадская обл.;4170300000000000;Таш-Кумыр г.;41703420000000000;341881;ЦОВП г.ТАШ-КӨМҮР;"Учреждение ""Центр общеврачебной практики города Таш-Кумыр Жалал-Абадской области""";64;98;129;227;95;128;223;53;162;215;53;160;213
Джалал-Абадская обл.;4170300000000000;Таш-Кумыр г.;41703420000000000;341881;ЦОВП г.ТАШ-КӨМҮР;"Учреждение ""Центр общеврачебной практики города Таш-Кумыр Жалал-Абадской области""";65;66;114;180;62;110;172;88;118;206;86;113;199
Джалал-Абадская обл.;4170300000000000;Таш-Кумыр г.;41703420000000000;341881;ЦОВП г.ТАШ-КӨМҮР;"Учреждение ""Центр общеврачебной практики города Таш-Кумыр Жалал-Абадской области""";66;86;103;189;85;101;186;58;154;212;58;153;211
Джалал-Абадская обл.;4170300000000000;Таш-Кумыр г.;41703420000000000;341881;ЦОВП г.ТАШ-КӨМҮР;"Учреждение ""Центр общеврачебной практики города Таш-Кумыр Жалал-Абадской области""";67;62;80;142;59;78;137;66;115;181;66;108;174
Джалал-Абадская обл.;4170300000000000;Таш-Кумыр г.;41703420000000000;341881;ЦОВП г.ТАШ-КӨМҮР;"Учреждение ""Центр общеврачебной практики города Таш-Кумыр Жалал-Абадской области""";68;62;96;158;61;94;155;39;133;172;38;132;170
Джалал-Абадская обл.;4170300000000000;Таш-Кумыр г.;41703420000000000;341881;ЦОВП г.ТАШ-КӨМҮР;"Учреждение ""Центр общеврачебной практики города Таш-Кумыр Жалал-Абадской области""";69;44;73;117;44;72;116;42;78;120;39;77;116
Джалал-Абадская обл.;4170300000000000;Таш-Кумыр г.;41703420000000000;341881;ЦОВП г.ТАШ-КӨМҮР;"Учреждение ""Центр общеврачебной практики города Таш-Кумыр Жалал-Абадской области""";70;43;77;120;42;77;119;42;98;140;39;84;123
Джалал-Абадская обл.;4170300000000000;Таш-Кумыр г.;41703420000000000;341881;ЦОВП г.ТАШ-КӨМҮР;"Учреждение ""Центр общеврачебной практики города Таш-Кумыр Жалал-Абадской области""";71;35;38;73;34;37;71;35;56;91;35;54;89
Джалал-Абадская обл.;4170300000000000;Таш-Кумыр г.;41703420000000000;341881;ЦОВП г.ТАШ-КӨМҮР;"Учреждение ""Центр общеврачебной практики города Таш-Кумыр Жалал-Абадской области""";72;38;54;92;37;53;90;37;92;129;36;90;126
Джалал-Абадская обл.;4170300000000000;Таш-Кумыр г.;41703420000000000;341881;ЦОВП г.ТАШ-КӨМҮР;"Учреждение ""Центр общеврачебной практики города Таш-Кумыр Жалал-Абадской области""";73;25;55;80;24;55;79;32;82;114;30;81;111
Джалал-Абадская обл.;4170300000000000;Таш-Кумыр г.;41703420000000000;341881;ЦОВП г.ТАШ-КӨМҮР;"Учреждение ""Центр общеврачебной практики города Таш-Кумыр Жалал-Абадской области""";74;40;31;71;40;31;71;29;33;62;29;33;62
Джалал-Абадская обл.;4170300000000000;Таш-Кумыр г.;41703420000000000;341881;ЦОВП г.ТАШ-КӨМҮР;"Учреждение ""Центр общеврачебной практики города Таш-Кумыр Жалал-Абадской области""";75;24;33;57;24;31;55;17;38;55;17;36;53
Джалал-Абадская обл.;4170300000000000;Таш-Кумыр г.;41703420000000000;341881;ЦОВП г.ТАШ-КӨМҮР;"Учреждение ""Центр общеврачебной практики города Таш-Кумыр Жалал-Абадской области""";76;16;25;41;16;23;39;13;31;44;13;31;44
Джалал-Абадская обл.;4170300000000000;Таш-Кумыр г.;41703420000000000;341881;ЦОВП г.ТАШ-КӨМҮР;"Учреждение ""Центр общеврачебной практики города Таш-Кумыр Жалал-Абадской области""";77;15;35;50;14;34;48;17;27;44;17;27;44
Джалал-Абадская обл.;4170300000000000;Таш-Кумыр г.;41703420000000000;341881;ЦОВП г.ТАШ-КӨМҮР;"Учреждение ""Центр общеврачебной практики города Таш-Кумыр Жалал-Абадской области""";78;11;17;28;11;17;28;11;10;21;11;10;21
Джалал-Абадская обл.;4170300000000000;Таш-Кумыр г.;41703420000000000;341881;ЦОВП г.ТАШ-КӨМҮР;"Учреждение ""Центр общеврачебной практики города Таш-Кумыр Жалал-Абадской области""";79;3;5;8;3;5;8;12;10;22;12;10;22
Джалал-Абадская обл.;4170300000000000;Таш-Кумыр г.;41703420000000000;341881;ЦОВП г.ТАШ-КӨМҮР;"Учреждение ""Центр общеврачебной практики города Таш-Кумыр Жалал-Абадской области""";80;4;6;10;4;6;10;4;16;20;4;16;20
Джалал-Абадская обл.;4170300000000000;Таш-Кумыр г.;41703420000000000;341881;ЦОВП г.ТАШ-КӨМҮР;"Учреждение ""Центр общеврачебной практики города Таш-Кумыр Жалал-Абадской области""";81;3;9;12;3;9;12;4;14;18;4;14;18
Джалал-Абадская обл.;4170300000000000;Таш-Кумыр г.;41703420000000000;341881;ЦОВП г.ТАШ-КӨМҮР;"Учреждение ""Центр общеврачебной практики города Таш-Кумыр Жалал-Абадской области""";82;7;11;18;7;11;18;1;12;13;1;12;13
Джалал-Абадская обл.;4170300000000000;Таш-Кумыр г.;41703420000000000;341881;ЦОВП г.ТАШ-КӨМҮР;"Учреждение ""Центр общеврачебной практики города Таш-Кумыр Жалал-Абадской области""";83;0;14;14;0;14;14;0;10;10;0;10;10
Джалал-Абадская обл.;4170300000000000;Таш-Кумыр г.;41703420000000000;341881;ЦОВП г.ТАШ-КӨМҮР;"Учреждение ""Центр общеврачебной практики города Таш-Кумыр Жалал-Абадской области""";84;8;13;21;7;13;20;11;26;37;10;26;36
Джалал-Абадская обл.;4170300000000000;Таш-Кумыр г.;41703420000000000;341881;ЦОВП г.ТАШ-КӨМҮР;"Учреждение ""Центр общеврачебной практики города Таш-Кумыр Жалал-Абадской области""";85;2;9;11;2;8;10;8;11;19;8;11;19
Джалал-Абадская обл.;4170300000000000;Таш-Кумыр г.;41703420000000000;341881;ЦОВП г.ТАШ-КӨМҮР;"Учреждение ""Центр общеврачебной практики города Таш-Кумыр Жалал-Абадской области""";86;2;11;13;2;11;13;4;3;7;4;3;7
Джалал-Абадская обл.;4170300000000000;Таш-Кумыр г.;41703420000000000;341881;ЦОВП г.ТАШ-КӨМҮР;"Учреждение ""Центр общеврачебной практики города Таш-Кумыр Жалал-Абадской области""";87;3;11;14;3;11;14;2;3;5;2;3;5
Джалал-Абадская обл.;4170300000000000;Таш-Кумыр г.;41703420000000000;341881;ЦОВП г.ТАШ-КӨМҮР;"Учреждение ""Центр общеврачебной практики города Таш-Кумыр Жалал-Абадской области""";88;3;11;14;3;11;14;0;3;3;0;3;3
Джалал-Абадская обл.;4170300000000000;Таш-Кумыр г.;41703420000000000;341881;ЦОВП г.ТАШ-КӨМҮР;"Учреждение ""Центр общеврачебной практики города Таш-Кумыр Жалал-Абадской области""";89;3;7;10;3;7;10;1;3;4;1;3;4
Джалал-Абадская обл.;4170300000000000;Таш-Кумыр г.;41703420000000000;341881;ЦОВП г.ТАШ-КӨМҮР;"Учреждение ""Центр общеврачебной практики города Таш-Кумыр Жалал-Абадской области""";90;0;4;4;0;3;3;0;1;1;0;1;1
Джалал-Абадская обл.;4170300000000000;Таш-Кумыр г.;41703420000000000;341881;ЦОВП г.ТАШ-КӨМҮР;"Учреждение ""Центр общеврачебной практики города Таш-Кумыр Жалал-Абадской области""";91;1;1;2;1;0;1;2;0;2;2;0;2
Джалал-Абадская обл.;4170300000000000;Таш-Кумыр г.;41703420000000000;341881;ЦОВП г.ТАШ-КӨМҮР;"Учреждение ""Центр общеврачебной практики города Таш-Кумыр Жалал-Абадской области""";92;2;3;5;2;3;5;3;2;5;3;2;5
Джалал-Абадская обл.;4170300000000000;Таш-Кумыр г.;41703420000000000;341881;ЦОВП г.ТАШ-КӨМҮР;"Учреждение ""Центр общеврачебной практики города Таш-Кумыр Жалал-Абадской области""";93;1;2;3;0;2;2;2;2;4;1;2;3
Джалал-Абадская обл.;4170300000000000;Таш-Кумыр г.;41703420000000000;341881;ЦОВП г.ТАШ-КӨМҮР;"Учреждение ""Центр общеврачебной практики города Таш-Кумыр Жалал-Абадской области""";97;0;1;1;0;1;1;4;0;4;4;0;4
Джалал-Абадская обл.;4170300000000000;Таш-Кумыр г.;41703420000000000;341881;ЦОВП г.ТАШ-КӨМҮР;"Учреждение ""Центр общеврачебной практики города Таш-Кумыр Жалал-Абадской области""";98;1;3;4;1;3;4;5;0;5;5;0;5
Джалал-Абадская обл.;4170300000000000;Таш-Кумыр г.;41703420000000000;341881;ЦОВП г.ТАШ-КӨМҮР;"Учреждение ""Центр общеврачебной практики города Таш-Кумыр Жалал-Абадской области""";100;0;0;0;0;0;0;0;1;1;0;1;1
Иссык-Кульская обл.;4170200000000000;Жети-Огузский р-н;41702210000000000;204681;ЦОВП ЖЕТЫ-ОГУЗСКОГО РАЙОНА;ЦЕНТР ОБЩЕВРАЧЕБНОЙ ПРАКТИКИ  ЖЕТЫ-ОГУЗСКОГО РАЙОНА;0;524;477;1001;524;477;1001;3119;2753;5872;3119;2753;5872
Иссык-Кульская обл.;4170200000000000;Жети-Огузский р-н;41702210000000000;204681;ЦОВП ЖЕТЫ-ОГУЗСКОГО РАЙОНА;ЦЕНТР ОБЩЕВРАЧЕБНОЙ ПРАКТИКИ  ЖЕТЫ-ОГУЗСКОГО РАЙОНА;1;837;779;1616;837;779;1616;1531;1213;2744;1531;1213;2744
Иссык-Кульская обл.;4170200000000000;Жети-Огузский р-н;41702210000000000;204681;ЦОВП ЖЕТЫ-ОГУЗСКОГО РАЙОНА;ЦЕНТР ОБЩЕВРАЧЕБНОЙ ПРАКТИКИ  ЖЕТЫ-ОГУЗСКОГО РАЙОНА;2;828;800;1628;828;800;1628;783;730;1513;783;730;1513
Иссык-Кульская обл.;4170200000000000;Жети-Огузский р-н;41702210000000000;204681;ЦОВП ЖЕТЫ-ОГУЗСКОГО РАЙОНА;ЦЕНТР ОБЩЕВРАЧЕБНОЙ ПРАКТИКИ  ЖЕТЫ-ОГУЗСКОГО РАЙОНА;3;867;855;1722;867;855;1722;569;636;1205;569;636;1205
Иссык-Кульская обл.;4170200000000000;Жети-Огузский р-н;41702210000000000;204681;ЦОВП ЖЕТЫ-ОГУЗСКОГО РАЙОНА;ЦЕНТР ОБЩЕВРАЧЕБНОЙ ПРАКТИКИ  ЖЕТЫ-ОГУЗСКОГО РАЙОНА;4;891;883;1774;891;883;1774;621;575;1196;621;575;1196
Иссык-Кульская обл.;4170200000000000;Жети-Огузский р-н;41702210000000000;204681;ЦОВП ЖЕТЫ-ОГУЗСКОГО РАЙОНА;ЦЕНТР ОБЩЕВРАЧЕБНОЙ ПРАКТИКИ  ЖЕТЫ-ОГУЗСКОГО РАЙОНА;5;863;911;1774;863;911;1774;653;622;1275;653;622;1275
Иссык-Кульская обл.;4170200000000000;Жети-Огузский р-н;41702210000000000;204681;ЦОВП ЖЕТЫ-ОГУЗСКОГО РАЙОНА;ЦЕНТР ОБЩЕВРАЧЕБНОЙ ПРАКТИКИ  ЖЕТЫ-ОГУЗСКОГО РАЙОНА;6;947;995;1942;947;995;1942;862;729;1591;862;729;1591
Иссык-Кульская обл.;4170200000000000;Жети-Огузский р-н;41702210000000000;204681;ЦОВП ЖЕТЫ-ОГУЗСКОГО РАЙОНА;ЦЕНТР ОБЩЕВРАЧЕБНОЙ ПРАКТИКИ  ЖЕТЫ-ОГУЗСКОГО РАЙОНА;7;894;953;1847;894;953;1847;556;460;1016;556;460;1016
Иссык-Кульская обл.;4170200000000000;Жети-Огузский р-н;41702210000000000;204681;ЦОВП ЖЕТЫ-ОГУЗСКОГО РАЙОНА;ЦЕНТР ОБЩЕВРАЧЕБНОЙ ПРАКТИКИ  ЖЕТЫ-ОГУЗСКОГО РАЙОНА;8;907;1106;2013;907;1106;2013;420;404;824;420;404;824
Иссык-Кульская обл.;4170200000000000;Жети-Огузский р-н;41702210000000000;204681;ЦОВП ЖЕТЫ-ОГУЗСКОГО РАЙОНА;ЦЕНТР ОБЩЕВРАЧЕБНОЙ ПРАКТИКИ  ЖЕТЫ-ОГУЗСКОГО РАЙОНА;9;861;1087;1948;861;1087;1948;404;387;791;404;387;791
Иссык-Кульская обл.;4170200000000000;Жети-Огузский р-н;41702210000000000;204681;ЦОВП ЖЕТЫ-ОГУЗСКОГО РАЙОНА;ЦЕНТР ОБЩЕВРАЧЕБНОЙ ПРАКТИКИ  ЖЕТЫ-ОГУЗСКОГО РАЙОНА;10;874;1084;1958;874;1084;1958;358;358;716;358;358;716
Иссык-Кульская обл.;4170200000000000;Жети-Огузский р-н;41702210000000000;204681;ЦОВП ЖЕТЫ-ОГУЗСКОГО РАЙОНА;ЦЕНТР ОБЩЕВРАЧЕБНОЙ ПРАКТИКИ  ЖЕТЫ-ОГУЗСКОГО РАЙОНА;11;890;1104;1994;890;1104;1994;407;387;794;407;387;794
Иссык-Кульская обл.;4170200000000000;Жети-Огузский р-н;41702210000000000;204681;ЦОВП ЖЕТЫ-ОГУЗСКОГО РАЙОНА;ЦЕНТР ОБЩЕВРАЧЕБНОЙ ПРАКТИКИ  ЖЕТЫ-ОГУЗСКОГО РАЙОНА;12;843;1198;2041;843;1198;2041;397;375;772;397;375;772
Иссык-Кульская обл.;4170200000000000;Жети-Огузский р-н;41702210000000000;204681;ЦОВП ЖЕТЫ-ОГУЗСКОГО РАЙОНА;ЦЕНТР ОБЩЕВРАЧЕБНОЙ ПРАКТИКИ  ЖЕТЫ-ОГУЗСКОГО РАЙОНА;13;833;1156;1989;833;1156;1989;488;458;946;488;458;946
Иссык-Кульская обл.;4170200000000000;Жети-Огузский р-н;41702210000000000;204681;ЦОВП ЖЕТЫ-ОГУЗСКОГО РАЙОНА;ЦЕНТР ОБЩЕВРАЧЕБНОЙ ПРАКТИКИ  ЖЕТЫ-ОГУЗСКОГО РАЙОНА;14;865;1319;2184;865;1319;2184;540;565;1105;540;565;1105
Иссык-Кульская обл.;4170200000000000;Жети-Огузский р-н;41702210000000000;204681;ЦОВП ЖЕТЫ-ОГУЗСКОГО РАЙОНА;ЦЕНТР ОБЩЕВРАЧЕБНОЙ ПРАКТИКИ  ЖЕТЫ-ОГУЗСКОГО РАЙОНА;15;910;1215;2125;910;1215;2125;738;567;1305;738;567;1305
Иссык-Кульская обл.;4170200000000000;Жети-Огузский р-н;41702210000000000;204681;ЦОВП ЖЕТЫ-ОГУЗСКОГО РАЙОНА;ЦЕНТР ОБЩЕВРАЧЕБНОЙ ПРАКТИКИ  ЖЕТЫ-ОГУЗСКОГО РАЙОНА;16;901;1314;2215;901;1314;2215;683;661;1344;677;661;1338
Иссык-Кульская обл.;4170200000000000;Жети-Огузский р-н;41702210000000000;204681;ЦОВП ЖЕТЫ-ОГУЗСКОГО РАЙОНА;ЦЕНТР ОБЩЕВРАЧЕБНОЙ ПРАКТИКИ  ЖЕТЫ-ОГУЗСКОГО РАЙОНА;17;825;1059;1884;804;1035;1839;721;731;1452;694;686;1380
Иссык-Кульская обл.;4170200000000000;Жети-Огузский р-н;41702210000000000;204681;ЦОВП ЖЕТЫ-ОГУЗСКОГО РАЙОНА;ЦЕНТР ОБЩЕВРАЧЕБНОЙ ПРАКТИКИ  ЖЕТЫ-ОГУЗСКОГО РАЙОНА;18;771;1066;1837;731;1025;1756;678;956;1634;607;855;1462
Иссык-Кульская обл.;4170200000000000;Жети-Огузский р-н;41702210000000000;204681;ЦОВП ЖЕТЫ-ОГУЗСКОГО РАЙОНА;ЦЕНТР ОБЩЕВРАЧЕБНОЙ ПРАКТИКИ  ЖЕТЫ-ОГУЗСКОГО РАЙОНА;19;700;963;1663;500;787;1287;469;774;1243;314;438;752
Иссык-Кульская обл.;4170200000000000;Жети-Огузский р-н;41702210000000000;204681;ЦОВП ЖЕТЫ-ОГУЗСКОГО РАЙОНА;ЦЕНТР ОБЩЕВРАЧЕБНОЙ ПРАКТИКИ  ЖЕТЫ-ОГУЗСКОГО РАЙОНА;20;724;861;1585;373;594;967;396;663;1059;197;348;545
Иссык-Кульская обл.;4170200000000000;Жети-Огузский р-н;41702210000000000;204681;ЦОВП ЖЕТЫ-ОГУЗСКОГО РАЙОНА;ЦЕНТР ОБЩЕВРАЧЕБНОЙ ПРАКТИКИ  ЖЕТЫ-ОГУЗСКОГО РАЙОНА;21;675;938;1613;223;467;690;325;534;859;151;321;472
Иссык-Кульская обл.;4170200000000000;Жети-Огузский р-н;41702210000000000;204681;ЦОВП ЖЕТЫ-ОГУЗСКОГО РАЙОНА;ЦЕНТР ОБЩЕВРАЧЕБНОЙ ПРАКТИКИ  ЖЕТЫ-ОГУЗСКОГО РАЙОНА;22;581;927;1508;255;680;935;278;594;872;118;271;389
Иссык-Кульская обл.;4170200000000000;Жети-Огузский р-н;41702210000000000;204681;ЦОВП ЖЕТЫ-ОГУЗСКОГО РАЙОНА;ЦЕНТР ОБЩЕВРАЧЕБНОЙ ПРАКТИКИ  ЖЕТЫ-ОГУЗСКОГО РАЙОНА;23;561;1002;1563;150;684;834;249;470;719;90;215;305
Иссык-Кульская обл.;4170200000000000;Жети-Огузский р-н;41702210000000000;204681;ЦОВП ЖЕТЫ-ОГУЗСКОГО РАЙОНА;ЦЕНТР ОБЩЕВРАЧЕБНОЙ ПРАКТИКИ  ЖЕТЫ-ОГУЗСКОГО РАЙОНА;24;503;941;1444;107;413;520;225;577;802;51;304;355
Иссык-Кульская обл.;4170200000000000;Жети-Огузский р-н;41702210000000000;204681;ЦОВП ЖЕТЫ-ОГУЗСКОГО РАЙОНА;ЦЕНТР ОБЩЕВРАЧЕБНОЙ ПРАКТИКИ  ЖЕТЫ-ОГУЗСКОГО РАЙОНА;25;529;830;1359;99;165;264;258;642;900;83;318;401
Иссык-Кульская обл.;4170200000000000;Жети-Огузский р-н;41702210000000000;204681;ЦОВП ЖЕТЫ-ОГУЗСКОГО РАЙОНА;ЦЕНТР ОБЩЕВРАЧЕБНОЙ ПРАКТИКИ  ЖЕТЫ-ОГУЗСКОГО РАЙОНА;26;547;1029;1576;126;238;364;280;625;905;78;380;458
Иссык-Кульская обл.;4170200000000000;Жети-Огузский р-н;41702210000000000;204681;ЦОВП ЖЕТЫ-ОГУЗСКОГО РАЙОНА;ЦЕНТР ОБЩЕВРАЧЕБНОЙ ПРАКТИКИ  ЖЕТЫ-ОГУЗСКОГО РАЙОНА;27;551;870;1421;183;236;419;315;652;967;137;425;562
Иссык-Кульская обл.;4170200000000000;Жети-Огузский р-н;41702210000000000;204681;ЦОВП ЖЕТЫ-ОГУЗСКОГО РАЙОНА;ЦЕНТР ОБЩЕВРАЧЕБНОЙ ПРАКТИКИ  ЖЕТЫ-ОГУЗСКОГО РАЙОНА;28;565;770;1335;223;261;484;311;566;877;176;403;579
Иссык-Кульская обл.;4170200000000000;Жети-Огузский р-н;41702210000000000;204681;ЦОВП ЖЕТЫ-ОГУЗСКОГО РАЙОНА;ЦЕНТР ОБЩЕВРАЧЕБНОЙ ПРАКТИКИ  ЖЕТЫ-ОГУЗСКОГО РАЙОНА;29;581;716;1297;235;261;496;377;668;1045;224;421;645
Иссык-Кульская обл.;4170200000000000;Жети-Огузский р-н;41702210000000000;204681;ЦОВП ЖЕТЫ-ОГУЗСКОГО РАЙОНА;ЦЕНТР ОБЩЕВРАЧЕБНОЙ ПРАКТИКИ  ЖЕТЫ-ОГУЗСКОГО РАЙОНА;30;619;770;1389;284;323;607;319;601;920;212;423;635
Иссык-Кульская обл.;4170200000000000;Жети-Огузский р-н;41702210000000000;204681;ЦОВП ЖЕТЫ-ОГУЗСКОГО РАЙОНА;ЦЕНТР ОБЩЕВРАЧЕБНОЙ ПРАКТИКИ  ЖЕТЫ-ОГУЗСКОГО РАЙОНА;31;590;746;1336;295;276;571;325;650;975;233;418;651
Иссык-Кульская обл.;4170200000000000;Жети-Огузский р-н;41702210000000000;204681;ЦОВП ЖЕТЫ-ОГУЗСКОГО РАЙОНА;ЦЕНТР ОБЩЕВРАЧЕБНОЙ ПРАКТИКИ  ЖЕТЫ-ОГУЗСКОГО РАЙОНА;32;601;708;1309;321;296;617;322;665;987;239;437;676
Иссык-Кульская обл.;4170200000000000;Жети-Огузский р-н;41702210000000000;204681;ЦОВП ЖЕТЫ-ОГУЗСКОГО РАЙОНА;ЦЕНТР ОБЩЕВРАЧЕБНОЙ ПРАКТИКИ  ЖЕТЫ-ОГУЗСКОГО РАЙОНА;33;620;786;1406;340;354;694;398;738;1136;273;551;824
Иссык-Кульская обл.;4170200000000000;Жети-Огузский р-н;41702210000000000;204681;ЦОВП ЖЕТЫ-ОГУЗСКОГО РАЙОНА;ЦЕНТР ОБЩЕВРАЧЕБНОЙ ПРАКТИКИ  ЖЕТЫ-ОГУЗСКОГО РАЙОНА;34;651;753;1404;351;328;679;398;715;1113;298;569;867
Иссык-Кульская обл.;4170200000000000;Жети-Огузский р-н;41702210000000000;204681;ЦОВП ЖЕТЫ-ОГУЗСКОГО РАЙОНА;ЦЕНТР ОБЩЕВРАЧЕБНОЙ ПРАКТИКИ  ЖЕТЫ-ОГУЗСКОГО РАЙОНА;35;651;632;1283;369;349;718;397;714;1111;302;555;857
Иссык-Кульская обл.;4170200000000000;Жети-Огузский р-н;41702210000000000;204681;ЦОВП ЖЕТЫ-ОГУЗСКОГО РАЙОНА;ЦЕНТР ОБЩЕВРАЧЕБНОЙ ПРАКТИКИ  ЖЕТЫ-ОГУЗСКОГО РАЙОНА;36;618;617;1235;402;332;734;391;719;1110;303;580;883
Иссык-Кульская обл.;4170200000000000;Жети-Огузский р-н;41702210000000000;204681;ЦОВП ЖЕТЫ-ОГУЗСКОГО РАЙОНА;ЦЕНТР ОБЩЕВРАЧЕБНОЙ ПРАКТИКИ  ЖЕТЫ-ОГУЗСКОГО РАЙОНА;37;670;641;1311;398;373;771;368;591;959;262;470;732
Иссык-Кульская обл.;4170200000000000;Жети-Огузский р-н;41702210000000000;204681;ЦОВП ЖЕТЫ-ОГУЗСКОГО РАЙОНА;ЦЕНТР ОБЩЕВРАЧЕБНОЙ ПРАКТИКИ  ЖЕТЫ-ОГУЗСКОГО РАЙОНА;38;589;645;1234;376;358;734;395;692;1087;282;501;783
Иссык-Кульская обл.;4170200000000000;Жети-Огузский р-н;41702210000000000;204681;ЦОВП ЖЕТЫ-ОГУЗСКОГО РАЙОНА;ЦЕНТР ОБЩЕВРАЧЕБНОЙ ПРАКТИКИ  ЖЕТЫ-ОГУЗСКОГО РАЙОНА;39;552;560;1112;365;327;692;368;588;956;284;448;732
Иссык-Кульская обл.;4170200000000000;Жети-Огузский р-н;41702210000000000;204681;ЦОВП ЖЕТЫ-ОГУЗСКОГО РАЙОНА;ЦЕНТР ОБЩЕВРАЧЕБНОЙ ПРАКТИКИ  ЖЕТЫ-ОГУЗСКОГО РАЙОНА;40;538;599;1137;327;357;684;263;532;795;175;420;595
Иссык-Кульская обл.;4170200000000000;Жети-Огузский р-н;41702210000000000;204681;ЦОВП ЖЕТЫ-ОГУЗСКОГО РАЙОНА;ЦЕНТР ОБЩЕВРАЧЕБНОЙ ПРАКТИКИ  ЖЕТЫ-ОГУЗСКОГО РАЙОНА;41;528;536;1064;304;322;626;277;489;766;207;386;593
Иссык-Кульская обл.;4170200000000000;Жети-Огузский р-н;41702210000000000;204681;ЦОВП ЖЕТЫ-ОГУЗСКОГО РАЙОНА;ЦЕНТР ОБЩЕВРАЧЕБНОЙ ПРАКТИКИ  ЖЕТЫ-ОГУЗСКОГО РАЙОНА;42;493;524;1017;305;311;616;335;513;848;239;375;614
Иссык-Кульская обл.;4170200000000000;Жети-Огузский р-н;41702210000000000;204681;ЦОВП ЖЕТЫ-ОГУЗСКОГО РАЙОНА;ЦЕНТР ОБЩЕВРАЧЕБНОЙ ПРАКТИКИ  ЖЕТЫ-ОГУЗСКОГО РАЙОНА;43;465;489;954;292;288;580;272;433;705;194;340;534
Иссык-Кульская обл.;4170200000000000;Жети-Огузский р-н;41702210000000000;204681;ЦОВП ЖЕТЫ-ОГУЗСКОГО РАЙОНА;ЦЕНТР ОБЩЕВРАЧЕБНОЙ ПРАКТИКИ  ЖЕТЫ-ОГУЗСКОГО РАЙОНА;44;389;497;886;255;298;553;245;459;704;173;359;532
Иссык-Кульская обл.;4170200000000000;Жети-Огузский р-н;41702210000000000;204681;ЦОВП ЖЕТЫ-ОГУЗСКОГО РАЙОНА;ЦЕНТР ОБЩЕВРАЧЕБНОЙ ПРАКТИКИ  ЖЕТЫ-ОГУЗСКОГО РАЙОНА;45;439;490;929;284;275;559;256;446;702;187;338;525
Иссык-Кульская обл.;4170200000000000;Жети-Огузский р-н;41702210000000000;204681;ЦОВП ЖЕТЫ-ОГУЗСКОГО РАЙОНА;ЦЕНТР ОБЩЕВРАЧЕБНОЙ ПРАКТИКИ  ЖЕТЫ-ОГУЗСКОГО РАЙОНА;46;414;449;863;255;260;515;293;475;768;208;373;581
Иссык-Кульская обл.;4170200000000000;Жети-Огузский р-н;41702210000000000;204681;ЦОВП ЖЕТЫ-ОГУЗСКОГО РАЙОНА;ЦЕНТР ОБЩЕВРАЧЕБНОЙ ПРАКТИКИ  ЖЕТЫ-ОГУЗСКОГО РАЙОНА;47;411;466;877;277;284;561;267;538;805;213;408;621
Иссык-Кульская обл.;4170200000000000;Жети-Огузский р-н;41702210000000000;204681;ЦОВП ЖЕТЫ-ОГУЗСКОГО РАЙОНА;ЦЕНТР ОБЩЕВРАЧЕБНОЙ ПРАКТИКИ  ЖЕТЫ-ОГУЗСКОГО РАЙОНА;48;444;475;919;287;265;552;277;437;714;218;326;544
Иссык-Кульская обл.;4170200000000000;Жети-Огузский р-н;41702210000000000;204681;ЦОВП ЖЕТЫ-ОГУЗСКОГО РАЙОНА;ЦЕНТР ОБЩЕВРАЧЕБНОЙ ПРАКТИКИ  ЖЕТЫ-ОГУЗСКОГО РАЙОНА;49;438;417;855;293;234;527;280;389;669;202;286;488
Иссык-Кульская обл.;4170200000000000;Жети-Огузский р-н;41702210000000000;204681;ЦОВП ЖЕТЫ-ОГУЗСКОГО РАЙОНА;ЦЕНТР ОБЩЕВРАЧЕБНОЙ ПРАКТИКИ  ЖЕТЫ-ОГУЗСКОГО РАЙОНА;50;429;441;870;265;239;504;321;442;763;243;310;553
Иссык-Кульская обл.;4170200000000000;Жети-Огузский р-н;41702210000000000;204681;ЦОВП ЖЕТЫ-ОГУЗСКОГО РАЙОНА;ЦЕНТР ОБЩЕВРАЧЕБНОЙ ПРАКТИКИ  ЖЕТЫ-ОГУЗСКОГО РАЙОНА;51;430;467;897;266;268;534;315;469;784;247;347;594
Иссык-Кульская обл.;4170200000000000;Жети-Огузский р-н;41702210000000000;204681;ЦОВП ЖЕТЫ-ОГУЗСКОГО РАЙОНА;ЦЕНТР ОБЩЕВРАЧЕБНОЙ ПРАКТИКИ  ЖЕТЫ-ОГУЗСКОГО РАЙОНА;52;413;436;849;242;256;498;270;505;775;167;375;542
Иссык-Кульская обл.;4170200000000000;Жети-Огузский р-н;41702210000000000;204681;ЦОВП ЖЕТЫ-ОГУЗСКОГО РАЙОНА;ЦЕНТР ОБЩЕВРАЧЕБНОЙ ПРАКТИКИ  ЖЕТЫ-ОГУЗСКОГО РАЙОНА;53;420;439;859;276;259;535;286;468;754;207;355;562
Иссык-Кульская обл.;4170200000000000;Жети-Огузский р-н;41702210000000000;204681;ЦОВП ЖЕТЫ-ОГУЗСКОГО РАЙОНА;ЦЕНТР ОБЩЕВРАЧЕБНОЙ ПРАКТИКИ  ЖЕТЫ-ОГУЗСКОГО РАЙОНА;54;434;438;872;275;225;500;307;407;714;215;292;507
Иссык-Кульская обл.;4170200000000000;Жети-Огузский р-н;41702210000000000;204681;ЦОВП ЖЕТЫ-ОГУЗСКОГО РАЙОНА;ЦЕНТР ОБЩЕВРАЧЕБНОЙ ПРАКТИКИ  ЖЕТЫ-ОГУЗСКОГО РАЙОНА;55;405;442;847;260;299;559;264;484;748;196;375;571
Иссык-Кульская обл.;4170200000000000;Жети-Огузский р-н;41702210000000000;204681;ЦОВП ЖЕТЫ-ОГУЗСКОГО РАЙОНА;ЦЕНТР ОБЩЕВРАЧЕБНОЙ ПРАКТИКИ  ЖЕТЫ-ОГУЗСКОГО РАЙОНА;56;390;418;808;238;272;510;294;462;756;232;366;598
Иссык-Кульская обл.;4170200000000000;Жети-Огузский р-н;41702210000000000;204681;ЦОВП ЖЕТЫ-ОГУЗСКОГО РАЙОНА;ЦЕНТР ОБЩЕВРАЧЕБНОЙ ПРАКТИКИ  ЖЕТЫ-ОГУЗСКОГО РАЙОНА;57;368;381;749;255;257;512;251;369;620;192;314;506
Иссык-Кульская обл.;4170200000000000;Жети-Огузский р-н;41702210000000000;204681;ЦОВП ЖЕТЫ-ОГУЗСКОГО РАЙОНА;ЦЕНТР ОБЩЕВРАЧЕБНОЙ ПРАКТИКИ  ЖЕТЫ-ОГУЗСКОГО РАЙОНА;58;377;404;781;245;297;542;288;437;725;222;362;584
Иссык-Кульская обл.;4170200000000000;Жети-Огузский р-н;41702210000000000;204681;ЦОВП ЖЕТЫ-ОГУЗСКОГО РАЙОНА;ЦЕНТР ОБЩЕВРАЧЕБНОЙ ПРАКТИКИ  ЖЕТЫ-ОГУЗСКОГО РАЙОНА;59;349;366;715;233;280;513;289;430;719;241;384;625
Иссык-Кульская обл.;4170200000000000;Жети-Огузский р-н;41702210000000000;204681;ЦОВП ЖЕТЫ-ОГУЗСКОГО РАЙОНА;ЦЕНТР ОБЩЕВРАЧЕБНОЙ ПРАКТИКИ  ЖЕТЫ-ОГУЗСКОГО РАЙОНА;60;338;438;776;240;344;584;335;468;803;280;421;701
Иссык-Кульская обл.;4170200000000000;Жети-Огузский р-н;41702210000000000;204681;ЦОВП ЖЕТЫ-ОГУЗСКОГО РАЙОНА;ЦЕНТР ОБЩЕВРАЧЕБНОЙ ПРАКТИКИ  ЖЕТЫ-ОГУЗСКОГО РАЙОНА;61;376;447;823;275;378;653;341;482;823;284;462;746
Иссык-Кульская обл.;4170200000000000;Жети-Огузский р-н;41702210000000000;204681;ЦОВП ЖЕТЫ-ОГУЗСКОГО РАЙОНА;ЦЕНТР ОБЩЕВРАЧЕБНОЙ ПРАКТИКИ  ЖЕТЫ-ОГУЗСКОГО РАЙОНА;62;333;405;738;263;348;611;294;486;780;257;462;719
Иссык-Кульская обл.;4170200000000000;Жети-Огузский р-н;41702210000000000;204681;ЦОВП ЖЕТЫ-ОГУЗСКОГО РАЙОНА;ЦЕНТР ОБЩЕВРАЧЕБНОЙ ПРАКТИКИ  ЖЕТЫ-ОГУЗСКОГО РАЙОНА;63;352;428;780;282;386;668;306;522;828;264;507;771
Иссык-Кульская обл.;4170200000000000;Жети-Огузский р-н;41702210000000000;204681;ЦОВП ЖЕТЫ-ОГУЗСКОГО РАЙОНА;ЦЕНТР ОБЩЕВРАЧЕБНОЙ ПРАКТИКИ  ЖЕТЫ-ОГУЗСКОГО РАЙОНА;64;330;376;706;255;338;593;274;413;687;239;408;647
Иссык-Кульская обл.;4170200000000000;Жети-Огузский р-н;41702210000000000;204681;ЦОВП ЖЕТЫ-ОГУЗСКОГО РАЙОНА;ЦЕНТР ОБЩЕВРАЧЕБНОЙ ПРАКТИКИ  ЖЕТЫ-ОГУЗСКОГО РАЙОНА;65;278;358;636;247;352;599;222;418;640;208;414;622
Иссык-Кульская обл.;4170200000000000;Жети-Огузский р-н;41702210000000000;204681;ЦОВП ЖЕТЫ-ОГУЗСКОГО РАЙОНА;ЦЕНТР ОБЩЕВРАЧЕБНОЙ ПРАКТИКИ  ЖЕТЫ-ОГУЗСКОГО РАЙОНА;66;253;347;600;228;329;557;205;459;664;187;452;639
Иссык-Кульская обл.;4170200000000000;Жети-Огузский р-н;41702210000000000;204681;ЦОВП ЖЕТЫ-ОГУЗСКОГО РАЙОНА;ЦЕНТР ОБЩЕВРАЧЕБНОЙ ПРАКТИКИ  ЖЕТЫ-ОГУЗСКОГО РАЙОНА;67;241;338;579;208;323;531;183;349;532;168;343;511
Иссык-Кульская обл.;4170200000000000;Жети-Огузский р-н;41702210000000000;204681;ЦОВП ЖЕТЫ-ОГУЗСКОГО РАЙОНА;ЦЕНТР ОБЩЕВРАЧЕБНОЙ ПРАКТИКИ  ЖЕТЫ-ОГУЗСКОГО РАЙОНА;68;208;278;486;194;259;453;207;301;508;191;298;489
Иссык-Кульская обл.;4170200000000000;Жети-Огузский р-н;41702210000000000;204681;ЦОВП ЖЕТЫ-ОГУЗСКОГО РАЙОНА;ЦЕНТР ОБЩЕВРАЧЕБНОЙ ПРАКТИКИ  ЖЕТЫ-ОГУЗСКОГО РАЙОНА;69;193;251;444;182;246;428;145;268;413;136;268;404
Иссык-Кульская обл.;4170200000000000;Жети-Огузский р-н;41702210000000000;204681;ЦОВП ЖЕТЫ-ОГУЗСКОГО РАЙОНА;ЦЕНТР ОБЩЕВРАЧЕБНОЙ ПРАКТИКИ  ЖЕТЫ-ОГУЗСКОГО РАЙОНА;70;124;201;325;118;197;315;109;233;342;101;231;332
Иссык-Кульская обл.;4170200000000000;Жети-Огузский р-н;41702210000000000;204681;ЦОВП ЖЕТЫ-ОГУЗСКОГО РАЙОНА;ЦЕНТР ОБЩЕВРАЧЕБНОЙ ПРАКТИКИ  ЖЕТЫ-ОГУЗСКОГО РАЙОНА;71;157;229;386;155;229;384;144;229;373;142;229;371
Иссык-Кульская обл.;4170200000000000;Жети-Огузский р-н;41702210000000000;204681;ЦОВП ЖЕТЫ-ОГУЗСКОГО РАЙОНА;ЦЕНТР ОБЩЕВРАЧЕБНОЙ ПРАКТИКИ  ЖЕТЫ-ОГУЗСКОГО РАЙОНА;72;147;211;358;147;209;356;133;228;361;133;221;354
Иссык-Кульская обл.;4170200000000000;Жети-Огузский р-н;41702210000000000;204681;ЦОВП ЖЕТЫ-ОГУЗСКОГО РАЙОНА;ЦЕНТР ОБЩЕВРАЧЕБНОЙ ПРАКТИКИ  ЖЕТЫ-ОГУЗСКОГО РАЙОНА;73;109;195;304;108;194;302;82;234;316;79;234;313
Иссык-Кульская обл.;4170200000000000;Жети-Огузский р-н;41702210000000000;204681;ЦОВП ЖЕТЫ-ОГУЗСКОГО РАЙОНА;ЦЕНТР ОБЩЕВРАЧЕБНОЙ ПРАКТИКИ  ЖЕТЫ-ОГУЗСКОГО РАЙОНА;74;88;197;285;88;195;283;53;188;241;53;180;233
Иссык-Кульская обл.;4170200000000000;Жети-Огузский р-н;41702210000000000;204681;ЦОВП ЖЕТЫ-ОГУЗСКОГО РАЙОНА;ЦЕНТР ОБЩЕВРАЧЕБНОЙ ПРАКТИКИ  ЖЕТЫ-ОГУЗСКОГО РАЙОНА;75;87;144;231;86;142;228;62;151;213;62;148;210
Иссык-Кульская обл.;4170200000000000;Жети-Огузский р-н;41702210000000000;204681;ЦОВП ЖЕТЫ-ОГУЗСКОГО РАЙОНА;ЦЕНТР ОБЩЕВРАЧЕБНОЙ ПРАКТИКИ  ЖЕТЫ-ОГУЗСКОГО РАЙОНА;76;66;121;187;65;120;185;56;143;199;56;141;197
Иссык-Кульская обл.;4170200000000000;Жети-Огузский р-н;41702210000000000;204681;ЦОВП ЖЕТЫ-ОГУЗСКОГО РАЙОНА;ЦЕНТР ОБЩЕВРАЧЕБНОЙ ПРАКТИКИ  ЖЕТЫ-ОГУЗСКОГО РАЙОНА;77;60;115;175;58;115;173;53;97;150;53;97;150
Иссык-Кульская обл.;4170200000000000;Жети-Огузский р-н;41702210000000000;204681;ЦОВП ЖЕТЫ-ОГУЗСКОГО РАЙОНА;ЦЕНТР ОБЩЕВРАЧЕБНОЙ ПРАКТИКИ  ЖЕТЫ-ОГУЗСКОГО РАЙОНА;78;48;90;138;47;89;136;48;70;118;48;69;117
Иссык-Кульская обл.;4170200000000000;Жети-Огузский р-н;41702210000000000;204681;ЦОВП ЖЕТЫ-ОГУЗСКОГО РАЙОНА;ЦЕНТР ОБЩЕВРАЧЕБНОЙ ПРАКТИКИ  ЖЕТЫ-ОГУЗСКОГО РАЙОНА;79;25;50;75;25;50;75;17;36;53;17;36;53
Иссык-Кульская обл.;4170200000000000;Жети-Огузский р-н;41702210000000000;204681;ЦОВП ЖЕТЫ-ОГУЗСКОГО РАЙОНА;ЦЕНТР ОБЩЕВРАЧЕБНОЙ ПРАКТИКИ  ЖЕТЫ-ОГУЗСКОГО РАЙОНА;80;18;43;61;18;43;61;12;35;47;12;35;47
Иссык-Кульская обл.;4170200000000000;Жети-Огузский р-н;41702210000000000;204681;ЦОВП ЖЕТЫ-ОГУЗСКОГО РАЙОНА;ЦЕНТР ОБЩЕВРАЧЕБНОЙ ПРАКТИКИ  ЖЕТЫ-ОГУЗСКОГО РАЙОНА;81;20;43;63;20;43;63;15;34;49;15;34;49
Иссык-Кульская обл.;4170200000000000;Жети-Огузский р-н;41702210000000000;204681;ЦОВП ЖЕТЫ-ОГУЗСКОГО РАЙОНА;ЦЕНТР ОБЩЕВРАЧЕБНОЙ ПРАКТИКИ  ЖЕТЫ-ОГУЗСКОГО РАЙОНА;82;39;111;150;39;109;148;27;104;131;27;100;127
Иссык-Кульская обл.;4170200000000000;Жети-Огузский р-н;41702210000000000;204681;ЦОВП ЖЕТЫ-ОГУЗСКОГО РАЙОНА;ЦЕНТР ОБЩЕВРАЧЕБНОЙ ПРАКТИКИ  ЖЕТЫ-ОГУЗСКОГО РАЙОНА;83;29;72;101;29;71;100;23;39;62;23;38;61
Иссык-Кульская обл.;4170200000000000;Жети-Огузский р-н;41702210000000000;204681;ЦОВП ЖЕТЫ-ОГУЗСКОГО РАЙОНА;ЦЕНТР ОБЩЕВРАЧЕБНОЙ ПРАКТИКИ  ЖЕТЫ-ОГУЗСКОГО РАЙОНА;84;28;86;114;28;86;114;13;76;89;12;76;88
Иссык-Кульская обл.;4170200000000000;Жети-Огузский р-н;41702210000000000;204681;ЦОВП ЖЕТЫ-ОГУЗСКОГО РАЙОНА;ЦЕНТР ОБЩЕВРАЧЕБНОЙ ПРАКТИКИ  ЖЕТЫ-ОГУЗСКОГО РАЙОНА;85;24;79;103;24;79;103;17;27;44;17;26;43
Иссык-Кульская обл.;4170200000000000;Жети-Огузский р-н;41702210000000000;204681;ЦОВП ЖЕТЫ-ОГУЗСКОГО РАЙОНА;ЦЕНТР ОБЩЕВРАЧЕБНОЙ ПРАКТИКИ  ЖЕТЫ-ОГУЗСКОГО РАЙОНА;86;26;71;97;26;71;97;19;44;63;19;44;63
Иссык-Кульская обл.;4170200000000000;Жети-Огузский р-н;41702210000000000;204681;ЦОВП ЖЕТЫ-ОГУЗСКОГО РАЙОНА;ЦЕНТР ОБЩЕВРАЧЕБНОЙ ПРАКТИКИ  ЖЕТЫ-ОГУЗСКОГО РАЙОНА;87;21;69;90;21;67;88;17;48;65;17;45;62
Иссык-Кульская обл.;4170200000000000;Жети-Огузский р-н;41702210000000000;204681;ЦОВП ЖЕТЫ-ОГУЗСКОГО РАЙОНА;ЦЕНТР ОБЩЕВРАЧЕБНОЙ ПРАКТИКИ  ЖЕТЫ-ОГУЗСКОГО РАЙОНА;88;19;47;66;18;46;64;4;24;28;3;22;25
Иссык-Кульская обл.;4170200000000000;Жети-Огузский р-н;41702210000000000;204681;ЦОВП ЖЕТЫ-ОГУЗСКОГО РАЙОНА;ЦЕНТР ОБЩЕВРАЧЕБНОЙ ПРАКТИКИ  ЖЕТЫ-ОГУЗСКОГО РАЙОНА;89;6;33;39;6;33;39;4;17;21;4;17;21
Иссык-Кульская обл.;4170200000000000;Жети-Огузский р-н;41702210000000000;204681;ЦОВП ЖЕТЫ-ОГУЗСКОГО РАЙОНА;ЦЕНТР ОБЩЕВРАЧЕБНОЙ ПРАКТИКИ  ЖЕТЫ-ОГУЗСКОГО РАЙОНА;90;7;31;38;7;31;38;1;18;19;1;18;19
Иссык-Кульская обл.;4170200000000000;Жети-Огузский р-н;41702210000000000;204681;ЦОВП ЖЕТЫ-ОГУЗСКОГО РАЙОНА;ЦЕНТР ОБЩЕВРАЧЕБНОЙ ПРАКТИКИ  ЖЕТЫ-ОГУЗСКОГО РАЙОНА;91;5;19;24;5;19;24;5;8;13;5;8;13
Иссык-Кульская обл.;4170200000000000;Жети-Огузский р-н;41702210000000000;204681;ЦОВП ЖЕТЫ-ОГУЗСКОГО РАЙОНА;ЦЕНТР ОБЩЕВРАЧЕБНОЙ ПРАКТИКИ  ЖЕТЫ-ОГУЗСКОГО РАЙОНА;92;6;32;38;6;32;38;6;3;9;6;3;9
Иссык-Кульская обл.;4170200000000000;Жети-Огузский р-н;41702210000000000;204681;ЦОВП ЖЕТЫ-ОГУЗСКОГО РАЙОНА;ЦЕНТР ОБЩЕВРАЧЕБНОЙ ПРАКТИКИ  ЖЕТЫ-ОГУЗСКОГО РАЙОНА;93;1;11;12;1;11;12;1;6;7;1;6;7
Иссык-Кульская обл.;4170200000000000;Жети-Огузский р-н;41702210000000000;204681;ЦОВП ЖЕТЫ-ОГУЗСКОГО РАЙОНА;ЦЕНТР ОБЩЕВРАЧЕБНОЙ ПРАКТИКИ  ЖЕТЫ-ОГУЗСКОГО РАЙОНА;94;5;24;29;4;22;26;1;12;13;1;12;13
Иссык-Кульская обл.;4170200000000000;Жети-Огузский р-н;41702210000000000;204681;ЦОВП ЖЕТЫ-ОГУЗСКОГО РАЙОНА;ЦЕНТР ОБЩЕВРАЧЕБНОЙ ПРАКТИКИ  ЖЕТЫ-ОГУЗСКОГО РАЙОНА;95;0;11;11;0;11;11;0;1;1;0;1;1
Иссык-Кульская обл.;4170200000000000;Жети-Огузский р-н;41702210000000000;204681;ЦОВП ЖЕТЫ-ОГУЗСКОГО РАЙОНА;ЦЕНТР ОБЩЕВРАЧЕБНОЙ ПРАКТИКИ  ЖЕТЫ-ОГУЗСКОГО РАЙОНА;96;2;15;17;2;14;16;0;1;1;0;1;1
Иссык-Кульская обл.;4170200000000000;Жети-Огузский р-н;41702210000000000;204681;ЦОВП ЖЕТЫ-ОГУЗСКОГО РАЙОНА;ЦЕНТР ОБЩЕВРАЧЕБНОЙ ПРАКТИКИ  ЖЕТЫ-ОГУЗСКОГО РАЙОНА;98;0;3;3;0;3;3;0;2;2;0;2;2
Нарынская обл.;4170400000000000;Жумгальский р-н;41704230000000000;441511;ЦОВП Жумгальского района Нарынской области;Центр общеврачебной практики Жумгальского района Нарынской области;0;233;222;455;233;222;455;3088;2660;5748;3088;2660;5748
Нарынская обл.;4170400000000000;Жумгальский р-н;41704230000000000;441511;ЦОВП Жумгальского района Нарынской области;Центр общеврачебной практики Жумгальского района Нарынской области;1;390;370;760;390;370;760;1666;1613;3279;1666;1613;3279
Нарынская обл.;4170400000000000;Жумгальский р-н;41704230000000000;441511;ЦОВП Жумгальского района Нарынской области;Центр общеврачебной практики Жумгальского района Нарынской области;2;359;352;711;359;352;711;1189;1211;2400;1189;1211;2400
Нарынская обл.;4170400000000000;Жумгальский р-н;41704230000000000;441511;ЦОВП Жумгальского района Нарынской области;Центр общеврачебной практики Жумгальского района Нарынской области;3;412;390;802;412;390;802;1223;1129;2352;1223;1129;2352
Нарынская обл.;4170400000000000;Жумгальский р-н;41704230000000000;441511;ЦОВП Жумгальского района Нарынской области;Центр общеврачебной практики Жумгальского района Нарынской области;4;420;442;862;420;442;862;1054;1064;2118;1054;1064;2118
Нарынская обл.;4170400000000000;Жумгальский р-н;41704230000000000;441511;ЦОВП Жумгальского района Нарынской области;Центр общеврачебной практики Жумгальского района Нарынской области;5;460;424;884;460;424;884;1417;1289;2706;1417;1289;2706
Нарынская обл.;4170400000000000;Жумгальский р-н;41704230000000000;441511;ЦОВП Жумгальского района Нарынской области;Центр общеврачебной практики Жумгальского района Нарынской области;6;452;534;986;452;534;986;1566;1708;3274;1566;1708;3274
Нарынская обл.;4170400000000000;Жумгальский р-н;41704230000000000;441511;ЦОВП Жумгальского района Нарынской области;Центр общеврачебной практики Жумгальского района Нарынской области;7;475;521;996;475;521;996;951;875;1826;951;875;1826
Нарынская обл.;4170400000000000;Жумгальский р-н;41704230000000000;441511;ЦОВП Жумгальского района Нарынской области;Центр общеврачебной практики Жумгальского района Нарынской области;8;489;558;1047;489;558;1047;824;668;1492;824;668;1492
Нарынская обл.;4170400000000000;Жумгальский р-н;41704230000000000;441511;ЦОВП Жумгальского района Нарынской области;Центр общеврачебной практики Жумгальского района Нарынской области;9;487;578;1065;487;578;1065;721;705;1426;721;705;1426
Нарынская обл.;4170400000000000;Жумгальский р-н;41704230000000000;441511;ЦОВП Жумгальского района Нарынской области;Центр общеврачебной практики Жумгальского района Нарынской области;10;457;506;963;457;506;963;1003;616;1619;1003;616;1619
Нарынская обл.;4170400000000000;Жумгальский р-н;41704230000000000;441511;ЦОВП Жумгальского района Нарынской области;Центр общеврачебной практики Жумгальского района Нарынской области;11;528;570;1098;528;570;1098;1054;779;1833;1054;779;1833
Нарынская обл.;4170400000000000;Жумгальский р-н;41704230000000000;441511;ЦОВП Жумгальского района Нарынской области;Центр общеврачебной практики Жумгальского района Нарынской области;12;521;517;1038;521;517;1038;823;570;1393;823;570;1393
Нарынская обл.;4170400000000000;Жумгальский р-н;41704230000000000;441511;ЦОВП Жумгальского района Нарынской области;Центр общеврачебной практики Жумгальского района Нарынской области;13;482;527;1009;482;527;1009;845;630;1475;845;630;1475
Нарынская обл.;4170400000000000;Жумгальский р-н;41704230000000000;441511;ЦОВП Жумгальского района Нарынской области;Центр общеврачебной практики Жумгальского района Нарынской области;14;494;486;980;494;486;980;790;639;1429;790;639;1429
Нарынская обл.;4170400000000000;Жумгальский р-н;41704230000000000;441511;ЦОВП Жумгальского района Нарынской области;Центр общеврачебной практики Жумгальского района Нарынской области;15;467;457;924;467;457;924;1793;809;2602;1793;809;2602
Нарынская обл.;4170400000000000;Жумгальский р-н;41704230000000000;441511;ЦОВП Жумгальского района Нарынской области;Центр общеврачебной практики Жумгальского района Нарынской области;16;447;453;900;447;452;899;1135;817;1952;1126;814;1940
Нарынская обл.;4170400000000000;Жумгальский р-н;41704230000000000;441511;ЦОВП Жумгальского района Нарынской области;Центр общеврачебной практики Жумгальского района Нарынской области;17;436;415;851;420;399;819;1171;1235;2406;1052;1134;2186
Нарынская обл.;4170400000000000;Жумгальский р-н;41704230000000000;441511;ЦОВП Жумгальского района Нарынской области;Центр общеврачебной практики Жумгальского района Нарынской области;18;414;368;782;338;318;656;1427;1143;2570;965;855;1820
Нарынская обл.;4170400000000000;Жумгальский р-н;41704230000000000;441511;ЦОВП Жумгальского района Нарынской области;Центр общеврачебной практики Жумгальского района Нарынской области;19;410;402;812;171;185;356;827;689;1516;257;242;499
Нарынская обл.;4170400000000000;Жумгальский р-н;41704230000000000;441511;ЦОВП Жумгальского района Нарынской области;Центр общеврачебной практики Жумгальского района Нарынской области;20;395;396;791;92;105;197;785;763;1548;242;346;588
Нарынская обл.;4170400000000000;Жумгальский р-н;41704230000000000;441511;ЦОВП Жумгальского района Нарынской области;Центр общеврачебной практики Жумгальского района Нарынской области;21;429;355;784;91;117;208;593;861;1454;139;450;589
Нарынская обл.;4170400000000000;Жумгальский р-н;41704230000000000;441511;ЦОВП Жумгальского района Нарынской области;Центр общеврачебной практики Жумгальского района Нарынской области;22;364;293;657;81;101;182;493;712;1205;214;432;646
Нарынская обл.;4170400000000000;Жумгальский р-н;41704230000000000;441511;ЦОВП Жумгальского района Нарынской области;Центр общеврачебной практики Жумгальского района Нарынской области;23;366;284;650;101;127;228;534;625;1159;221;440;661
Нарынская обл.;4170400000000000;Жумгальский р-н;41704230000000000;441511;ЦОВП Жумгальского района Нарынской области;Центр общеврачебной практики Жумгальского района Нарынской области;24;329;275;604;118;137;255;500;523;1023;227;371;598
Нарынская обл.;4170400000000000;Жумгальский р-н;41704230000000000;441511;ЦОВП Жумгальского района Нарынской области;Центр общеврачебной практики Жумгальского района Нарынской области;25;363;289;652;132;147;279;494;638;1132;272;466;738
Нарынская обл.;4170400000000000;Жумгальский р-н;41704230000000000;441511;ЦОВП Жумгальского района Нарынской области;Центр общеврачебной практики Жумгальского района Нарынской области;26;370;244;614;155;139;294;534;683;1217;306;509;815
Нарынская обл.;4170400000000000;Жумгальский р-н;41704230000000000;441511;ЦОВП Жумгальского района Нарынской области;Центр общеврачебной практики Жумгальского района Нарынской области;27;374;259;633;160;164;324;522;765;1287;353;609;962
Нарынская обл.;4170400000000000;Жумгальский р-н;41704230000000000;441511;ЦОВП Жумгальского района Нарынской области;Центр общеврачебной практики Жумгальского района Нарынской области;28;358;271;629;153;171;324;411;815;1226;230;701;931
Нарынская обл.;4170400000000000;Жумгальский р-н;41704230000000000;441511;ЦОВП Жумгальского района Нарынской области;Центр общеврачебной практики Жумгальского района Нарынской области;29;372;256;628;202;170;372;529;686;1215;374;518;892
Нарынская обл.;4170400000000000;Жумгальский р-н;41704230000000000;441511;ЦОВП Жумгальского района Нарынской области;Центр общеврачебной практики Жумгальского района Нарынской области;30;366;258;624;226;180;406;524;715;1239;406;607;1013
Нарынская обл.;4170400000000000;Жумгальский р-н;41704230000000000;441511;ЦОВП Жумгальского района Нарынской области;Центр общеврачебной практики Жумгальского района Нарынской области;31;378;248;626;250;171;421;585;840;1425;481;715;1196
Нарынская обл.;4170400000000000;Жумгальский р-н;41704230000000000;441511;ЦОВП Жумгальского района Нарынской области;Центр общеврачебной практики Жумгальского района Нарынской области;32;366;299;665;239;205;444;517;903;1420;425;788;1213
Нарынская обл.;4170400000000000;Жумгальский р-н;41704230000000000;441511;ЦОВП Жумгальского района Нарынской области;Центр общеврачебной практики Жумгальского района Нарынской области;33;339;283;622;239;212;451;438;680;1118;360;598;958
Нарынская обл.;4170400000000000;Жумгальский р-н;41704230000000000;441511;ЦОВП Жумгальского района Нарынской области;Центр общеврачебной практики Жумгальского района Нарынской области;34;336;282;618;220;206;426;524;889;1413;419;778;1197
Нарынская обл.;4170400000000000;Жумгальский р-н;41704230000000000;441511;ЦОВП Жумгальского района Нарынской области;Центр общеврачебной практики Жумгальского района Нарынской области;35;358;244;602;260;177;437;523;691;1214;438;556;994
Нарынская обл.;4170400000000000;Жумгальский р-н;41704230000000000;441511;ЦОВП Жумгальского района Нарынской области;Центр общеврачебной практики Жумгальского района Нарынской области;36;322;272;594;224;201;425;589;822;1411;492;726;1218
Нарынская обл.;4170400000000000;Жумгальский р-н;41704230000000000;441511;ЦОВП Жумгальского района Нарынской области;Центр общеврачебной практики Жумгальского района Нарынской области;37;364;264;628;249;191;440;529;938;1467;398;796;1194
Нарынская обл.;4170400000000000;Жумгальский р-н;41704230000000000;441511;ЦОВП Жумгальского района Нарынской области;Центр общеврачебной практики Жумгальского района Нарынской области;38;301;258;559;195;187;382;370;634;1004;279;543;822
Нарынская обл.;4170400000000000;Жумгальский р-н;41704230000000000;441511;ЦОВП Жумгальского района Нарынской области;Центр общеврачебной практики Жумгальского района Нарынской области;39;250;232;482;159;169;328;420;579;999;329;505;834
Нарынская обл.;4170400000000000;Жумгальский р-н;41704230000000000;441511;ЦОВП Жумгальского района Нарынской области;Центр общеврачебной практики Жумгальского района Нарынской области;40;260;243;503;178;188;366;460;670;1130;366;579;945
Нарынская обл.;4170400000000000;Жумгальский р-н;41704230000000000;441511;ЦОВП Жумгальского района Нарынской области;Центр общеврачебной практики Жумгальского района Нарынской области;41;274;236;510;184;176;360;375;606;981;299;557;856
Нарынская обл.;4170400000000000;Жумгальский р-н;41704230000000000;441511;ЦОВП Жумгальского района Нарынской области;Центр общеврачебной практики Жумгальского района Нарынской области;42;247;227;474;169;168;337;460;598;1058;343;524;867
Нарынская обл.;4170400000000000;Жумгальский р-н;41704230000000000;441511;ЦОВП Жумгальского района Нарынской области;Центр общеврачебной практики Жумгальского района Нарынской области;43;239;212;451;161;151;312;333;615;948;270;504;774
Нарынская обл.;4170400000000000;Жумгальский р-н;41704230000000000;441511;ЦОВП Жумгальского района Нарынской области;Центр общеврачебной практики Жумгальского района Нарынской области;44;253;246;499;177;178;355;365;530;895;300;449;749
Нарынская обл.;4170400000000000;Жумгальский р-н;41704230000000000;441511;ЦОВП Жумгальского района Нарынской области;Центр общеврачебной практики Жумгальского района Нарынской области;45;247;254;501;165;194;359;404;687;1091;318;602;920
Нарынская обл.;4170400000000000;Жумгальский р-н;41704230000000000;441511;ЦОВП Жумгальского района Нарынской области;Центр общеврачебной практики Жумгальского района Нарынской области;46;228;226;454;142;162;304;417;597;1014;298;500;798
Нарынская обл.;4170400000000000;Жумгальский р-н;41704230000000000;441511;ЦОВП Жумгальского района Нарынской области;Центр общеврачебной практики Жумгальского района Нарынской области;47;252;244;496;164;182;346;465;637;1102;368;557;925
Нарынская обл.;4170400000000000;Жумгальский р-н;41704230000000000;441511;ЦОВП Жумгальского района Нарынской области;Центр общеврачебной практики Жумгальского района Нарынской области;48;261;228;489;179;174;353;477;515;992;363;466;829
Нарынская обл.;4170400000000000;Жумгальский р-н;41704230000000000;441511;ЦОВП Жумгальского района Нарынской области;Центр общеврачебной практики Жумгальского района Нарынской области;49;248;184;432;155;143;298;397;503;900;296;436;732
Нарынская обл.;4170400000000000;Жумгальский р-н;41704230000000000;441511;ЦОВП Жумгальского района Нарынской области;Центр общеврачебной практики Жумгальского района Нарынской области;50;233;182;415;152;130;282;371;517;888;280;444;724
Нарынская обл.;4170400000000000;Жумгальский р-н;41704230000000000;441511;ЦОВП Жумгальского района Нарынской области;Центр общеврачебной практики Жумгальского района Нарынской области;51;207;221;428;143;174;317;352;638;990;288;598;886
Нарынская обл.;4170400000000000;Жумгальский р-н;41704230000000000;441511;ЦОВП Жумгальского района Нарынской области;Центр общеврачебной практики Жумгальского района Нарынской области;52;210;171;381;145;139;284;404;469;873;320;422;742
Нарынская обл.;4170400000000000;Жумгальский р-н;41704230000000000;441511;ЦОВП Жумгальского района Нарынской области;Центр общеврачебной практики Жумгальского района Нарынской области;53;218;189;407;143;152;295;365;478;843;280;434;714
Нарынская обл.;4170400000000000;Жумгальский р-н;41704230000000000;441511;ЦОВП Жумгальского района Нарынской области;Центр общеврачебной практики Жумгальского района Нарынской области;54;213;163;376;156;138;294;314;454;768;291;396;687
Нарынская обл.;4170400000000000;Жумгальский р-н;41704230000000000;441511;ЦОВП Жумгальского района Нарынской области;Центр общеврачебной практики Жумгальского района Нарынской области;55;194;172;366;151;150;301;304;498;802;261;435;696
Нарынская обл.;4170400000000000;Жумгальский р-н;41704230000000000;441511;ЦОВП Жумгальского района Нарынской области;Центр общеврачебной практики Жумгальского района Нарынской области;56;189;163;352;142;152;294;459;496;955;431;488;919
Нарынская обл.;4170400000000000;Жумгальский р-н;41704230000000000;441511;ЦОВП Жумгальского района Нарынской области;Центр общеврачебной практики Жумгальского района Нарынской области;57;185;186;371;165;175;340;317;467;784;296;442;738
Нарынская обл.;4170400000000000;Жумгальский р-н;41704230000000000;441511;ЦОВП Жумгальского района Нарынской области;Центр общеврачебной практики Жумгальского района Нарынской области;58;179;180;359;157;167;324;398;559;957;342;541;883
Нарынская обл.;4170400000000000;Жумгальский р-н;41704230000000000;441511;ЦОВП Жумгальского района Нарынской области;Центр общеврачебной практики Жумгальского района Нарынской области;59;176;185;361;150;175;325;233;419;652;228;409;637
Нарынская обл.;4170400000000000;Жумгальский р-н;41704230000000000;441511;ЦОВП Жумгальского района Нарынской области;Центр общеврачебной практики Жумгальского района Нарынской области;60;160;186;346;147;178;325;281;493;774;266;484;750
Нарынская обл.;4170400000000000;Жумгальский р-н;41704230000000000;441511;ЦОВП Жумгальского района Нарынской области;Центр общеврачебной практики Жумгальского района Нарынской области;61;163;170;333;154;168;322;334;550;884;306;535;841
Нарынская обл.;4170400000000000;Жумгальский р-н;41704230000000000;441511;ЦОВП Жумгальского района Нарынской области;Центр общеврачебной практики Жумгальского района Нарынской области;62;178;195;373;165;192;357;291;449;740;285;446;731
Нарынская обл.;4170400000000000;Жумгальский р-н;41704230000000000;441511;ЦОВП Жумгальского района Нарынской области;Центр общеврачебной практики Жумгальского района Нарынской области;63;156;185;341;148;178;326;230;426;656;229;411;640
Нарынская обл.;4170400000000000;Жумгальский р-н;41704230000000000;441511;ЦОВП Жумгальского района Нарынской области;Центр общеврачебной практики Жумгальского района Нарынской области;64;163;168;331;158;164;322;275;447;722;265;443;708
Нарынская обл.;4170400000000000;Жумгальский р-н;41704230000000000;441511;ЦОВП Жумгальского района Нарынской области;Центр общеврачебной практики Жумгальского района Нарынской области;65;138;157;295;129;155;284;260;431;691;236;417;653
Нарынская обл.;4170400000000000;Жумгальский р-н;41704230000000000;441511;ЦОВП Жумгальского района Нарынской области;Центр общеврачебной практики Жумгальского района Нарынской области;66;127;163;290;123;161;284;209;340;549;207;337;544
Нарынская обл.;4170400000000000;Жумгальский р-н;41704230000000000;441511;ЦОВП Жумгальского района Нарынской области;Центр общеврачебной практики Жумгальского района Нарынской области;67;121;136;257;121;134;255;185;342;527;185;330;515
Нарынская обл.;4170400000000000;Жумгальский р-н;41704230000000000;441511;ЦОВП Жумгальского района Нарынской области;Центр общеврачебной практики Жумгальского района Нарынской области;68;87;146;233;86;145;231;202;312;514;198;311;509
Нарынская обл.;4170400000000000;Жумгальский р-н;41704230000000000;441511;ЦОВП Жумгальского района Нарынской области;Центр общеврачебной практики Жумгальского района Нарынской области;69;79;133;212;77;132;209;166;296;462;160;296;456
Нарынская обл.;4170400000000000;Жумгальский р-н;41704230000000000;441511;ЦОВП Жумгальского района Нарынской области;Центр общеврачебной практики Жумгальского района Нарынской области;70;96;140;236;95;138;233;222;257;479;220;256;476
Нарынская обл.;4170400000000000;Жумгальский р-н;41704230000000000;441511;ЦОВП Жумгальского района Нарынской области;Центр общеврачебной практики Жумгальского района Нарынской области;71;79;116;195;78;113;191;132;241;373;132;240;372
Нарынская обл.;4170400000000000;Жумгальский р-н;41704230000000000;441511;ЦОВП Жумгальского района Нарынской области;Центр общеврачебной практики Жумгальского района Нарынской области;72;61;98;159;60;97;157;115;248;363;115;238;353
Нарынская обл.;4170400000000000;Жумгальский р-н;41704230000000000;441511;ЦОВП Жумгальского района Нарынской области;Центр общеврачебной практики Жумгальского района Нарынской области;73;62;92;154;61;91;152;119;328;447;116;324;440
Нарынская обл.;4170400000000000;Жумгальский р-н;41704230000000000;441511;ЦОВП Жумгальского района Нарынской области;Центр общеврачебной практики Жумгальского района Нарынской области;74;63;104;167;63;101;164;98;198;296;98;193;291
Нарынская обл.;4170400000000000;Жумгальский р-н;41704230000000000;441511;ЦОВП Жумгальского района Нарынской области;Центр общеврачебной практики Жумгальского района Нарынской области;75;44;67;111;44;67;111;74;94;168;74;93;167
Нарынская обл.;4170400000000000;Жумгальский р-н;41704230000000000;441511;ЦОВП Жумгальского района Нарынской области;Центр общеврачебной практики Жумгальского района Нарынской области;76;38;58;96;38;57;95;76;108;184;76;104;180
Нарынская обл.;4170400000000000;Жумгальский р-н;41704230000000000;441511;ЦОВП Жумгальского района Нарынской области;Центр общеврачебной практики Жумгальского района Нарынской области;77;48;62;110;47;59;106;67;65;132;66;65;131
Нарынская обл.;4170400000000000;Жумгальский р-н;41704230000000000;441511;ЦОВП Жумгальского района Нарынской области;Центр общеврачебной практики Жумгальского района Нарынской области;78;16;32;48;16;32;48;15;68;83;15;68;83
Нарынская обл.;4170400000000000;Жумгальский р-н;41704230000000000;441511;ЦОВП Жумгальского района Нарынской области;Центр общеврачебной практики Жумгальского района Нарынской области;79;9;26;35;9;26;35;3;68;71;3;68;71
Нарынская обл.;4170400000000000;Жумгальский р-н;41704230000000000;441511;ЦОВП Жумгальского района Нарынской области;Центр общеврачебной практики Жумгальского района Нарынской области;80;6;33;39;6;33;39;12;26;38;12;26;38
Нарынская обл.;4170400000000000;Жумгальский р-н;41704230000000000;441511;ЦОВП Жумгальского района Нарынской области;Центр общеврачебной практики Жумгальского района Нарынской области;81;7;16;23;7;15;22;16;36;52;16;34;50
Нарынская обл.;4170400000000000;Жумгальский р-н;41704230000000000;441511;ЦОВП Жумгальского района Нарынской области;Центр общеврачебной практики Жумгальского района Нарынской области;82;24;55;79;23;53;76;44;54;98;44;50;94
Нарынская обл.;4170400000000000;Жумгальский р-н;41704230000000000;441511;ЦОВП Жумгальского района Нарынской области;Центр общеврачебной практики Жумгальского района Нарынской области;83;17;34;51;17;34;51;23;60;83;20;60;80
Нарынская обл.;4170400000000000;Жумгальский р-н;41704230000000000;441511;ЦОВП Жумгальского района Нарынской области;Центр общеврачебной практики Жумгальского района Нарынской области;84;22;53;75;22;52;74;43;57;100;42;55;97
Нарынская обл.;4170400000000000;Жумгальский р-н;41704230000000000;441511;ЦОВП Жумгальского района Нарынской области;Центр общеврачебной практики Жумгальского района Нарынской области;85;14;41;55;14;41;55;7;20;27;7;20;27
Нарынская обл.;4170400000000000;Жумгальский р-н;41704230000000000;441511;ЦОВП Жумгальского района Нарынской области;Центр общеврачебной практики Жумгальского района Нарынской области;86;14;43;57;14;43;57;3;21;24;3;21;24
Нарынская обл.;4170400000000000;Жумгальский р-н;41704230000000000;441511;ЦОВП Жумгальского района Нарынской области;Центр общеврачебной практики Жумгальского района Нарынской области;87;9;26;35;8;26;34;13;41;54;11;41;52
Нарынская обл.;4170400000000000;Жумгальский р-н;41704230000000000;441511;ЦОВП Жумгальского района Нарынской области;Центр общеврачебной практики Жумгальского района Нарынской области;88;16;27;43;16;27;43;18;29;47;18;28;46
Нарынская обл.;4170400000000000;Жумгальский р-н;41704230000000000;441511;ЦОВП Жумгальского района Нарынской области;Центр общеврачебной практики Жумгальского района Нарынской области;89;12;21;33;11;20;31;8;7;15;8;7;15
Нарынская обл.;4170400000000000;Жумгальский р-н;41704230000000000;441511;ЦОВП Жумгальского района Нарынской области;Центр общеврачебной практики Жумгальского района Нарынской области;90;7;14;21;7;14;21;4;7;11;4;7;11
Нарынская обл.;4170400000000000;Жумгальский р-н;41704230000000000;441511;ЦОВП Жумгальского района Нарынской области;Центр общеврачебной практики Жумгальского района Нарынской области;91;11;17;28;11;17;28;6;28;34;6;28;34
Нарынская обл.;4170400000000000;Жумгальский р-н;41704230000000000;441511;ЦОВП Жумгальского района Нарынской области;Центр общеврачебной практики Жумгальского района Нарынской области;92;7;27;34;7;26;33;1;31;32;1;31;32
Нарынская обл.;4170400000000000;Жумгальский р-н;41704230000000000;441511;ЦОВП Жумгальского района Нарынской области;Центр общеврачебной практики Жумгальского района Нарынской области;93;3;17;20;3;17;20;1;11;12;1;9;10
Нарынская обл.;4170400000000000;Жумгальский р-н;41704230000000000;441511;ЦОВП Жумгальского района Нарынской области;Центр общеврачебной практики Жумгальского района Нарынской области;94;2;18;20;2;17;19;0;13;13;0;13;13
Нарынская обл.;4170400000000000;Жумгальский р-н;41704230000000000;441511;ЦОВП Жумгальского района Нарынской области;Центр общеврачебной практики Жумгальского района Нарынской области;95;3;3;6;2;3;5;5;0;5;5;0;5
Нарынская обл.;4170400000000000;Жумгальский р-н;41704230000000000;441511;ЦОВП Жумгальского района Нарынской области;Центр общеврачебной практики Жумгальского района Нарынской области;96;1;2;3;1;2;3;4;0;4;4;0;4
Иссык-Кульская обл.;4170200000000000;Иссык-Кульский р-н;41702215000000000;241471;ЦОВП ИССЫК-КУЛЬСКОГО РАЙОНА;ЦЕНТР ОБЩЕВРАЧЕБНОЙ ИССЫК-КУЛЬСКОГО РАЙОНА;0;503;560;1063;503;560;1063;1989;1883;3872;1989;1883;3872
Иссык-Кульская обл.;4170200000000000;Иссык-Кульский р-н;41702215000000000;241471;ЦОВП ИССЫК-КУЛЬСКОГО РАЙОНА;ЦЕНТР ОБЩЕВРАЧЕБНОЙ ИССЫК-КУЛЬСКОГО РАЙОНА;1;733;708;1441;733;708;1441;787;602;1389;787;602;1389
Иссык-Кульская обл.;4170200000000000;Иссык-Кульский р-н;41702215000000000;241471;ЦОВП ИССЫК-КУЛЬСКОГО РАЙОНА;ЦЕНТР ОБЩЕВРАЧЕБНОЙ ИССЫК-КУЛЬСКОГО РАЙОНА;2;797;720;1517;797;720;1517;656;572;1228;656;572;1228
Иссык-Кульская обл.;4170200000000000;Иссык-Кульский р-н;41702215000000000;241471;ЦОВП ИССЫК-КУЛЬСКОГО РАЙОНА;ЦЕНТР ОБЩЕВРАЧЕБНОЙ ИССЫК-КУЛЬСКОГО РАЙОНА;3;842;799;1641;842;799;1641;586;564;1150;586;564;1150
Иссык-Кульская обл.;4170200000000000;Иссык-Кульский р-н;41702215000000000;241471;ЦОВП ИССЫК-КУЛЬСКОГО РАЙОНА;ЦЕНТР ОБЩЕВРАЧЕБНОЙ ИССЫК-КУЛЬСКОГО РАЙОНА;4;816;846;1662;816;846;1662;438;494;932;438;494;932
Иссык-Кульская обл.;4170200000000000;Иссык-Кульский р-н;41702215000000000;241471;ЦОВП ИССЫК-КУЛЬСКОГО РАЙОНА;ЦЕНТР ОБЩЕВРАЧЕБНОЙ ИССЫК-КУЛЬСКОГО РАЙОНА;5;855;855;1710;855;855;1710;417;397;814;417;397;814
Иссык-Кульская обл.;4170200000000000;Иссык-Кульский р-н;41702215000000000;241471;ЦОВП ИССЫК-КУЛЬСКОГО РАЙОНА;ЦЕНТР ОБЩЕВРАЧЕБНОЙ ИССЫК-КУЛЬСКОГО РАЙОНА;6;841;1003;1844;841;1003;1844;478;445;923;478;445;923
Иссык-Кульская обл.;4170200000000000;Иссык-Кульский р-н;41702215000000000;241471;ЦОВП ИССЫК-КУЛЬСКОГО РАЙОНА;ЦЕНТР ОБЩЕВРАЧЕБНОЙ ИССЫК-КУЛЬСКОГО РАЙОНА;7;896;954;1850;896;954;1850;257;273;530;257;273;530
Иссык-Кульская обл.;4170200000000000;Иссык-Кульский р-н;41702215000000000;241471;ЦОВП ИССЫК-КУЛЬСКОГО РАЙОНА;ЦЕНТР ОБЩЕВРАЧЕБНОЙ ИССЫК-КУЛЬСКОГО РАЙОНА;8;935;1018;1953;935;1018;1953;194;187;381;194;187;381
Иссык-Кульская обл.;4170200000000000;Иссык-Кульский р-н;41702215000000000;241471;ЦОВП ИССЫК-КУЛЬСКОГО РАЙОНА;ЦЕНТР ОБЩЕВРАЧЕБНОЙ ИССЫК-КУЛЬСКОГО РАЙОНА;9;882;1017;1899;882;1017;1899;182;152;334;182;152;334
Иссык-Кульская обл.;4170200000000000;Иссык-Кульский р-н;41702215000000000;241471;ЦОВП ИССЫК-КУЛЬСКОГО РАЙОНА;ЦЕНТР ОБЩЕВРАЧЕБНОЙ ИССЫК-КУЛЬСКОГО РАЙОНА;10;840;1006;1846;840;1006;1846;166;157;323;166;157;323
Иссык-Кульская обл.;4170200000000000;Иссык-Кульский р-н;41702215000000000;241471;ЦОВП ИССЫК-КУЛЬСКОГО РАЙОНА;ЦЕНТР ОБЩЕВРАЧЕБНОЙ ИССЫК-КУЛЬСКОГО РАЙОНА;11;825;1113;1938;825;1113;1938;169;166;335;169;166;335
Иссык-Кульская обл.;4170200000000000;Иссык-Кульский р-н;41702215000000000;241471;ЦОВП ИССЫК-КУЛЬСКОГО РАЙОНА;ЦЕНТР ОБЩЕВРАЧЕБНОЙ ИССЫК-КУЛЬСКОГО РАЙОНА;12;788;1111;1899;788;1111;1899;165;201;366;165;201;366
Иссык-Кульская обл.;4170200000000000;Иссык-Кульский р-н;41702215000000000;241471;ЦОВП ИССЫК-КУЛЬСКОГО РАЙОНА;ЦЕНТР ОБЩЕВРАЧЕБНОЙ ИССЫК-КУЛЬСКОГО РАЙОНА;13;835;1056;1891;835;1056;1891;267;195;462;267;195;462
Иссык-Кульская обл.;4170200000000000;Иссык-Кульский р-н;41702215000000000;241471;ЦОВП ИССЫК-КУЛЬСКОГО РАЙОНА;ЦЕНТР ОБЩЕВРАЧЕБНОЙ ИССЫК-КУЛЬСКОГО РАЙОНА;14;799;1089;1888;799;1089;1888;252;253;505;252;253;505
Иссык-Кульская обл.;4170200000000000;Иссык-Кульский р-н;41702215000000000;241471;ЦОВП ИССЫК-КУЛЬСКОГО РАЙОНА;ЦЕНТР ОБЩЕВРАЧЕБНОЙ ИССЫК-КУЛЬСКОГО РАЙОНА;15;912;1006;1918;912;1006;1918;428;303;731;428;303;731
Иссык-Кульская обл.;4170200000000000;Иссык-Кульский р-н;41702215000000000;241471;ЦОВП ИССЫК-КУЛЬСКОГО РАЙОНА;ЦЕНТР ОБЩЕВРАЧЕБНОЙ ИССЫК-КУЛЬСКОГО РАЙОНА;16;862;1023;1885;862;1023;1885;491;281;772;485;273;758
Иссык-Кульская обл.;4170200000000000;Иссык-Кульский р-н;41702215000000000;241471;ЦОВП ИССЫК-КУЛЬСКОГО РАЙОНА;ЦЕНТР ОБЩЕВРАЧЕБНОЙ ИССЫК-КУЛЬСКОГО РАЙОНА;17;771;859;1630;707;810;1517;463;625;1088;406;570;976
Иссык-Кульская обл.;4170200000000000;Иссык-Кульский р-н;41702215000000000;241471;ЦОВП ИССЫК-КУЛЬСКОГО РАЙОНА;ЦЕНТР ОБЩЕВРАЧЕБНОЙ ИССЫК-КУЛЬСКОГО РАЙОНА;18;708;784;1492;628;732;1360;688;955;1643;579;749;1328
Иссык-Кульская обл.;4170200000000000;Иссык-Кульский р-н;41702215000000000;241471;ЦОВП ИССЫК-КУЛЬСКОГО РАЙОНА;ЦЕНТР ОБЩЕВРАЧЕБНОЙ ИССЫК-КУЛЬСКОГО РАЙОНА;19;627;805;1432;295;470;765;404;745;1149;119;218;337
Иссык-Кульская обл.;4170200000000000;Иссык-Кульский р-н;41702215000000000;241471;ЦОВП ИССЫК-КУЛЬСКОГО РАЙОНА;ЦЕНТР ОБЩЕВРАЧЕБНОЙ ИССЫК-КУЛЬСКОГО РАЙОНА;20;577;794;1371;66;321;387;256;584;840;23;231;254
Иссык-Кульская обл.;4170200000000000;Иссык-Кульский р-н;41702215000000000;241471;ЦОВП ИССЫК-КУЛЬСКОГО РАЙОНА;ЦЕНТР ОБЩЕВРАЧЕБНОЙ ИССЫК-КУЛЬСКОГО РАЙОНА;21;607;791;1398;81;247;328;184;595;779;42;223;265
Иссык-Кульская обл.;4170200000000000;Иссык-Кульский р-н;41702215000000000;241471;ЦОВП ИССЫК-КУЛЬСКОГО РАЙОНА;ЦЕНТР ОБЩЕВРАЧЕБНОЙ ИССЫК-КУЛЬСКОГО РАЙОНА;22;536;807;1343;149;431;580;194;450;644;66;258;324
Иссык-Кульская обл.;4170200000000000;Иссык-Кульский р-н;41702215000000000;241471;ЦОВП ИССЫК-КУЛЬСКОГО РАЙОНА;ЦЕНТР ОБЩЕВРАЧЕБНОЙ ИССЫК-КУЛЬСКОГО РАЙОНА;23;496;696;1192;140;434;574;123;365;488;34;182;216
Иссык-Кульская обл.;4170200000000000;Иссык-Кульский р-н;41702215000000000;241471;ЦОВП ИССЫК-КУЛЬСКОГО РАЙОНА;ЦЕНТР ОБЩЕВРАЧЕБНОЙ ИССЫК-КУЛЬСКОГО РАЙОНА;24;501;799;1300;127;345;472;119;427;546;28;246;274
Иссык-Кульская обл.;4170200000000000;Иссык-Кульский р-н;41702215000000000;241471;ЦОВП ИССЫК-КУЛЬСКОГО РАЙОНА;ЦЕНТР ОБЩЕВРАЧЕБНОЙ ИССЫК-КУЛЬСКОГО РАЙОНА;25;485;829;1314;140;200;340;147;505;652;56;310;366
Иссык-Кульская обл.;4170200000000000;Иссык-Кульский р-н;41702215000000000;241471;ЦОВП ИССЫК-КУЛЬСКОГО РАЙОНА;ЦЕНТР ОБЩЕВРАЧЕБНОЙ ИССЫК-КУЛЬСКОГО РАЙОНА;26;524;767;1291;162;204;366;124;415;539;37;241;278
Иссык-Кульская обл.;4170200000000000;Иссык-Кульский р-н;41702215000000000;241471;ЦОВП ИССЫК-КУЛЬСКОГО РАЙОНА;ЦЕНТР ОБЩЕВРАЧЕБНОЙ ИССЫК-КУЛЬСКОГО РАЙОНА;27;505;689;1194;195;216;411;116;346;462;48;214;262
Иссык-Кульская обл.;4170200000000000;Иссык-Кульский р-н;41702215000000000;241471;ЦОВП ИССЫК-КУЛЬСКОГО РАЙОНА;ЦЕНТР ОБЩЕВРАЧЕБНОЙ ИССЫК-КУЛЬСКОГО РАЙОНА;28;532;721;1253;211;276;487;130;474;604;58;336;394
Иссык-Кульская обл.;4170200000000000;Иссык-Кульский р-н;41702215000000000;241471;ЦОВП ИССЫК-КУЛЬСКОГО РАЙОНА;ЦЕНТР ОБЩЕВРАЧЕБНОЙ ИССЫК-КУЛЬСКОГО РАЙОНА;29;563;780;1343;233;305;538;132;485;617;59;363;422
Иссык-Кульская обл.;4170200000000000;Иссык-Кульский р-н;41702215000000000;241471;ЦОВП ИССЫК-КУЛЬСКОГО РАЙОНА;ЦЕНТР ОБЩЕВРАЧЕБНОЙ ИССЫК-КУЛЬСКОГО РАЙОНА;30;543;741;1284;282;329;611;156;547;703;94;435;529
Иссык-Кульская обл.;4170200000000000;Иссык-Кульский р-н;41702215000000000;241471;ЦОВП ИССЫК-КУЛЬСКОГО РАЙОНА;ЦЕНТР ОБЩЕВРАЧЕБНОЙ ИССЫК-КУЛЬСКОГО РАЙОНА;31;600;754;1354;341;340;681;187;471;658;123;360;483
Иссык-Кульская обл.;4170200000000000;Иссык-Кульский р-н;41702215000000000;241471;ЦОВП ИССЫК-КУЛЬСКОГО РАЙОНА;ЦЕНТР ОБЩЕВРАЧЕБНОЙ ИССЫК-КУЛЬСКОГО РАЙОНА;32;599;750;1349;386;355;741;199;444;643;135;351;486
Иссык-Кульская обл.;4170200000000000;Иссык-Кульский р-н;41702215000000000;241471;ЦОВП ИССЫК-КУЛЬСКОГО РАЙОНА;ЦЕНТР ОБЩЕВРАЧЕБНОЙ ИССЫК-КУЛЬСКОГО РАЙОНА;33;687;748;1435;406;369;775;167;458;625;103;317;420
Иссык-Кульская обл.;4170200000000000;Иссык-Кульский р-н;41702215000000000;241471;ЦОВП ИССЫК-КУЛЬСКОГО РАЙОНА;ЦЕНТР ОБЩЕВРАЧЕБНОЙ ИССЫК-КУЛЬСКОГО РАЙОНА;34;611;686;1297;382;331;713;160;438;598;107;331;438
Иссык-Кульская обл.;4170200000000000;Иссык-Кульский р-н;41702215000000000;241471;ЦОВП ИССЫК-КУЛЬСКОГО РАЙОНА;ЦЕНТР ОБЩЕВРАЧЕБНОЙ ИССЫК-КУЛЬСКОГО РАЙОНА;35;644;628;1272;418;358;776;148;435;583;111;353;464
Иссык-Кульская обл.;4170200000000000;Иссык-Кульский р-н;41702215000000000;241471;ЦОВП ИССЫК-КУЛЬСКОГО РАЙОНА;ЦЕНТР ОБЩЕВРАЧЕБНОЙ ИССЫК-КУЛЬСКОГО РАЙОНА;36;593;601;1194;349;344;693;146;472;618;99;366;465
Иссык-Кульская обл.;4170200000000000;Иссык-Кульский р-н;41702215000000000;241471;ЦОВП ИССЫК-КУЛЬСКОГО РАЙОНА;ЦЕНТР ОБЩЕВРАЧЕБНОЙ ИССЫК-КУЛЬСКОГО РАЙОНА;37;620;661;1281;361;400;761;153;397;550;99;294;393
Иссык-Кульская обл.;4170200000000000;Иссык-Кульский р-н;41702215000000000;241471;ЦОВП ИССЫК-КУЛЬСКОГО РАЙОНА;ЦЕНТР ОБЩЕВРАЧЕБНОЙ ИССЫК-КУЛЬСКОГО РАЙОНА;38;615;624;1239;360;354;714;152;385;537;104;308;412
Иссык-Кульская обл.;4170200000000000;Иссык-Кульский р-н;41702215000000000;241471;ЦОВП ИССЫК-КУЛЬСКОГО РАЙОНА;ЦЕНТР ОБЩЕВРАЧЕБНОЙ ИССЫК-КУЛЬСКОГО РАЙОНА;39;528;535;1063;317;321;638;145;291;436;103;204;307
Иссык-Кульская обл.;4170200000000000;Иссык-Кульский р-н;41702215000000000;241471;ЦОВП ИССЫК-КУЛЬСКОГО РАЙОНА;ЦЕНТР ОБЩЕВРАЧЕБНОЙ ИССЫК-КУЛЬСКОГО РАЙОНА;40;492;565;1057;289;357;646;145;348;493;84;250;334
Иссык-Кульская обл.;4170200000000000;Иссык-Кульский р-н;41702215000000000;241471;ЦОВП ИССЫК-КУЛЬСКОГО РАЙОНА;ЦЕНТР ОБЩЕВРАЧЕБНОЙ ИССЫК-КУЛЬСКОГО РАЙОНА;41;497;499;996;300;301;601;115;308;423;68;248;316
Иссык-Кульская обл.;4170200000000000;Иссык-Кульский р-н;41702215000000000;241471;ЦОВП ИССЫК-КУЛЬСКОГО РАЙОНА;ЦЕНТР ОБЩЕВРАЧЕБНОЙ ИССЫК-КУЛЬСКОГО РАЙОНА;42;512;538;1050;321;336;657;133;311;444;108;249;357
Иссык-Кульская обл.;4170200000000000;Иссык-Кульский р-н;41702215000000000;241471;ЦОВП ИССЫК-КУЛЬСКОГО РАЙОНА;ЦЕНТР ОБЩЕВРАЧЕБНОЙ ИССЫК-КУЛЬСКОГО РАЙОНА;43;476;489;965;296;302;598;138;268;406;95;196;291
Иссык-Кульская обл.;4170200000000000;Иссык-Кульский р-н;41702215000000000;241471;ЦОВП ИССЫК-КУЛЬСКОГО РАЙОНА;ЦЕНТР ОБЩЕВРАЧЕБНОЙ ИССЫК-КУЛЬСКОГО РАЙОНА;44;397;490;887;233;308;541;103;268;371;73;199;272
Иссык-Кульская обл.;4170200000000000;Иссык-Кульский р-н;41702215000000000;241471;ЦОВП ИССЫК-КУЛЬСКОГО РАЙОНА;ЦЕНТР ОБЩЕВРАЧЕБНОЙ ИССЫК-КУЛЬСКОГО РАЙОНА;45;441;490;931;256;280;536;98;287;385;67;217;284
Иссык-Кульская обл.;4170200000000000;Иссык-Кульский р-н;41702215000000000;241471;ЦОВП ИССЫК-КУЛЬСКОГО РАЙОНА;ЦЕНТР ОБЩЕВРАЧЕБНОЙ ИССЫК-КУЛЬСКОГО РАЙОНА;46;433;492;925;240;290;530;109;313;422;79;227;306
Иссык-Кульская обл.;4170200000000000;Иссык-Кульский р-н;41702215000000000;241471;ЦОВП ИССЫК-КУЛЬСКОГО РАЙОНА;ЦЕНТР ОБЩЕВРАЧЕБНОЙ ИССЫК-КУЛЬСКОГО РАЙОНА;47;386;466;852;241;288;529;136;278;414;104;224;328
Иссык-Кульская обл.;4170200000000000;Иссык-Кульский р-н;41702215000000000;241471;ЦОВП ИССЫК-КУЛЬСКОГО РАЙОНА;ЦЕНТР ОБЩЕВРАЧЕБНОЙ ИССЫК-КУЛЬСКОГО РАЙОНА;48;407;529;936;241;319;560;102;294;396;66;227;293
Иссык-Кульская обл.;4170200000000000;Иссык-Кульский р-н;41702215000000000;241471;ЦОВП ИССЫК-КУЛЬСКОГО РАЙОНА;ЦЕНТР ОБЩЕВРАЧЕБНОЙ ИССЫК-КУЛЬСКОГО РАЙОНА;49;418;462;880;236;261;497;92;236;328;56;166;222
Иссык-Кульская обл.;4170200000000000;Иссык-Кульский р-н;41702215000000000;241471;ЦОВП ИССЫК-КУЛЬСКОГО РАЙОНА;ЦЕНТР ОБЩЕВРАЧЕБНОЙ ИССЫК-КУЛЬСКОГО РАЙОНА;50;466;494;960;269;308;577;147;249;396;90;202;292
Иссык-Кульская обл.;4170200000000000;Иссык-Кульский р-н;41702215000000000;241471;ЦОВП ИССЫК-КУЛЬСКОГО РАЙОНА;ЦЕНТР ОБЩЕВРАЧЕБНОЙ ИССЫК-КУЛЬСКОГО РАЙОНА;51;396;508;904;224;314;538;114;319;433;80;259;339
Иссык-Кульская обл.;4170200000000000;Иссык-Кульский р-н;41702215000000000;241471;ЦОВП ИССЫК-КУЛЬСКОГО РАЙОНА;ЦЕНТР ОБЩЕВРАЧЕБНОЙ ИССЫК-КУЛЬСКОГО РАЙОНА;52;363;489;852;204;299;503;159;260;419;91;185;276
Иссык-Кульская обл.;4170200000000000;Иссык-Кульский р-н;41702215000000000;241471;ЦОВП ИССЫК-КУЛЬСКОГО РАЙОНА;ЦЕНТР ОБЩЕВРАЧЕБНОЙ ИССЫК-КУЛЬСКОГО РАЙОНА;53;410;453;863;249;277;526;106;241;347;79;165;244
Иссык-Кульская обл.;4170200000000000;Иссык-Кульский р-н;41702215000000000;241471;ЦОВП ИССЫК-КУЛЬСКОГО РАЙОНА;ЦЕНТР ОБЩЕВРАЧЕБНОЙ ИССЫК-КУЛЬСКОГО РАЙОНА;54;398;441;839;231;272;503;146;311;457;112;236;348
Иссык-Кульская обл.;4170200000000000;Иссык-Кульский р-н;41702215000000000;241471;ЦОВП ИССЫК-КУЛЬСКОГО РАЙОНА;ЦЕНТР ОБЩЕВРАЧЕБНОЙ ИССЫК-КУЛЬСКОГО РАЙОНА;55;381;452;833;238;281;519;162;323;485;107;237;344
Иссык-Кульская обл.;4170200000000000;Иссык-Кульский р-н;41702215000000000;241471;ЦОВП ИССЫК-КУЛЬСКОГО РАЙОНА;ЦЕНТР ОБЩЕВРАЧЕБНОЙ ИССЫК-КУЛЬСКОГО РАЙОНА;56;371;500;871;247;297;544;137;315;452;105;255;360
Иссык-Кульская обл.;4170200000000000;Иссык-Кульский р-н;41702215000000000;241471;ЦОВП ИССЫК-КУЛЬСКОГО РАЙОНА;ЦЕНТР ОБЩЕВРАЧЕБНОЙ ИССЫК-КУЛЬСКОГО РАЙОНА;57;338;497;835;221;355;576;139;291;430;107;241;348
Иссык-Кульская обл.;4170200000000000;Иссык-Кульский р-н;41702215000000000;241471;ЦОВП ИССЫК-КУЛЬСКОГО РАЙОНА;ЦЕНТР ОБЩЕВРАЧЕБНОЙ ИССЫК-КУЛЬСКОГО РАЙОНА;58;366;441;807;224;307;531;174;288;462;124;242;366
Иссык-Кульская обл.;4170200000000000;Иссык-Кульский р-н;41702215000000000;241471;ЦОВП ИССЫК-КУЛЬСКОГО РАЙОНА;ЦЕНТР ОБЩЕВРАЧЕБНОЙ ИССЫК-КУЛЬСКОГО РАЙОНА;59;377;463;840;234;324;558;172;292;464;133;259;392
Иссык-Кульская обл.;4170200000000000;Иссык-Кульский р-н;41702215000000000;241471;ЦОВП ИССЫК-КУЛЬСКОГО РАЙОНА;ЦЕНТР ОБЩЕВРАЧЕБНОЙ ИССЫК-КУЛЬСКОГО РАЙОНА;60;373;451;824;241;327;568;160;252;412;113;225;338
Иссык-Кульская обл.;4170200000000000;Иссык-Кульский р-н;41702215000000000;241471;ЦОВП ИССЫК-КУЛЬСКОГО РАЙОНА;ЦЕНТР ОБЩЕВРАЧЕБНОЙ ИССЫК-КУЛЬСКОГО РАЙОНА;61;343;506;849;226;383;609;146;298;444;123;243;366
Иссык-Кульская обл.;4170200000000000;Иссык-Кульский р-н;41702215000000000;241471;ЦОВП ИССЫК-КУЛЬСКОГО РАЙОНА;ЦЕНТР ОБЩЕВРАЧЕБНОЙ ИССЫК-КУЛЬСКОГО РАЙОНА;62;383;457;840;288;346;634;131;306;437;105;277;382
Иссык-Кульская обл.;4170200000000000;Иссык-Кульский р-н;41702215000000000;241471;ЦОВП ИССЫК-КУЛЬСКОГО РАЙОНА;ЦЕНТР ОБЩЕВРАЧЕБНОЙ ИССЫК-КУЛЬСКОГО РАЙОНА;63;361;494;855;254;389;643;148;371;519;116;335;451
Иссык-Кульская обл.;4170200000000000;Иссык-Кульский р-н;41702215000000000;241471;ЦОВП ИССЫК-КУЛЬСКОГО РАЙОНА;ЦЕНТР ОБЩЕВРАЧЕБНОЙ ИССЫК-КУЛЬСКОГО РАЙОНА;64;332;489;821;254;423;677;151;262;413;133;252;385
Иссык-Кульская обл.;4170200000000000;Иссык-Кульский р-н;41702215000000000;241471;ЦОВП ИССЫК-КУЛЬСКОГО РАЙОНА;ЦЕНТР ОБЩЕВРАЧЕБНОЙ ИССЫК-КУЛЬСКОГО РАЙОНА;65;299;404;703;249;382;631;138;270;408;127;255;382
Иссык-Кульская обл.;4170200000000000;Иссык-Кульский р-н;41702215000000000;241471;ЦОВП ИССЫК-КУЛЬСКОГО РАЙОНА;ЦЕНТР ОБЩЕВРАЧЕБНОЙ ИССЫК-КУЛЬСКОГО РАЙОНА;66;283;401;684;234;383;617;91;235;326;80;229;309
Иссык-Кульская обл.;4170200000000000;Иссык-Кульский р-н;41702215000000000;241471;ЦОВП ИССЫК-КУЛЬСКОГО РАЙОНА;ЦЕНТР ОБЩЕВРАЧЕБНОЙ ИССЫК-КУЛЬСКОГО РАЙОНА;67;277;375;652;230;352;582;114;229;343;101;193;294
Иссык-Кульская обл.;4170200000000000;Иссык-Кульский р-н;41702215000000000;241471;ЦОВП ИССЫК-КУЛЬСКОГО РАЙОНА;ЦЕНТР ОБЩЕВРАЧЕБНОЙ ИССЫК-КУЛЬСКОГО РАЙОНА;68;218;337;555;189;323;512;98;255;353;86;216;302
Иссык-Кульская обл.;4170200000000000;Иссык-Кульский р-н;41702215000000000;241471;ЦОВП ИССЫК-КУЛЬСКОГО РАЙОНА;ЦЕНТР ОБЩЕВРАЧЕБНОЙ ИССЫК-КУЛЬСКОГО РАЙОНА;69;202;323;525;175;305;480;83;242;325;76;235;311
Иссык-Кульская обл.;4170200000000000;Иссык-Кульский р-н;41702215000000000;241471;ЦОВП ИССЫК-КУЛЬСКОГО РАЙОНА;ЦЕНТР ОБЩЕВРАЧЕБНОЙ ИССЫК-КУЛЬСКОГО РАЙОНА;70;176;289;465;170;283;453;70;195;265;67;191;258
Иссык-Кульская обл.;4170200000000000;Иссык-Кульский р-н;41702215000000000;241471;ЦОВП ИССЫК-КУЛЬСКОГО РАЙОНА;ЦЕНТР ОБЩЕВРАЧЕБНОЙ ИССЫК-КУЛЬСКОГО РАЙОНА;71;161;215;376;155;212;367;55;206;261;52;198;250
Иссык-Кульская обл.;4170200000000000;Иссык-Кульский р-н;41702215000000000;241471;ЦОВП ИССЫК-КУЛЬСКОГО РАЙОНА;ЦЕНТР ОБЩЕВРАЧЕБНОЙ ИССЫК-КУЛЬСКОГО РАЙОНА;72;156;244;400;152;234;386;82;143;225;76;130;206
Иссык-Кульская обл.;4170200000000000;Иссык-Кульский р-н;41702215000000000;241471;ЦОВП ИССЫК-КУЛЬСКОГО РАЙОНА;ЦЕНТР ОБЩЕВРАЧЕБНОЙ ИССЫК-КУЛЬСКОГО РАЙОНА;73;127;220;347;123;212;335;60;175;235;58;171;229
Иссык-Кульская обл.;4170200000000000;Иссык-Кульский р-н;41702215000000000;241471;ЦОВП ИССЫК-КУЛЬСКОГО РАЙОНА;ЦЕНТР ОБЩЕВРАЧЕБНОЙ ИССЫК-КУЛЬСКОГО РАЙОНА;74;122;206;328;115;206;321;64;107;171;58;107;165
Иссык-Кульская обл.;4170200000000000;Иссык-Кульский р-н;41702215000000000;241471;ЦОВП ИССЫК-КУЛЬСКОГО РАЙОНА;ЦЕНТР ОБЩЕВРАЧЕБНОЙ ИССЫК-КУЛЬСКОГО РАЙОНА;75;103;163;266;98;159;257;45;144;189;40;140;180
Иссык-Кульская обл.;4170200000000000;Иссык-Кульский р-н;41702215000000000;241471;ЦОВП ИССЫК-КУЛЬСКОГО РАЙОНА;ЦЕНТР ОБЩЕВРАЧЕБНОЙ ИССЫК-КУЛЬСКОГО РАЙОНА;76;77;163;240;75;161;236;32;86;118;32;84;116
Иссык-Кульская обл.;4170200000000000;Иссык-Кульский р-н;41702215000000000;241471;ЦОВП ИССЫК-КУЛЬСКОГО РАЙОНА;ЦЕНТР ОБЩЕВРАЧЕБНОЙ ИССЫК-КУЛЬСКОГО РАЙОНА;77;69;128;197;69;124;193;33;106;139;33;104;137
Иссык-Кульская обл.;4170200000000000;Иссык-Кульский р-н;41702215000000000;241471;ЦОВП ИССЫК-КУЛЬСКОГО РАЙОНА;ЦЕНТР ОБЩЕВРАЧЕБНОЙ ИССЫК-КУЛЬСКОГО РАЙОНА;78;52;114;166;51;110;161;36;48;84;34;38;72
Иссык-Кульская обл.;4170200000000000;Иссык-Кульский р-н;41702215000000000;241471;ЦОВП ИССЫК-КУЛЬСКОГО РАЙОНА;ЦЕНТР ОБЩЕВРАЧЕБНОЙ ИССЫК-КУЛЬСКОГО РАЙОНА;79;28;51;79;24;50;74;19;39;58;12;36;48
Иссык-Кульская обл.;4170200000000000;Иссык-Кульский р-н;41702215000000000;241471;ЦОВП ИССЫК-КУЛЬСКОГО РАЙОНА;ЦЕНТР ОБЩЕВРАЧЕБНОЙ ИССЫК-КУЛЬСКОГО РАЙОНА;80;15;51;66;13;46;59;11;21;32;9;19;28
Иссык-Кульская обл.;4170200000000000;Иссык-Кульский р-н;41702215000000000;241471;ЦОВП ИССЫК-КУЛЬСКОГО РАЙОНА;ЦЕНТР ОБЩЕВРАЧЕБНОЙ ИССЫК-КУЛЬСКОГО РАЙОНА;81;15;42;57;15;41;56;10;20;30;10;18;28
Иссык-Кульская обл.;4170200000000000;Иссык-Кульский р-н;41702215000000000;241471;ЦОВП ИССЫК-КУЛЬСКОГО РАЙОНА;ЦЕНТР ОБЩЕВРАЧЕБНОЙ ИССЫК-КУЛЬСКОГО РАЙОНА;82;34;95;129;33;92;125;12;44;56;9;39;48
Иссык-Кульская обл.;4170200000000000;Иссык-Кульский р-н;41702215000000000;241471;ЦОВП ИССЫК-КУЛЬСКОГО РАЙОНА;ЦЕНТР ОБЩЕВРАЧЕБНОЙ ИССЫК-КУЛЬСКОГО РАЙОНА;83;38;65;103;37;65;102;15;39;54;15;39;54
Иссык-Кульская обл.;4170200000000000;Иссык-Кульский р-н;41702215000000000;241471;ЦОВП ИССЫК-КУЛЬСКОГО РАЙОНА;ЦЕНТР ОБЩЕВРАЧЕБНОЙ ИССЫК-КУЛЬСКОГО РАЙОНА;84;41;112;153;41;110;151;13;26;39;13;24;37
Иссык-Кульская обл.;4170200000000000;Иссык-Кульский р-н;41702215000000000;241471;ЦОВП ИССЫК-КУЛЬСКОГО РАЙОНА;ЦЕНТР ОБЩЕВРАЧЕБНОЙ ИССЫК-КУЛЬСКОГО РАЙОНА;85;21;105;126;21;102;123;11;32;43;11;31;42
Иссык-Кульская обл.;4170200000000000;Иссык-Кульский р-н;41702215000000000;241471;ЦОВП ИССЫК-КУЛЬСКОГО РАЙОНА;ЦЕНТР ОБЩЕВРАЧЕБНОЙ ИССЫК-КУЛЬСКОГО РАЙОНА;86;26;92;118;25;92;117;6;32;38;6;32;38
Иссык-Кульская обл.;4170200000000000;Иссык-Кульский р-н;41702215000000000;241471;ЦОВП ИССЫК-КУЛЬСКОГО РАЙОНА;ЦЕНТР ОБЩЕВРАЧЕБНОЙ ИССЫК-КУЛЬСКОГО РАЙОНА;87;24;79;103;23;76;99;5;28;33;4;25;29
Иссык-Кульская обл.;4170200000000000;Иссык-Кульский р-н;41702215000000000;241471;ЦОВП ИССЫК-КУЛЬСКОГО РАЙОНА;ЦЕНТР ОБЩЕВРАЧЕБНОЙ ИССЫК-КУЛЬСКОГО РАЙОНА;88;17;70;87;17;69;86;8;18;26;6;13;19
Иссык-Кульская обл.;4170200000000000;Иссык-Кульский р-н;41702215000000000;241471;ЦОВП ИССЫК-КУЛЬСКОГО РАЙОНА;ЦЕНТР ОБЩЕВРАЧЕБНОЙ ИССЫК-КУЛЬСКОГО РАЙОНА;89;9;41;50;9;39;48;3;6;9;3;5;8
Иссык-Кульская обл.;4170200000000000;Иссык-Кульский р-н;41702215000000000;241471;ЦОВП ИССЫК-КУЛЬСКОГО РАЙОНА;ЦЕНТР ОБЩЕВРАЧЕБНОЙ ИССЫК-КУЛЬСКОГО РАЙОНА;90;5;38;43;5;37;42;0;5;5;0;4;4
Иссык-Кульская обл.;4170200000000000;Иссык-Кульский р-н;41702215000000000;241471;ЦОВП ИССЫК-КУЛЬСКОГО РАЙОНА;ЦЕНТР ОБЩЕВРАЧЕБНОЙ ИССЫК-КУЛЬСКОГО РАЙОНА;91;3;27;30;3;26;29;3;7;10;3;7;10
Иссык-Кульская обл.;4170200000000000;Иссык-Кульский р-н;41702215000000000;241471;ЦОВП ИССЫК-КУЛЬСКОГО РАЙОНА;ЦЕНТР ОБЩЕВРАЧЕБНОЙ ИССЫК-КУЛЬСКОГО РАЙОНА;92;9;35;44;9;35;44;0;1;1;0;1;1
Иссык-Кульская обл.;4170200000000000;Иссык-Кульский р-н;41702215000000000;241471;ЦОВП ИССЫК-КУЛЬСКОГО РАЙОНА;ЦЕНТР ОБЩЕВРАЧЕБНОЙ ИССЫК-КУЛЬСКОГО РАЙОНА;93;5;26;31;5;26;31;0;7;7;0;7;7
Иссык-Кульская обл.;4170200000000000;Иссык-Кульский р-н;41702215000000000;241471;ЦОВП ИССЫК-КУЛЬСКОГО РАЙОНА;ЦЕНТР ОБЩЕВРАЧЕБНОЙ ИССЫК-КУЛЬСКОГО РАЙОНА;94;3;41;44;3;41;44;0;12;12;0;7;7
Иссык-Кульская обл.;4170200000000000;Иссык-Кульский р-н;41702215000000000;241471;ЦОВП ИССЫК-КУЛЬСКОГО РАЙОНА;ЦЕНТР ОБЩЕВРАЧЕБНОЙ ИССЫК-КУЛЬСКОГО РАЙОНА;96;0;15;15;0;15;15;0;3;3;0;3;3
Иссык-Кульская обл.;4170200000000000;Иссык-Кульский р-н;41702215000000000;241471;ЦОВП ИССЫК-КУЛЬСКОГО РАЙОНА;ЦЕНТР ОБЩЕВРАЧЕБНОЙ ИССЫК-КУЛЬСКОГО РАЙОНА;97;2;10;12;2;10;12;2;0;2;2;0;2
Чуйская обл.;4170800000000000;Кеминский р-н;41708213000000000;842071;ЦОВП Кеминского района;ЦЕНТР ОБЩЕВРАЧЕБНОЙ ПРАКТИКИ КЕМИНСКОГО РАЙОНА;0;334;304;638;334;304;638;2771;2141;4912;2771;2141;4912
Чуйская обл.;4170800000000000;Кеминский р-н;41708213000000000;842071;ЦОВП Кеминского района;ЦЕНТР ОБЩЕВРАЧЕБНОЙ ПРАКТИКИ КЕМИНСКОГО РАЙОНА;1;412;393;805;412;393;805;1100;984;2084;1100;984;2084
Чуйская обл.;4170800000000000;Кеминский р-н;41708213000000000;842071;ЦОВП Кеминского района;ЦЕНТР ОБЩЕВРАЧЕБНОЙ ПРАКТИКИ КЕМИНСКОГО РАЙОНА;2;437;441;878;437;441;878;1036;960;1996;1036;960;1996
Чуйская обл.;4170800000000000;Кеминский р-н;41708213000000000;842071;ЦОВП Кеминского района;ЦЕНТР ОБЩЕВРАЧЕБНОЙ ПРАКТИКИ КЕМИНСКОГО РАЙОНА;3;537;458;995;537;458;995;584;508;1092;584;508;1092
Чуйская обл.;4170800000000000;Кеминский р-н;41708213000000000;842071;ЦОВП Кеминского района;ЦЕНТР ОБЩЕВРАЧЕБНОЙ ПРАКТИКИ КЕМИНСКОГО РАЙОНА;4;473;536;1009;473;536;1009;515;655;1170;515;655;1170
Чуйская обл.;4170800000000000;Кеминский р-н;41708213000000000;842071;ЦОВП Кеминского района;ЦЕНТР ОБЩЕВРАЧЕБНОЙ ПРАКТИКИ КЕМИНСКОГО РАЙОНА;5;534;495;1029;534;495;1029;596;564;1160;596;564;1160
Чуйская обл.;4170800000000000;Кеминский р-н;41708213000000000;842071;ЦОВП Кеминского района;ЦЕНТР ОБЩЕВРАЧЕБНОЙ ПРАКТИКИ КЕМИНСКОГО РАЙОНА;6;530;653;1183;530;653;1183;830;902;1732;830;902;1732
Чуйская обл.;4170800000000000;Кеминский р-н;41708213000000000;842071;ЦОВП Кеминского района;ЦЕНТР ОБЩЕВРАЧЕБНОЙ ПРАКТИКИ КЕМИНСКОГО РАЙОНА;7;541;563;1104;541;563;1104;420;429;849;420;429;849
Чуйская обл.;4170800000000000;Кеминский р-н;41708213000000000;842071;ЦОВП Кеминского района;ЦЕНТР ОБЩЕВРАЧЕБНОЙ ПРАКТИКИ КЕМИНСКОГО РАЙОНА;8;564;657;1221;564;657;1221;414;357;771;414;357;771
Чуйская обл.;4170800000000000;Кеминский р-н;41708213000000000;842071;ЦОВП Кеминского района;ЦЕНТР ОБЩЕВРАЧЕБНОЙ ПРАКТИКИ КЕМИНСКОГО РАЙОНА;9;570;676;1246;570;676;1246;452;340;792;452;340;792
Чуйская обл.;4170800000000000;Кеминский р-н;41708213000000000;842071;ЦОВП Кеминского района;ЦЕНТР ОБЩЕВРАЧЕБНОЙ ПРАКТИКИ КЕМИНСКОГО РАЙОНА;10;554;580;1134;554;580;1134;518;450;968;518;450;968
Чуйская обл.;4170800000000000;Кеминский р-н;41708213000000000;842071;ЦОВП Кеминского района;ЦЕНТР ОБЩЕВРАЧЕБНОЙ ПРАКТИКИ КЕМИНСКОГО РАЙОНА;11;495;663;1158;495;663;1158;382;473;855;382;473;855
Чуйская обл.;4170800000000000;Кеминский р-н;41708213000000000;842071;ЦОВП Кеминского района;ЦЕНТР ОБЩЕВРАЧЕБНОЙ ПРАКТИКИ КЕМИНСКОГО РАЙОНА;12;528;689;1217;528;689;1217;421;368;789;421;368;789
Чуйская обл.;4170800000000000;Кеминский р-н;41708213000000000;842071;ЦОВП Кеминского района;ЦЕНТР ОБЩЕВРАЧЕБНОЙ ПРАКТИКИ КЕМИНСКОГО РАЙОНА;13;492;649;1141;492;649;1141;423;314;737;423;314;737
Чуйская обл.;4170800000000000;Кеминский р-н;41708213000000000;842071;ЦОВП Кеминского района;ЦЕНТР ОБЩЕВРАЧЕБНОЙ ПРАКТИКИ КЕМИНСКОГО РАЙОНА;14;508;666;1174;508;666;1174;445;446;891;445;446;891
Чуйская обл.;4170800000000000;Кеминский р-н;41708213000000000;842071;ЦОВП Кеминского района;ЦЕНТР ОБЩЕВРАЧЕБНОЙ ПРАКТИКИ КЕМИНСКОГО РАЙОНА;15;522;672;1194;522;672;1194;585;509;1094;585;509;1094
Чуйская обл.;4170800000000000;Кеминский р-н;41708213000000000;842071;ЦОВП Кеминского района;ЦЕНТР ОБЩЕВРАЧЕБНОЙ ПРАКТИКИ КЕМИНСКОГО РАЙОНА;16;496;594;1090;496;594;1090;478;436;914;470;407;877
Чуйская обл.;4170800000000000;Кеминский р-н;41708213000000000;842071;ЦОВП Кеминского района;ЦЕНТР ОБЩЕВРАЧЕБНОЙ ПРАКТИКИ КЕМИНСКОГО РАЙОНА;17;490;559;1049;455;501;956;613;584;1197;504;456;960
Чуйская обл.;4170800000000000;Кеминский р-н;41708213000000000;842071;ЦОВП Кеминского района;ЦЕНТР ОБЩЕВРАЧЕБНОЙ ПРАКТИКИ КЕМИНСКОГО РАЙОНА;18;422;445;867;304;360;664;473;593;1066;252;378;630
Чуйская обл.;4170800000000000;Кеминский р-н;41708213000000000;842071;ЦОВП Кеминского района;ЦЕНТР ОБЩЕВРАЧЕБНОЙ ПРАКТИКИ КЕМИНСКОГО РАЙОНА;19;388;363;751;91;76;167;280;405;685;104;111;215
Чуйская обл.;4170800000000000;Кеминский р-н;41708213000000000;842071;ЦОВП Кеминского района;ЦЕНТР ОБЩЕВРАЧЕБНОЙ ПРАКТИКИ КЕМИНСКОГО РАЙОНА;20;431;347;778;56;64;120;267;393;660;66;193;259
Чуйская обл.;4170800000000000;Кеминский р-н;41708213000000000;842071;ЦОВП Кеминского района;ЦЕНТР ОБЩЕВРАЧЕБНОЙ ПРАКТИКИ КЕМИНСКОГО РАЙОНА;21;403;299;702;58;81;139;183;328;511;60;173;233
Чуйская обл.;4170800000000000;Кеминский р-н;41708213000000000;842071;ЦОВП Кеминского района;ЦЕНТР ОБЩЕВРАЧЕБНОЙ ПРАКТИКИ КЕМИНСКОГО РАЙОНА;22;384;344;728;73;94;167;205;414;619;49;202;251
Чуйская обл.;4170800000000000;Кеминский р-н;41708213000000000;842071;ЦОВП Кеминского района;ЦЕНТР ОБЩЕВРАЧЕБНОЙ ПРАКТИКИ КЕМИНСКОГО РАЙОНА;23;362;312;674;80;114;194;203;459;662;104;265;369
Чуйская обл.;4170800000000000;Кеминский р-н;41708213000000000;842071;ЦОВП Кеминского района;ЦЕНТР ОБЩЕВРАЧЕБНОЙ ПРАКТИКИ КЕМИНСКОГО РАЙОНА;24;353;301;654;98;99;197;143;484;627;80;199;279
Чуйская обл.;4170800000000000;Кеминский р-н;41708213000000000;842071;ЦОВП Кеминского района;ЦЕНТР ОБЩЕВРАЧЕБНОЙ ПРАКТИКИ КЕМИНСКОГО РАЙОНА;25;342;330;672;110;110;220;226;366;592;123;213;336
Чуйская обл.;4170800000000000;Кеминский р-н;41708213000000000;842071;ЦОВП Кеминского района;ЦЕНТР ОБЩЕВРАЧЕБНОЙ ПРАКТИКИ КЕМИНСКОГО РАЙОНА;26;369;299;668;133;117;250;173;373;546;77;250;327
Чуйская обл.;4170800000000000;Кеминский р-н;41708213000000000;842071;ЦОВП Кеминского района;ЦЕНТР ОБЩЕВРАЧЕБНОЙ ПРАКТИКИ КЕМИНСКОГО РАЙОНА;27;347;314;661;118;141;259;235;429;664;155;264;419
Чуйская обл.;4170800000000000;Кеминский р-н;41708213000000000;842071;ЦОВП Кеминского района;ЦЕНТР ОБЩЕВРАЧЕБНОЙ ПРАКТИКИ КЕМИНСКОГО РАЙОНА;28;357;317;674;152;144;296;274;449;723;195;331;526
Чуйская обл.;4170800000000000;Кеминский р-н;41708213000000000;842071;ЦОВП Кеминского района;ЦЕНТР ОБЩЕВРАЧЕБНОЙ ПРАКТИКИ КЕМИНСКОГО РАЙОНА;29;396;364;760;206;180;386;283;511;794;208;365;573
Чуйская обл.;4170800000000000;Кеминский р-н;41708213000000000;842071;ЦОВП Кеминского района;ЦЕНТР ОБЩЕВРАЧЕБНОЙ ПРАКТИКИ КЕМИНСКОГО РАЙОНА;30;429;411;840;224;214;438;293;484;777;214;341;555
Чуйская обл.;4170800000000000;Кеминский р-н;41708213000000000;842071;ЦОВП Кеминского района;ЦЕНТР ОБЩЕВРАЧЕБНОЙ ПРАКТИКИ КЕМИНСКОГО РАЙОНА;31;390;386;776;232;214;446;220;440;660;171;345;516
Чуйская обл.;4170800000000000;Кеминский р-н;41708213000000000;842071;ЦОВП Кеминского района;ЦЕНТР ОБЩЕВРАЧЕБНОЙ ПРАКТИКИ КЕМИНСКОГО РАЙОНА;32;429;451;880;242;254;496;277;558;835;212;412;624
Чуйская обл.;4170800000000000;Кеминский р-н;41708213000000000;842071;ЦОВП Кеминского района;ЦЕНТР ОБЩЕВРАЧЕБНОЙ ПРАКТИКИ КЕМИНСКОГО РАЙОНА;33;438;397;835;278;240;518;345;523;868;279;392;671
Чуйская обл.;4170800000000000;Кеминский р-н;41708213000000000;842071;ЦОВП Кеминского района;ЦЕНТР ОБЩЕВРАЧЕБНОЙ ПРАКТИКИ КЕМИНСКОГО РАЙОНА;34;488;424;912;303;261;564;335;683;1018;273;508;781
Чуйская обл.;4170800000000000;Кеминский р-н;41708213000000000;842071;ЦОВП Кеминского района;ЦЕНТР ОБЩЕВРАЧЕБНОЙ ПРАКТИКИ КЕМИНСКОГО РАЙОНА;35;439;415;854;312;275;587;304;558;862;252;430;682
Чуйская обл.;4170800000000000;Кеминский р-н;41708213000000000;842071;ЦОВП Кеминского района;ЦЕНТР ОБЩЕВРАЧЕБНОЙ ПРАКТИКИ КЕМИНСКОГО РАЙОНА;36;448;389;837;305;245;550;326;485;811;256;377;633
Чуйская обл.;4170800000000000;Кеминский р-н;41708213000000000;842071;ЦОВП Кеминского района;ЦЕНТР ОБЩЕВРАЧЕБНОЙ ПРАКТИКИ КЕМИНСКОГО РАЙОНА;37;394;394;788;256;259;515;349;402;751;273;294;567
Чуйская обл.;4170800000000000;Кеминский р-н;41708213000000000;842071;ЦОВП Кеминского района;ЦЕНТР ОБЩЕВРАЧЕБНОЙ ПРАКТИКИ КЕМИНСКОГО РАЙОНА;38;392;352;744;277;210;487;322;398;720;266;322;588
Чуйская обл.;4170800000000000;Кеминский р-н;41708213000000000;842071;ЦОВП Кеминского района;ЦЕНТР ОБЩЕВРАЧЕБНОЙ ПРАКТИКИ КЕМИНСКОГО РАЙОНА;39;354;373;727;250;247;497;361;373;734;287;274;561
Чуйская обл.;4170800000000000;Кеминский р-н;41708213000000000;842071;ЦОВП Кеминского района;ЦЕНТР ОБЩЕВРАЧЕБНОЙ ПРАКТИКИ КЕМИНСКОГО РАЙОНА;40;369;358;727;248;233;481;220;345;565;177;290;467
Чуйская обл.;4170800000000000;Кеминский р-н;41708213000000000;842071;ЦОВП Кеминского района;ЦЕНТР ОБЩЕВРАЧЕБНОЙ ПРАКТИКИ КЕМИНСКОГО РАЙОНА;41;329;320;649;218;207;425;302;235;537;236;185;421
Чуйская обл.;4170800000000000;Кеминский р-н;41708213000000000;842071;ЦОВП Кеминского района;ЦЕНТР ОБЩЕВРАЧЕБНОЙ ПРАКТИКИ КЕМИНСКОГО РАЙОНА;42;316;298;614;219;209;428;240;365;605;207;305;512
Чуйская обл.;4170800000000000;Кеминский р-н;41708213000000000;842071;ЦОВП Кеминского района;ЦЕНТР ОБЩЕВРАЧЕБНОЙ ПРАКТИКИ КЕМИНСКОГО РАЙОНА;43;305;322;627;207;211;418;279;345;624;231;280;511
Чуйская обл.;4170800000000000;Кеминский р-н;41708213000000000;842071;ЦОВП Кеминского района;ЦЕНТР ОБЩЕВРАЧЕБНОЙ ПРАКТИКИ КЕМИНСКОГО РАЙОНА;44;272;261;533;184;174;358;181;318;499;153;261;414
Чуйская обл.;4170800000000000;Кеминский р-н;41708213000000000;842071;ЦОВП Кеминского района;ЦЕНТР ОБЩЕВРАЧЕБНОЙ ПРАКТИКИ КЕМИНСКОГО РАЙОНА;45;290;251;541;194;160;354;201;288;489;161;236;397
Чуйская обл.;4170800000000000;Кеминский р-н;41708213000000000;842071;ЦОВП Кеминского района;ЦЕНТР ОБЩЕВРАЧЕБНОЙ ПРАКТИКИ КЕМИНСКОГО РАЙОНА;46;234;298;532;152;189;341;232;370;602;183;302;485
Чуйская обл.;4170800000000000;Кеминский р-н;41708213000000000;842071;ЦОВП Кеминского района;ЦЕНТР ОБЩЕВРАЧЕБНОЙ ПРАКТИКИ КЕМИНСКОГО РАЙОНА;47;279;296;575;184;188;372;220;363;583;194;266;460
Чуйская обл.;4170800000000000;Кеминский р-н;41708213000000000;842071;ЦОВП Кеминского района;ЦЕНТР ОБЩЕВРАЧЕБНОЙ ПРАКТИКИ КЕМИНСКОГО РАЙОНА;48;326;259;585;215;164;379;278;416;694;227;343;570
Чуйская обл.;4170800000000000;Кеминский р-н;41708213000000000;842071;ЦОВП Кеминского района;ЦЕНТР ОБЩЕВРАЧЕБНОЙ ПРАКТИКИ КЕМИНСКОГО РАЙОНА;49;240;294;534;160;188;348;218;343;561;187;249;436
Чуйская обл.;4170800000000000;Кеминский р-н;41708213000000000;842071;ЦОВП Кеминского района;ЦЕНТР ОБЩЕВРАЧЕБНОЙ ПРАКТИКИ КЕМИНСКОГО РАЙОНА;50;277;275;552;174;181;355;242;352;594;180;276;456
Чуйская обл.;4170800000000000;Кеминский р-н;41708213000000000;842071;ЦОВП Кеминского района;ЦЕНТР ОБЩЕВРАЧЕБНОЙ ПРАКТИКИ КЕМИНСКОГО РАЙОНА;51;252;263;515;169;187;356;192;266;458;161;225;386
Чуйская обл.;4170800000000000;Кеминский р-н;41708213000000000;842071;ЦОВП Кеминского района;ЦЕНТР ОБЩЕВРАЧЕБНОЙ ПРАКТИКИ КЕМИНСКОГО РАЙОНА;52;254;251;505;157;170;327;255;383;638;206;318;524
Чуйская обл.;4170800000000000;Кеминский р-н;41708213000000000;842071;ЦОВП Кеминского района;ЦЕНТР ОБЩЕВРАЧЕБНОЙ ПРАКТИКИ КЕМИНСКОГО РАЙОНА;53;271;264;535;159;179;338;213;398;611;183;334;517
Чуйская обл.;4170800000000000;Кеминский р-н;41708213000000000;842071;ЦОВП Кеминского района;ЦЕНТР ОБЩЕВРАЧЕБНОЙ ПРАКТИКИ КЕМИНСКОГО РАЙОНА;54;246;231;477;175;153;328;184;392;576;132;336;468
Чуйская обл.;4170800000000000;Кеминский р-н;41708213000000000;842071;ЦОВП Кеминского района;ЦЕНТР ОБЩЕВРАЧЕБНОЙ ПРАКТИКИ КЕМИНСКОГО РАЙОНА;55;238;262;500;157;168;325;215;365;580;181;273;454
Чуйская обл.;4170800000000000;Кеминский р-н;41708213000000000;842071;ЦОВП Кеминского района;ЦЕНТР ОБЩЕВРАЧЕБНОЙ ПРАКТИКИ КЕМИНСКОГО РАЙОНА;56;237;259;496;149;177;326;309;434;743;234;320;554
Чуйская обл.;4170800000000000;Кеминский р-н;41708213000000000;842071;ЦОВП Кеминского района;ЦЕНТР ОБЩЕВРАЧЕБНОЙ ПРАКТИКИ КЕМИНСКОГО РАЙОНА;57;217;280;497;149;200;349;248;397;645;221;330;551
Чуйская обл.;4170800000000000;Кеминский р-н;41708213000000000;842071;ЦОВП Кеминского района;ЦЕНТР ОБЩЕВРАЧЕБНОЙ ПРАКТИКИ КЕМИНСКОГО РАЙОНА;58;213;234;447;154;195;349;227;427;654;184;391;575
Чуйская обл.;4170800000000000;Кеминский р-н;41708213000000000;842071;ЦОВП Кеминского района;ЦЕНТР ОБЩЕВРАЧЕБНОЙ ПРАКТИКИ КЕМИНСКОГО РАЙОНА;59;266;275;541;176;262;438;358;490;848;284;476;760
Чуйская обл.;4170800000000000;Кеминский р-н;41708213000000000;842071;ЦОВП Кеминского района;ЦЕНТР ОБЩЕВРАЧЕБНОЙ ПРАКТИКИ КЕМИНСКОГО РАЙОНА;60;255;293;548;183;272;455;363;521;884;304;488;792
Чуйская обл.;4170800000000000;Кеминский р-н;41708213000000000;842071;ЦОВП Кеминского района;ЦЕНТР ОБЩЕВРАЧЕБНОЙ ПРАКТИКИ КЕМИНСКОГО РАЙОНА;61;286;309;595;192;292;484;326;400;726;271;357;628
Чуйская обл.;4170800000000000;Кеминский р-н;41708213000000000;842071;ЦОВП Кеминского района;ЦЕНТР ОБЩЕВРАЧЕБНОЙ ПРАКТИКИ КЕМИНСКОГО РАЙОНА;62;243;288;531;159;266;425;258;516;774;213;471;684
Чуйская обл.;4170800000000000;Кеминский р-н;41708213000000000;842071;ЦОВП Кеминского района;ЦЕНТР ОБЩЕВРАЧЕБНОЙ ПРАКТИКИ КЕМИНСКОГО РАЙОНА;63;229;288;517;197;269;466;272;515;787;260;476;736
Чуйская обл.;4170800000000000;Кеминский р-н;41708213000000000;842071;ЦОВП Кеминского района;ЦЕНТР ОБЩЕВРАЧЕБНОЙ ПРАКТИКИ КЕМИНСКОГО РАЙОНА;64;254;282;536;239;268;507;285;476;761;249;447;696
Чуйская обл.;4170800000000000;Кеминский р-н;41708213000000000;842071;ЦОВП Кеминского района;ЦЕНТР ОБЩЕВРАЧЕБНОЙ ПРАКТИКИ КЕМИНСКОГО РАЙОНА;65;189;245;434;181;235;416;301;389;690;284;368;652
Чуйская обл.;4170800000000000;Кеминский р-н;41708213000000000;842071;ЦОВП Кеминского района;ЦЕНТР ОБЩЕВРАЧЕБНОЙ ПРАКТИКИ КЕМИНСКОГО РАЙОНА;66;209;276;485;198;265;463;203;363;566;192;352;544
Чуйская обл.;4170800000000000;Кеминский р-н;41708213000000000;842071;ЦОВП Кеминского района;ЦЕНТР ОБЩЕВРАЧЕБНОЙ ПРАКТИКИ КЕМИНСКОГО РАЙОНА;67;172;242;414;158;232;390;160;358;518;141;347;488
Чуйская обл.;4170800000000000;Кеминский р-н;41708213000000000;842071;ЦОВП Кеминского района;ЦЕНТР ОБЩЕВРАЧЕБНОЙ ПРАКТИКИ КЕМИНСКОГО РАЙОНА;68;173;239;412;159;226;385;152;440;592;127;411;538
Чуйская обл.;4170800000000000;Кеминский р-н;41708213000000000;842071;ЦОВП Кеминского района;ЦЕНТР ОБЩЕВРАЧЕБНОЙ ПРАКТИКИ КЕМИНСКОГО РАЙОНА;69;141;234;375;133;218;351;169;369;538;161;347;508
Чуйская обл.;4170800000000000;Кеминский р-н;41708213000000000;842071;ЦОВП Кеминского района;ЦЕНТР ОБЩЕВРАЧЕБНОЙ ПРАКТИКИ КЕМИНСКОГО РАЙОНА;70;131;201;332;122;192;314;151;259;410;145;245;390
Чуйская обл.;4170800000000000;Кеминский р-н;41708213000000000;842071;ЦОВП Кеминского района;ЦЕНТР ОБЩЕВРАЧЕБНОЙ ПРАКТИКИ КЕМИНСКОГО РАЙОНА;71;128;190;318;121;183;304;162;366;528;160;336;496
Чуйская обл.;4170800000000000;Кеминский р-н;41708213000000000;842071;ЦОВП Кеминского района;ЦЕНТР ОБЩЕВРАЧЕБНОЙ ПРАКТИКИ КЕМИНСКОГО РАЙОНА;72;106;151;257;99;144;243;114;350;464;102;335;437
Чуйская обл.;4170800000000000;Кеминский р-н;41708213000000000;842071;ЦОВП Кеминского района;ЦЕНТР ОБЩЕВРАЧЕБНОЙ ПРАКТИКИ КЕМИНСКОГО РАЙОНА;73;96;150;246;88;140;228;123;321;444;101;305;406
Чуйская обл.;4170800000000000;Кеминский р-н;41708213000000000;842071;ЦОВП Кеминского района;ЦЕНТР ОБЩЕВРАЧЕБНОЙ ПРАКТИКИ КЕМИНСКОГО РАЙОНА;74;111;150;261;105;145;250;101;238;339;91;223;314
Чуйская обл.;4170800000000000;Кеминский р-н;41708213000000000;842071;ЦОВП Кеминского района;ЦЕНТР ОБЩЕВРАЧЕБНОЙ ПРАКТИКИ КЕМИНСКОГО РАЙОНА;75;66;137;203;63;132;195;137;220;357;131;198;329
Чуйская обл.;4170800000000000;Кеминский р-н;41708213000000000;842071;ЦОВП Кеминского района;ЦЕНТР ОБЩЕВРАЧЕБНОЙ ПРАКТИКИ КЕМИНСКОГО РАЙОНА;76;63;108;171;58;101;159;88;192;280;74;183;257
Чуйская обл.;4170800000000000;Кеминский р-н;41708213000000000;842071;ЦОВП Кеминского района;ЦЕНТР ОБЩЕВРАЧЕБНОЙ ПРАКТИКИ КЕМИНСКОГО РАЙОНА;77;71;109;180;69;106;175;59;116;175;55;107;162
Чуйская обл.;4170800000000000;Кеминский р-н;41708213000000000;842071;ЦОВП Кеминского района;ЦЕНТР ОБЩЕВРАЧЕБНОЙ ПРАКТИКИ КЕМИНСКОГО РАЙОНА;78;41;54;95;40;51;91;16;61;77;16;55;71
Чуйская обл.;4170800000000000;Кеминский р-н;41708213000000000;842071;ЦОВП Кеминского района;ЦЕНТР ОБЩЕВРАЧЕБНОЙ ПРАКТИКИ КЕМИНСКОГО РАЙОНА;79;16;38;54;15;38;53;9;33;42;4;33;37
Чуйская обл.;4170800000000000;Кеминский р-н;41708213000000000;842071;ЦОВП Кеминского района;ЦЕНТР ОБЩЕВРАЧЕБНОЙ ПРАКТИКИ КЕМИНСКОГО РАЙОНА;80;15;31;46;15;28;43;5;39;44;4;37;41
Чуйская обл.;4170800000000000;Кеминский р-н;41708213000000000;842071;ЦОВП Кеминского района;ЦЕНТР ОБЩЕВРАЧЕБНОЙ ПРАКТИКИ КЕМИНСКОГО РАЙОНА;81;15;26;41;15;26;41;13;55;68;12;55;67
Чуйская обл.;4170800000000000;Кеминский р-н;41708213000000000;842071;ЦОВП Кеминского района;ЦЕНТР ОБЩЕВРАЧЕБНОЙ ПРАКТИКИ КЕМИНСКОГО РАЙОНА;82;31;50;81;30;47;77;48;78;126;48;65;113
Чуйская обл.;4170800000000000;Кеминский р-н;41708213000000000;842071;ЦОВП Кеминского района;ЦЕНТР ОБЩЕВРАЧЕБНОЙ ПРАКТИКИ КЕМИНСКОГО РАЙОНА;83;27;56;83;27;52;79;51;83;134;50;81;131
Чуйская обл.;4170800000000000;Кеминский р-н;41708213000000000;842071;ЦОВП Кеминского района;ЦЕНТР ОБЩЕВРАЧЕБНОЙ ПРАКТИКИ КЕМИНСКОГО РАЙОНА;84;19;67;86;19;65;84;19;46;65;18;45;63
Чуйская обл.;4170800000000000;Кеминский р-н;41708213000000000;842071;ЦОВП Кеминского района;ЦЕНТР ОБЩЕВРАЧЕБНОЙ ПРАКТИКИ КЕМИНСКОГО РАЙОНА;85;30;73;103;30;71;101;33;54;87;33;49;82
Чуйская обл.;4170800000000000;Кеминский р-н;41708213000000000;842071;ЦОВП Кеминского района;ЦЕНТР ОБЩЕВРАЧЕБНОЙ ПРАКТИКИ КЕМИНСКОГО РАЙОНА;86;18;47;65;17;45;62;5;25;30;5;22;27
Чуйская обл.;4170800000000000;Кеминский р-н;41708213000000000;842071;ЦОВП Кеминского района;ЦЕНТР ОБЩЕВРАЧЕБНОЙ ПРАКТИКИ КЕМИНСКОГО РАЙОНА;87;13;37;50;13;37;50;5;22;27;5;21;26
Чуйская обл.;4170800000000000;Кеминский р-н;41708213000000000;842071;ЦОВП Кеминского района;ЦЕНТР ОБЩЕВРАЧЕБНОЙ ПРАКТИКИ КЕМИНСКОГО РАЙОНА;88;16;37;53;16;35;51;9;29;38;9;22;31
Чуйская обл.;4170800000000000;Кеминский р-н;41708213000000000;842071;ЦОВП Кеминского района;ЦЕНТР ОБЩЕВРАЧЕБНОЙ ПРАКТИКИ КЕМИНСКОГО РАЙОНА;89;7;22;29;7;22;29;2;4;6;2;4;6
Чуйская обл.;4170800000000000;Кеминский р-н;41708213000000000;842071;ЦОВП Кеминского района;ЦЕНТР ОБЩЕВРАЧЕБНОЙ ПРАКТИКИ КЕМИНСКОГО РАЙОНА;90;7;19;26;7;18;25;0;4;4;0;4;4
Чуйская обл.;4170800000000000;Кеминский р-н;41708213000000000;842071;ЦОВП Кеминского района;ЦЕНТР ОБЩЕВРАЧЕБНОЙ ПРАКТИКИ КЕМИНСКОГО РАЙОНА;91;10;19;29;10;17;27;2;23;25;2;19;21
Чуйская обл.;4170800000000000;Кеминский р-н;41708213000000000;842071;ЦОВП Кеминского района;ЦЕНТР ОБЩЕВРАЧЕБНОЙ ПРАКТИКИ КЕМИНСКОГО РАЙОНА;92;7;15;22;7;14;21;0;8;8;0;3;3
Чуйская обл.;4170800000000000;Кеминский р-н;41708213000000000;842071;ЦОВП Кеминского района;ЦЕНТР ОБЩЕВРАЧЕБНОЙ ПРАКТИКИ КЕМИНСКОГО РАЙОНА;93;13;19;32;13;17;30;0;10;10;0;10;10
Чуйская обл.;4170800000000000;Кеминский р-н;41708213000000000;842071;ЦОВП Кеминского района;ЦЕНТР ОБЩЕВРАЧЕБНОЙ ПРАКТИКИ КЕМИНСКОГО РАЙОНА;94;16;22;38;16;22;38;0;7;7;0;7;7
Чуйская обл.;4170800000000000;Кеминский р-н;41708213000000000;842071;ЦОВП Кеминского района;ЦЕНТР ОБЩЕВРАЧЕБНОЙ ПРАКТИКИ КЕМИНСКОГО РАЙОНА;97;1;11;12;1;11;12;0;3;3;0;3;3
Чуйская обл.;4170800000000000;Кеминский р-н;41708213000000000;842071;ЦОВП Кеминского района;ЦЕНТР ОБЩЕВРАЧЕБНОЙ ПРАКТИКИ КЕМИНСКОГО РАЙОНА;98;2;7;9;2;7;9;0;3;3;0;3;3
Джалал-Абадская обл.;4170300000000000;Сузакский р-н;41703220000000000;305871;ЦОВП КОКЖАНГАК;Центр общеврачебной практики г.Кок-Жангак;0;78;67;145;78;67;145;854;683;1537;854;683;1537
Джалал-Абадская обл.;4170300000000000;Сузакский р-н;41703220000000000;305871;ЦОВП КОКЖАНГАК;Центр общеврачебной практики г.Кок-Жангак;1;96;96;192;96;96;192;347;338;685;347;338;685
Джалал-Абадская обл.;4170300000000000;Сузакский р-н;41703220000000000;305871;ЦОВП КОКЖАНГАК;Центр общеврачебной практики г.Кок-Жангак;2;134;123;257;134;123;257;384;375;759;384;375;759
Джалал-Абадская обл.;4170300000000000;Сузакский р-н;41703220000000000;305871;ЦОВП КОКЖАНГАК;Центр общеврачебной практики г.Кок-Жангак;3;121;120;241;121;120;241;268;189;457;268;189;457
Джалал-Абадская обл.;4170300000000000;Сузакский р-н;41703220000000000;305871;ЦОВП КОКЖАНГАК;Центр общеврачебной практики г.Кок-Жангак;4;141;96;237;141;96;237;253;154;407;253;154;407
Джалал-Абадская обл.;4170300000000000;Сузакский р-н;41703220000000000;305871;ЦОВП КОКЖАНГАК;Центр общеврачебной практики г.Кок-Жангак;5;124;119;243;124;119;243;223;155;378;223;155;378
Джалал-Абадская обл.;4170300000000000;Сузакский р-н;41703220000000000;305871;ЦОВП КОКЖАНГАК;Центр общеврачебной практики г.Кок-Жангак;6;128;133;261;128;133;261;207;223;430;207;223;430
Джалал-Абадская обл.;4170300000000000;Сузакский р-н;41703220000000000;305871;ЦОВП КОКЖАНГАК;Центр общеврачебной практики г.Кок-Жангак;7;136;141;277;136;141;277;103;99;202;103;99;202
Джалал-Абадская обл.;4170300000000000;Сузакский р-н;41703220000000000;305871;ЦОВП КОКЖАНГАК;Центр общеврачебной практики г.Кок-Жангак;8;118;155;273;118;155;273;70;61;131;70;61;131
Джалал-Абадская обл.;4170300000000000;Сузакский р-н;41703220000000000;305871;ЦОВП КОКЖАНГАК;Центр общеврачебной практики г.Кок-Жангак;9;134;151;285;134;151;285;53;59;112;53;59;112
Джалал-Абадская обл.;4170300000000000;Сузакский р-н;41703220000000000;305871;ЦОВП КОКЖАНГАК;Центр общеврачебной практики г.Кок-Жангак;10;137;170;307;137;170;307;62;62;124;62;62;124
Джалал-Абадская обл.;4170300000000000;Сузакский р-н;41703220000000000;305871;ЦОВП КОКЖАНГАК;Центр общеврачебной практики г.Кок-Жангак;11;134;188;322;134;188;322;48;39;87;48;39;87
Джалал-Абадская обл.;4170300000000000;Сузакский р-н;41703220000000000;305871;ЦОВП КОКЖАНГАК;Центр общеврачебной практики г.Кок-Жангак;12;121;160;281;121;160;281;34;36;70;34;36;70
Джалал-Абадская обл.;4170300000000000;Сузакский р-н;41703220000000000;305871;ЦОВП КОКЖАНГАК;Центр общеврачебной практики г.Кок-Жангак;13;119;134;253;119;134;253;30;23;53;30;23;53
Джалал-Абадская обл.;4170300000000000;Сузакский р-н;41703220000000000;305871;ЦОВП КОКЖАНГАК;Центр общеврачебной практики г.Кок-Жангак;14;92;127;219;92;127;219;31;51;82;31;51;82
Джалал-Абадская обл.;4170300000000000;Сузакский р-н;41703220000000000;305871;ЦОВП КОКЖАНГАК;Центр общеврачебной практики г.Кок-Жангак;15;105;131;236;105;131;236;33;62;95;33;62;95
Джалал-Абадская обл.;4170300000000000;Сузакский р-н;41703220000000000;305871;ЦОВП КОКЖАНГАК;Центр общеврачебной практики г.Кок-Жангак;16;77;116;193;77;116;193;23;58;81;22;58;80
Джалал-Абадская обл.;4170300000000000;Сузакский р-н;41703220000000000;305871;ЦОВП КОКЖАНГАК;Центр общеврачебной практики г.Кок-Жангак;17;76;130;206;68;125;193;44;41;85;36;36;72
Джалал-Абадская обл.;4170300000000000;Сузакский р-н;41703220000000000;305871;ЦОВП КОКЖАНГАК;Центр общеврачебной практики г.Кок-Жангак;18;73;99;172;67;86;153;34;49;83;16;24;40
Джалал-Абадская обл.;4170300000000000;Сузакский р-н;41703220000000000;305871;ЦОВП КОКЖАНГАК;Центр общеврачебной практики г.Кок-Жангак;19;79;72;151;22;40;62;26;67;93;7;26;33
Джалал-Абадская обл.;4170300000000000;Сузакский р-н;41703220000000000;305871;ЦОВП КОКЖАНГАК;Центр общеврачебной практики г.Кок-Жангак;20;63;90;153;5;50;55;11;70;81;0;45;45
Джалал-Абадская обл.;4170300000000000;Сузакский р-н;41703220000000000;305871;ЦОВП КОКЖАНГАК;Центр общеврачебной практики г.Кок-Жангак;21;53;91;144;7;36;43;10;92;102;0;47;47
Джалал-Абадская обл.;4170300000000000;Сузакский р-н;41703220000000000;305871;ЦОВП КОКЖАНГАК;Центр общеврачебной практики г.Кок-Жангак;22;63;95;158;1;27;28;44;84;128;3;53;56
Джалал-Абадская обл.;4170300000000000;Сузакский р-н;41703220000000000;305871;ЦОВП КОКЖАНГАК;Центр общеврачебной практики г.Кок-Жангак;23;57;85;142;4;41;45;28;111;139;2;67;69
Джалал-Абадская обл.;4170300000000000;Сузакский р-н;41703220000000000;305871;ЦОВП КОКЖАНГАК;Центр общеврачебной практики г.Кок-Жангак;24;67;79;146;5;37;42;13;75;88;0;54;54
Джалал-Абадская обл.;4170300000000000;Сузакский р-н;41703220000000000;305871;ЦОВП КОКЖАНГАК;Центр общеврачебной практики г.Кок-Жангак;25;67;84;151;5;33;38;15;119;134;2;101;103
Джалал-Абадская обл.;4170300000000000;Сузакский р-н;41703220000000000;305871;ЦОВП КОКЖАНГАК;Центр общеврачебной практики г.Кок-Жангак;26;63;87;150;8;47;55;20;96;116;0;85;85
Джалал-Абадская обл.;4170300000000000;Сузакский р-н;41703220000000000;305871;ЦОВП КОКЖАНГАК;Центр общеврачебной практики г.Кок-Жангак;27;59;74;133;9;34;43;39;157;196;6;97;103
Джалал-Абадская обл.;4170300000000000;Сузакский р-н;41703220000000000;305871;ЦОВП КОКЖАНГАК;Центр общеврачебной практики г.Кок-Жангак;28;69;105;174;11;54;65;44;219;263;4;152;156
Джалал-Абадская обл.;4170300000000000;Сузакский р-н;41703220000000000;305871;ЦОВП КОКЖАНГАК;Центр общеврачебной практики г.Кок-Жангак;29;51;112;163;11;52;63;22;158;180;6;107;113
Джалал-Абадская обл.;4170300000000000;Сузакский р-н;41703220000000000;305871;ЦОВП КОКЖАНГАК;Центр общеврачебной практики г.Кок-Жангак;30;79;83;162;24;34;58;33;132;165;17;95;112
Джалал-Абадская обл.;4170300000000000;Сузакский р-н;41703220000000000;305871;ЦОВП КОКЖАНГАК;Центр общеврачебной практики г.Кок-Жангак;31;84;91;175;28;45;73;23;140;163;10;105;115
Джалал-Абадская обл.;4170300000000000;Сузакский р-н;41703220000000000;305871;ЦОВП КОКЖАНГАК;Центр общеврачебной практики г.Кок-Жангак;32;73;107;180;19;59;78;23;151;174;13;126;139
Джалал-Абадская обл.;4170300000000000;Сузакский р-н;41703220000000000;305871;ЦОВП КОКЖАНГАК;Центр общеврачебной практики г.Кок-Жангак;33;87;86;173;24;53;77;58;110;168;23;89;112
Джалал-Абадская обл.;4170300000000000;Сузакский р-н;41703220000000000;305871;ЦОВП КОКЖАНГАК;Центр общеврачебной практики г.Кок-Жангак;34;84;94;178;31;54;85;42;113;155;27;86;113
Джалал-Абадская обл.;4170300000000000;Сузакский р-н;41703220000000000;305871;ЦОВП КОКЖАНГАК;Центр общеврачебной практики г.Кок-Жангак;35;90;94;184;33;55;88;54;183;237;38;169;207
Джалал-Абадская обл.;4170300000000000;Сузакский р-н;41703220000000000;305871;ЦОВП КОКЖАНГАК;Центр общеврачебной практики г.Кок-Жангак;36;65;90;155;23;55;78;30;122;152;18;102;120
Джалал-Абадская обл.;4170300000000000;Сузакский р-н;41703220000000000;305871;ЦОВП КОКЖАНГАК;Центр общеврачебной практики г.Кок-Жангак;37;91;94;185;39;56;95;46;110;156;27;83;110
Джалал-Абадская обл.;4170300000000000;Сузакский р-н;41703220000000000;305871;ЦОВП КОКЖАНГАК;Центр общеврачебной практики г.Кок-Жангак;38;74;79;153;28;51;79;29;66;95;7;58;65
Джалал-Абадская обл.;4170300000000000;Сузакский р-н;41703220000000000;305871;ЦОВП КОКЖАНГАК;Центр общеврачебной практики г.Кок-Жангак;39;74;69;143;23;42;65;17;89;106;9;69;78
Джалал-Абадская обл.;4170300000000000;Сузакский р-н;41703220000000000;305871;ЦОВП КОКЖАНГАК;Центр общеврачебной практики г.Кок-Жангак;40;61;51;112;20;31;51;29;74;103;23;59;82
Джалал-Абадская обл.;4170300000000000;Сузакский р-н;41703220000000000;305871;ЦОВП КОКЖАНГАК;Центр общеврачебной практики г.Кок-Жангак;41;53;53;106;22;32;54;21;45;66;12;35;47
Джалал-Абадская обл.;4170300000000000;Сузакский р-н;41703220000000000;305871;ЦОВП КОКЖАНГАК;Центр общеврачебной практики г.Кок-Жангак;42;52;57;109;18;37;55;31;48;79;12;42;54
Джалал-Абадская обл.;4170300000000000;Сузакский р-н;41703220000000000;305871;ЦОВП КОКЖАНГАК;Центр общеврачебной практики г.Кок-Жангак;43;39;54;93;18;28;46;24;38;62;14;25;39
Джалал-Абадская обл.;4170300000000000;Сузакский р-н;41703220000000000;305871;ЦОВП КОКЖАНГАК;Центр общеврачебной практики г.Кок-Жангак;44;51;46;97;18;31;49;52;46;98;23;44;67
Джалал-Абадская обл.;4170300000000000;Сузакский р-н;41703220000000000;305871;ЦОВП КОКЖАНГАК;Центр общеврачебной практики г.Кок-Жангак;45;47;38;85;16;25;41;17;37;54;14;34;48
Джалал-Абадская обл.;4170300000000000;Сузакский р-н;41703220000000000;305871;ЦОВП КОКЖАНГАК;Центр общеврачебной практики г.Кок-Жангак;46;31;41;72;16;28;44;26;41;67;16;38;54
Джалал-Абадская обл.;4170300000000000;Сузакский р-н;41703220000000000;305871;ЦОВП КОКЖАНГАК;Центр общеврачебной практики г.Кок-Жангак;47;48;43;91;25;23;48;15;69;84;10;63;73
Джалал-Абадская обл.;4170300000000000;Сузакский р-н;41703220000000000;305871;ЦОВП КОКЖАНГАК;Центр общеврачебной практики г.Кок-Жангак;48;31;45;76;11;19;30;29;46;75;18;42;60
Джалал-Абадская обл.;4170300000000000;Сузакский р-н;41703220000000000;305871;ЦОВП КОКЖАНГАК;Центр общеврачебной практики г.Кок-Жангак;49;27;37;64;13;25;38;12;74;86;9;68;77
Джалал-Абадская обл.;4170300000000000;Сузакский р-н;41703220000000000;305871;ЦОВП КОКЖАНГАК;Центр общеврачебной практики г.Кок-Жангак;50;35;41;76;17;19;36;15;41;56;10;35;45
Джалал-Абадская обл.;4170300000000000;Сузакский р-н;41703220000000000;305871;ЦОВП КОКЖАНГАК;Центр общеврачебной практики г.Кок-Жангак;51;39;34;73;18;18;36;28;77;105;27;59;86
Джалал-Абадская обл.;4170300000000000;Сузакский р-н;41703220000000000;305871;ЦОВП КОКЖАНГАК;Центр общеврачебной практики г.Кок-Жангак;52;38;35;73;22;22;44;40;69;109;34;54;88
Джалал-Абадская обл.;4170300000000000;Сузакский р-н;41703220000000000;305871;ЦОВП КОКЖАНГАК;Центр общеврачебной практики г.Кок-Жангак;53;30;46;76;16;29;45;38;74;112;28;49;77
Джалал-Абадская обл.;4170300000000000;Сузакский р-н;41703220000000000;305871;ЦОВП КОКЖАНГАК;Центр общеврачебной практики г.Кок-Жангак;54;23;40;63;14;22;36;22;80;102;19;46;65
Джалал-Абадская обл.;4170300000000000;Сузакский р-н;41703220000000000;305871;ЦОВП КОКЖАНГАК;Центр общеврачебной практики г.Кок-Жангак;55;18;32;50;10;20;30;22;79;101;13;65;78
Джалал-Абадская обл.;4170300000000000;Сузакский р-н;41703220000000000;305871;ЦОВП КОКЖАНГАК;Центр общеврачебной практики г.Кок-Жангак;56;29;49;78;13;37;50;36;113;149;29;94;123
Джалал-Абадская обл.;4170300000000000;Сузакский р-н;41703220000000000;305871;ЦОВП КОКЖАНГАК;Центр общеврачебной практики г.Кок-Жангак;57;35;47;82;23;35;58;40;42;82;33;35;68
Джалал-Абадская обл.;4170300000000000;Сузакский р-н;41703220000000000;305871;ЦОВП КОКЖАНГАК;Центр общеврачебной практики г.Кок-Жангак;58;28;49;77;14;41;55;35;113;148;26;97;123
Джалал-Абадская обл.;4170300000000000;Сузакский р-н;41703220000000000;305871;ЦОВП КОКЖАНГАК;Центр общеврачебной практики г.Кок-Жангак;59;41;39;80;23;29;52;39;81;120;28;53;81
Джалал-Абадская обл.;4170300000000000;Сузакский р-н;41703220000000000;305871;ЦОВП КОКЖАНГАК;Центр общеврачебной практики г.Кок-Жангак;60;26;56;82;17;51;68;38;100;138;33;88;121
Джалал-Абадская обл.;4170300000000000;Сузакский р-н;41703220000000000;305871;ЦОВП КОКЖАНГАК;Центр общеврачебной практики г.Кок-Жангак;61;38;45;83;31;42;73;65;153;218;57;151;208
Джалал-Абадская обл.;4170300000000000;Сузакский р-н;41703220000000000;305871;ЦОВП КОКЖАНГАК;Центр общеврачебной практики г.Кок-Жангак;62;35;59;94;26;58;84;62;145;207;55;142;197
Джалал-Абадская обл.;4170300000000000;Сузакский р-н;41703220000000000;305871;ЦОВП КОКЖАНГАК;Центр общеврачебной практики г.Кок-Жангак;63;42;47;89;32;45;77;68;106;174;62;106;168
Джалал-Абадская обл.;4170300000000000;Сузакский р-н;41703220000000000;305871;ЦОВП КОКЖАНГАК;Центр общеврачебной практики г.Кок-Жангак;64;48;63;111;36;63;99;85;125;210;65;125;190
Джалал-Абадская обл.;4170300000000000;Сузакский р-н;41703220000000000;305871;ЦОВП КОКЖАНГАК;Центр общеврачебной практики г.Кок-Жангак;65;28;50;78;23;50;73;57;110;167;54;110;164
Джалал-Абадская обл.;4170300000000000;Сузакский р-н;41703220000000000;305871;ЦОВП КОКЖАНГАК;Центр общеврачебной практики г.Кок-Жангак;66;35;46;81;35;46;81;38;105;143;38;105;143
Джалал-Абадская обл.;4170300000000000;Сузакский р-н;41703220000000000;305871;ЦОВП КОКЖАНГАК;Центр общеврачебной практики г.Кок-Жангак;67;28;31;59;28;31;59;34;103;137;32;103;135
Джалал-Абадская обл.;4170300000000000;Сузакский р-н;41703220000000000;305871;ЦОВП КОКЖАНГАК;Центр общеврачебной практики г.Кок-Жангак;68;25;38;63;24;37;61;49;69;118;38;69;107
Джалал-Абадская обл.;4170300000000000;Сузакский р-н;41703220000000000;305871;ЦОВП КОКЖАНГАК;Центр общеврачебной практики г.Кок-Жангак;69;24;26;50;23;26;49;53;63;116;53;63;116
Джалал-Абадская обл.;4170300000000000;Сузакский р-н;41703220000000000;305871;ЦОВП КОКЖАНГАК;Центр общеврачебной практики г.Кок-Жангак;70;15;34;49;15;34;49;32;69;101;32;69;101
Джалал-Абадская обл.;4170300000000000;Сузакский р-н;41703220000000000;305871;ЦОВП КОКЖАНГАК;Центр общеврачебной практики г.Кок-Жангак;71;23;24;47;23;24;47;38;43;81;38;42;80
Джалал-Абадская обл.;4170300000000000;Сузакский р-н;41703220000000000;305871;ЦОВП КОКЖАНГАК;Центр общеврачебной практики г.Кок-Жангак;72;17;22;39;17;21;38;20;54;74;20;54;74
Джалал-Абадская обл.;4170300000000000;Сузакский р-н;41703220000000000;305871;ЦОВП КОКЖАНГАК;Центр общеврачебной практики г.Кок-Жангак;73;13;22;35;12;22;34;29;50;79;29;50;79
Джалал-Абадская обл.;4170300000000000;Сузакский р-н;41703220000000000;305871;ЦОВП КОКЖАНГАК;Центр общеврачебной практики г.Кок-Жангак;74;14;25;39;13;25;38;18;21;39;18;20;38
Джалал-Абадская обл.;4170300000000000;Сузакский р-н;41703220000000000;305871;ЦОВП КОКЖАНГАК;Центр общеврачебной практики г.Кок-Жангак;75;7;13;20;7;13;20;8;16;24;8;11;19
Джалал-Абадская обл.;4170300000000000;Сузакский р-н;41703220000000000;305871;ЦОВП КОКЖАНГАК;Центр общеврачебной практики г.Кок-Жангак;76;5;5;10;5;5;10;17;7;24;17;7;24
Джалал-Абадская обл.;4170300000000000;Сузакский р-н;41703220000000000;305871;ЦОВП КОКЖАНГАК;Центр общеврачебной практики г.Кок-Жангак;77;7;7;14;7;7;14;7;23;30;7;23;30
Джалал-Абадская обл.;4170300000000000;Сузакский р-н;41703220000000000;305871;ЦОВП КОКЖАНГАК;Центр общеврачебной практики г.Кок-Жангак;78;3;6;9;3;6;9;13;13;26;13;13;26
Джалал-Абадская обл.;4170300000000000;Сузакский р-н;41703220000000000;305871;ЦОВП КОКЖАНГАК;Центр общеврачебной практики г.Кок-Жангак;79;3;5;8;3;5;8;5;4;9;5;4;9
Джалал-Абадская обл.;4170300000000000;Сузакский р-н;41703220000000000;305871;ЦОВП КОКЖАНГАК;Центр общеврачебной практики г.Кок-Жангак;80;1;8;9;1;8;9;4;6;10;4;6;10
Джалал-Абадская обл.;4170300000000000;Сузакский р-н;41703220000000000;305871;ЦОВП КОКЖАНГАК;Центр общеврачебной практики г.Кок-Жангак;81;1;4;5;1;4;5;9;8;17;9;8;17
Джалал-Абадская обл.;4170300000000000;Сузакский р-н;41703220000000000;305871;ЦОВП КОКЖАНГАК;Центр общеврачебной практики г.Кок-Жангак;82;2;8;10;2;7;9;5;10;15;5;10;15
Джалал-Абадская обл.;4170300000000000;Сузакский р-н;41703220000000000;305871;ЦОВП КОКЖАНГАК;Центр общеврачебной практики г.Кок-Жангак;83;3;9;12;3;9;12;6;8;14;6;8;14
Джалал-Абадская обл.;4170300000000000;Сузакский р-н;41703220000000000;305871;ЦОВП КОКЖАНГАК;Центр общеврачебной практики г.Кок-Жангак;84;0;4;4;0;4;4;4;3;7;4;3;7
Джалал-Абадская обл.;4170300000000000;Сузакский р-н;41703220000000000;305871;ЦОВП КОКЖАНГАК;Центр общеврачебной практики г.Кок-Жангак;85;4;6;10;4;6;10;2;3;5;2;3;5
Джалал-Абадская обл.;4170300000000000;Сузакский р-н;41703220000000000;305871;ЦОВП КОКЖАНГАК;Центр общеврачебной практики г.Кок-Жангак;86;4;9;13;4;9;13;2;11;13;2;11;13
Джалал-Абадская обл.;4170300000000000;Сузакский р-н;41703220000000000;305871;ЦОВП КОКЖАНГАК;Центр общеврачебной практики г.Кок-Жангак;87;1;3;4;1;3;4;4;7;11;4;7;11
Джалал-Абадская обл.;4170300000000000;Сузакский р-н;41703220000000000;305871;ЦОВП КОКЖАНГАК;Центр общеврачебной практики г.Кок-Жангак;88;2;7;9;2;6;8;6;6;12;6;5;11
Джалал-Абадская обл.;4170300000000000;Сузакский р-н;41703220000000000;305871;ЦОВП КОКЖАНГАК;Центр общеврачебной практики г.Кок-Жангак;89;1;4;5;1;4;5;1;2;3;1;2;3
Джалал-Абадская обл.;4170300000000000;Сузакский р-н;41703220000000000;305871;ЦОВП КОКЖАНГАК;Центр общеврачебной практики г.Кок-Жангак;90;3;2;5;3;2;5;0;2;2;0;2;2
Джалал-Абадская обл.;4170300000000000;Сузакский р-н;41703220000000000;305871;ЦОВП КОКЖАНГАК;Центр общеврачебной практики г.Кок-Жангак;91;0;3;3;0;3;3;0;9;9;0;9;9
Джалал-Абадская обл.;4170300000000000;Сузакский р-н;41703220000000000;305871;ЦОВП КОКЖАНГАК;Центр общеврачебной практики г.Кок-Жангак;92;0;4;4;0;4;4;0;8;8;0;8;8
Джалал-Абадская обл.;4170300000000000;Сузакский р-н;41703220000000000;305871;ЦОВП КОКЖАНГАК;Центр общеврачебной практики г.Кок-Жангак;93;0;1;1;0;1;1;0;5;5;0;5;5
Джалал-Абадская обл.;4170300000000000;Сузакский р-н;41703220000000000;305871;ЦОВП КОКЖАНГАК;Центр общеврачебной практики г.Кок-Жангак;95;1;1;2;1;1;2;3;0;3;3;0;3
Нарынская обл.;4170400000000000;Кочкорский р-н;41704235000000000;441641;ЦОВП Кочкорского района Нарынской области;Центр общеврачебной практики Кочкорского района Нарынской области;0;398;374;772;398;374;772;5354;4977;10331;5354;4977;10331
Нарынская обл.;4170400000000000;Кочкорский р-н;41704235000000000;441641;ЦОВП Кочкорского района Нарынской области;Центр общеврачебной практики Кочкорского района Нарынской области;1;480;483;963;480;483;963;2681;2455;5136;2681;2455;5136
Нарынская обл.;4170400000000000;Кочкорский р-н;41704235000000000;441641;ЦОВП Кочкорского района Нарынской области;Центр общеврачебной практики Кочкорского района Нарынской области;2;517;516;1033;517;516;1033;2450;2431;4881;2450;2431;4881
Нарынская обл.;4170400000000000;Кочкорский р-н;41704235000000000;441641;ЦОВП Кочкорского района Нарынской области;Центр общеврачебной практики Кочкорского района Нарынской области;3;632;601;1233;632;601;1233;2109;1811;3920;2109;1811;3920
Нарынская обл.;4170400000000000;Кочкорский р-н;41704235000000000;441641;ЦОВП Кочкорского района Нарынской области;Центр общеврачебной практики Кочкорского района Нарынской области;4;640;607;1247;640;607;1247;1929;1701;3630;1929;1701;3630
Нарынская обл.;4170400000000000;Кочкорский р-н;41704235000000000;441641;ЦОВП Кочкорского района Нарынской области;Центр общеврачебной практики Кочкорского района Нарынской области;5;660;650;1310;660;650;1310;2237;2197;4434;2237;2197;4434
Нарынская обл.;4170400000000000;Кочкорский р-н;41704235000000000;441641;ЦОВП Кочкорского района Нарынской области;Центр общеврачебной практики Кочкорского района Нарынской области;6;728;766;1494;728;766;1494;2243;2040;4283;2243;2040;4283
Нарынская обл.;4170400000000000;Кочкорский р-н;41704235000000000;441641;ЦОВП Кочкорского района Нарынской области;Центр общеврачебной практики Кочкорского района Нарынской области;7;691;708;1399;691;708;1399;965;903;1868;965;903;1868
Нарынская обл.;4170400000000000;Кочкорский р-н;41704235000000000;441641;ЦОВП Кочкорского района Нарынской области;Центр общеврачебной практики Кочкорского района Нарынской области;8;737;788;1525;737;788;1525;981;840;1821;981;840;1821
Нарынская обл.;4170400000000000;Кочкорский р-н;41704235000000000;441641;ЦОВП Кочкорского района Нарынской области;Центр общеврачебной практики Кочкорского района Нарынской области;9;727;806;1533;727;806;1533;719;766;1485;719;766;1485
Нарынская обл.;4170400000000000;Кочкорский р-н;41704235000000000;441641;ЦОВП Кочкорского района Нарынской области;Центр общеврачебной практики Кочкорского района Нарынской области;10;670;760;1430;670;760;1430;940;850;1790;940;850;1790
Нарынская обл.;4170400000000000;Кочкорский р-н;41704235000000000;441641;ЦОВП Кочкорского района Нарынской области;Центр общеврачебной практики Кочкорского района Нарынской области;11;726;863;1589;726;863;1589;1025;1196;2221;1025;1196;2221
Нарынская обл.;4170400000000000;Кочкорский р-н;41704235000000000;441641;ЦОВП Кочкорского района Нарынской области;Центр общеврачебной практики Кочкорского района Нарынской области;12;787;762;1549;787;762;1549;712;491;1203;712;491;1203
Нарынская обл.;4170400000000000;Кочкорский р-н;41704235000000000;441641;ЦОВП Кочкорского района Нарынской области;Центр общеврачебной практики Кочкорского района Нарынской области;13;759;791;1550;759;791;1550;824;616;1440;824;616;1440
Нарынская обл.;4170400000000000;Кочкорский р-н;41704235000000000;441641;ЦОВП Кочкорского района Нарынской области;Центр общеврачебной практики Кочкорского района Нарынской области;14;729;756;1485;729;756;1485;1099;978;2077;1099;978;2077
Нарынская обл.;4170400000000000;Кочкорский р-н;41704235000000000;441641;ЦОВП Кочкорского района Нарынской области;Центр общеврачебной практики Кочкорского района Нарынской области;15;759;795;1554;759;795;1554;1384;1018;2402;1384;1018;2402
Нарынская обл.;4170400000000000;Кочкорский р-н;41704235000000000;441641;ЦОВП Кочкорского района Нарынской области;Центр общеврачебной практики Кочкорского района Нарынской области;16;705;743;1448;705;743;1448;1169;1210;2379;1117;1178;2295
Нарынская обл.;4170400000000000;Кочкорский р-н;41704235000000000;441641;ЦОВП Кочкорского района Нарынской области;Центр общеврачебной практики Кочкорского района Нарынской области;17;668;654;1322;621;612;1233;1099;1117;2216;923;970;1893
Нарынская обл.;4170400000000000;Кочкорский р-н;41704235000000000;441641;ЦОВП Кочкорского района Нарынской области;Центр общеврачебной практики Кочкорского района Нарынской области;18;595;667;1262;514;595;1109;2116;1633;3749;1359;1049;2408
Нарынская обл.;4170400000000000;Кочкорский р-н;41704235000000000;441641;ЦОВП Кочкорского района Нарынской области;Центр общеврачебной практики Кочкорского района Нарынской области;19;611;560;1171;130;140;270;1510;1176;2686;257;366;623
Нарынская обл.;4170400000000000;Кочкорский р-н;41704235000000000;441641;ЦОВП Кочкорского района Нарынской области;Центр общеврачебной практики Кочкорского района Нарынской области;20;624;527;1151;77;86;163;987;1160;2147;153;571;724
Нарынская обл.;4170400000000000;Кочкорский р-н;41704235000000000;441641;ЦОВП Кочкорского района Нарынской области;Центр общеврачебной практики Кочкорского района Нарынской области;21;588;512;1100;94;120;214;854;1291;2145;247;714;961
Нарынская обл.;4170400000000000;Кочкорский р-н;41704235000000000;441641;ЦОВП Кочкорского района Нарынской области;Центр общеврачебной практики Кочкорского района Нарынской области;22;573;497;1070;90;150;240;841;1300;2141;241;882;1123
Нарынская обл.;4170400000000000;Кочкорский р-н;41704235000000000;441641;ЦОВП Кочкорского района Нарынской области;Центр общеврачебной практики Кочкорского района Нарынской области;23;578;512;1090;99;188;287;666;1285;1951;278;915;1193
Нарынская обл.;4170400000000000;Кочкорский р-н;41704235000000000;441641;ЦОВП Кочкорского района Нарынской области;Центр общеврачебной практики Кочкорского района Нарынской области;24;540;479;1019;111;181;292;724;1304;2028;227;963;1190
Нарынская обл.;4170400000000000;Кочкорский р-н;41704235000000000;441641;ЦОВП Кочкорского района Нарынской области;Центр общеврачебной практики Кочкорского района Нарынской области;25;571;458;1029;154;197;351;768;1296;2064;329;1023;1352
Нарынская обл.;4170400000000000;Кочкорский р-н;41704235000000000;441641;ЦОВП Кочкорского района Нарынской области;Центр общеврачебной практики Кочкорского района Нарынской области;26;507;395;902;180;181;361;701;1275;1976;369;954;1323
Нарынская обл.;4170400000000000;Кочкорский р-н;41704235000000000;441641;ЦОВП Кочкорского района Нарынской области;Центр общеврачебной практики Кочкорского района Нарынской области;27;546;425;971;189;198;387;664;1213;1877;292;868;1160
Нарынская обл.;4170400000000000;Кочкорский р-н;41704235000000000;441641;ЦОВП Кочкорского района Нарынской области;Центр общеврачебной практики Кочкорского района Нарынской области;28;488;358;846;200;201;401;546;1582;2128;332;1218;1550
Нарынская обл.;4170400000000000;Кочкорский р-н;41704235000000000;441641;ЦОВП Кочкорского района Нарынской области;Центр общеврачебной практики Кочкорского района Нарынской области;29;485;386;871;229;232;461;599;1409;2008;395;1116;1511
Нарынская обл.;4170400000000000;Кочкорский р-н;41704235000000000;441641;ЦОВП Кочкорского района Нарынской области;Центр общеврачебной практики Кочкорского района Нарынской области;30;475;362;837;268;258;526;594;1634;2228;455;1412;1867
Нарынская обл.;4170400000000000;Кочкорский р-н;41704235000000000;441641;ЦОВП Кочкорского района Нарынской области;Центр общеврачебной практики Кочкорского района Нарынской области;31;497;429;926;311;300;611;792;1641;2433;626;1360;1986
Нарынская обл.;4170400000000000;Кочкорский р-н;41704235000000000;441641;ЦОВП Кочкорского района Нарынской области;Центр общеврачебной практики Кочкорского района Нарынской области;32;511;395;906;349;275;624;816;1543;2359;611;1241;1852
Нарынская обл.;4170400000000000;Кочкорский р-н;41704235000000000;441641;ЦОВП Кочкорского района Нарынской области;Центр общеврачебной практики Кочкорского района Нарынской области;33;474;393;867;307;267;574;795;1615;2410;623;1279;1902
Нарынская обл.;4170400000000000;Кочкорский р-н;41704235000000000;441641;ЦОВП Кочкорского района Нарынской области;Центр общеврачебной практики Кочкорского района Нарынской области;34;487;386;873;324;277;601;614;1418;2032;443;1210;1653
Нарынская обл.;4170400000000000;Кочкорский р-н;41704235000000000;441641;ЦОВП Кочкорского района Нарынской области;Центр общеврачебной практики Кочкорского района Нарынской области;35;471;366;837;319;269;588;701;1400;2101;536;1180;1716
Нарынская обл.;4170400000000000;Кочкорский р-н;41704235000000000;441641;ЦОВП Кочкорского района Нарынской области;Центр общеврачебной практики Кочкорского района Нарынской области;36;472;418;890;330;292;622;957;1787;2744;743;1435;2178
Нарынская обл.;4170400000000000;Кочкорский р-н;41704235000000000;441641;ЦОВП Кочкорского района Нарынской области;Центр общеврачебной практики Кочкорского района Нарынской области;37;523;407;930;358;267;625;756;1619;2375;573;1340;1913
Нарынская обл.;4170400000000000;Кочкорский р-н;41704235000000000;441641;ЦОВП Кочкорского района Нарынской области;Центр общеврачебной практики Кочкорского района Нарынской области;38;452;403;855;292;295;587;693;1374;2067;498;1170;1668
Нарынская обл.;4170400000000000;Кочкорский р-н;41704235000000000;441641;ЦОВП Кочкорского района Нарынской области;Центр общеврачебной практики Кочкорского района Нарынской области;39;407;384;791;270;292;562;736;1404;2140;574;1232;1806
Нарынская обл.;4170400000000000;Кочкорский р-н;41704235000000000;441641;ЦОВП Кочкорского района Нарынской области;Центр общеврачебной практики Кочкорского района Нарынской области;40;398;385;783;268;272;540;697;1279;1976;529;1031;1560
Нарынская обл.;4170400000000000;Кочкорский р-н;41704235000000000;441641;ЦОВП Кочкорского района Нарынской области;Центр общеврачебной практики Кочкорского района Нарынской области;41;438;373;811;280;262;542;747;1096;1843;573;910;1483
Нарынская обл.;4170400000000000;Кочкорский р-н;41704235000000000;441641;ЦОВП Кочкорского района Нарынской области;Центр общеврачебной практики Кочкорского района Нарынской области;42;389;345;734;264;238;502;777;1092;1869;620;886;1506
Нарынская обл.;4170400000000000;Кочкорский р-н;41704235000000000;441641;ЦОВП Кочкорского района Нарынской области;Центр общеврачебной практики Кочкорского района Нарынской области;43;405;381;786;269;262;531;603;1078;1681;456;930;1386
Нарынская обл.;4170400000000000;Кочкорский р-н;41704235000000000;441641;ЦОВП Кочкорского района Нарынской области;Центр общеврачебной практики Кочкорского района Нарынской области;44;347;315;662;228;225;453;598;1049;1647;484;890;1374
Нарынская обл.;4170400000000000;Кочкорский р-н;41704235000000000;441641;ЦОВП Кочкорского района Нарынской области;Центр общеврачебной практики Кочкорского района Нарынской области;45;370;378;748;238;271;509;823;1193;2016;677;1006;1683
Нарынская обл.;4170400000000000;Кочкорский р-н;41704235000000000;441641;ЦОВП Кочкорского района Нарынской области;Центр общеврачебной практики Кочкорского района Нарынской области;46;334;350;684;219;236;455;728;1166;1894;554;956;1510
Нарынская обл.;4170400000000000;Кочкорский р-н;41704235000000000;441641;ЦОВП Кочкорского района Нарынской области;Центр общеврачебной практики Кочкорского района Нарынской области;47;366;350;716;246;255;501;712;930;1642;569;749;1318
Нарынская обл.;4170400000000000;Кочкорский р-н;41704235000000000;441641;ЦОВП Кочкорского района Нарынской области;Центр общеврачебной практики Кочкорского района Нарынской области;48;388;337;725;253;225;478;771;933;1704;616;776;1392
Нарынская обл.;4170400000000000;Кочкорский р-н;41704235000000000;441641;ЦОВП Кочкорского района Нарынской области;Центр общеврачебной практики Кочкорского района Нарынской области;49;370;342;712;244;243;487;787;912;1699;611;769;1380
Нарынская обл.;4170400000000000;Кочкорский р-н;41704235000000000;441641;ЦОВП Кочкорского района Нарынской области;Центр общеврачебной практики Кочкорского района Нарынской области;50;330;305;635;218;225;443;796;910;1706;596;780;1376
Нарынская обл.;4170400000000000;Кочкорский р-н;41704235000000000;441641;ЦОВП Кочкорского района Нарынской области;Центр общеврачебной практики Кочкорского района Нарынской области;51;363;306;669;244;219;463;690;823;1513;552;732;1284
Нарынская обл.;4170400000000000;Кочкорский р-н;41704235000000000;441641;ЦОВП Кочкорского района Нарынской области;Центр общеврачебной практики Кочкорского района Нарынской области;52;311;292;603;223;222;445;695;825;1520;550;708;1258
Нарынская обл.;4170400000000000;Кочкорский р-н;41704235000000000;441641;ЦОВП Кочкорского района Нарынской области;Центр общеврачебной практики Кочкорского района Нарынской области;53;345;303;648;245;232;477;740;872;1612;588;766;1354
Нарынская обл.;4170400000000000;Кочкорский р-н;41704235000000000;441641;ЦОВП Кочкорского района Нарынской области;Центр общеврачебной практики Кочкорского района Нарынской области;54;333;266;599;222;204;426;602;887;1489;493;729;1222
Нарынская обл.;4170400000000000;Кочкорский р-н;41704235000000000;441641;ЦОВП Кочкорского района Нарынской области;Центр общеврачебной практики Кочкорского района Нарынской области;55;292;279;571;218;210;428;676;849;1525;519;754;1273
Нарынская обл.;4170400000000000;Кочкорский р-н;41704235000000000;441641;ЦОВП Кочкорского района Нарынской области;Центр общеврачебной практики Кочкорского района Нарынской области;56;270;277;547;190;226;416;641;890;1531;510;824;1334
Нарынская обл.;4170400000000000;Кочкорский р-н;41704235000000000;441641;ЦОВП Кочкорского района Нарынской области;Центр общеврачебной практики Кочкорского района Нарынской области;57;301;278;579;222;236;458;652;792;1444;528;725;1253
Нарынская обл.;4170400000000000;Кочкорский р-н;41704235000000000;441641;ЦОВП Кочкорского района Нарынской области;Центр общеврачебной практики Кочкорского района Нарынской области;58;290;236;526;215;198;413;680;791;1471;583;710;1293
Нарынская обл.;4170400000000000;Кочкорский р-н;41704235000000000;441641;ЦОВП Кочкорского района Нарынской области;Центр общеврачебной практики Кочкорского района Нарынской области;59;240;254;494;191;218;409;623;873;1496;569;800;1369
Нарынская обл.;4170400000000000;Кочкорский р-н;41704235000000000;441641;ЦОВП Кочкорского района Нарынской области;Центр общеврачебной практики Кочкорского района Нарынской области;60;262;238;500;218;214;432;590;757;1347;525;729;1254
Нарынская обл.;4170400000000000;Кочкорский р-н;41704235000000000;441641;ЦОВП Кочкорского района Нарынской области;Центр общеврачебной практики Кочкорского района Нарынской области;61;246;280;526;197;275;472;554;963;1517;516;951;1467
Нарынская обл.;4170400000000000;Кочкорский р-н;41704235000000000;441641;ЦОВП Кочкорского района Нарынской области;Центр общеврачебной практики Кочкорского района Нарынской области;62;237;250;487;196;242;438;669;976;1645;612;929;1541
Нарынская обл.;4170400000000000;Кочкорский р-н;41704235000000000;441641;ЦОВП Кочкорского района Нарынской области;Центр общеврачебной практики Кочкорского района Нарынской области;63;234;294;528;203;288;491;642;1005;1647;572;965;1537
Нарынская обл.;4170400000000000;Кочкорский р-н;41704235000000000;441641;ЦОВП Кочкорского района Нарынской области;Центр общеврачебной практики Кочкорского района Нарынской области;64;218;307;525;195;300;495;548;964;1512;517;946;1463
Нарынская обл.;4170400000000000;Кочкорский р-н;41704235000000000;441641;ЦОВП Кочкорского района Нарынской области;Центр общеврачебной практики Кочкорского района Нарынской области;65;223;235;458;209;232;441;580;929;1509;554;898;1452
Нарынская обл.;4170400000000000;Кочкорский р-н;41704235000000000;441641;ЦОВП Кочкорского района Нарынской области;Центр общеврачебной практики Кочкорского района Нарынской области;66;180;243;423;176;235;411;502;740;1242;499;733;1232
Нарынская обл.;4170400000000000;Кочкорский р-н;41704235000000000;441641;ЦОВП Кочкорского района Нарынской области;Центр общеврачебной практики Кочкорского района Нарынской области;67;163;185;348;160;181;341;426;660;1086;425;658;1083
Нарынская обл.;4170400000000000;Кочкорский р-н;41704235000000000;441641;ЦОВП Кочкорского района Нарынской области;Центр общеврачебной практики Кочкорского района Нарынской области;68;152;230;382;149;226;375;428;911;1339;425;900;1325
Нарынская обл.;4170400000000000;Кочкорский р-н;41704235000000000;441641;ЦОВП Кочкорского района Нарынской области;Центр общеврачебной практики Кочкорского района Нарынской области;69;144;189;333;139;185;324;389;665;1054;366;646;1012
Нарынская обл.;4170400000000000;Кочкорский р-н;41704235000000000;441641;ЦОВП Кочкорского района Нарынской области;Центр общеврачебной практики Кочкорского района Нарынской области;70;113;182;295;110;181;291;310;669;979;308;664;972
Нарынская обл.;4170400000000000;Кочкорский р-н;41704235000000000;441641;ЦОВП Кочкорского района Нарынской области;Центр общеврачебной практики Кочкорского района Нарынской области;71;106;195;301;105;192;297;367;677;1044;354;654;1008
Нарынская обл.;4170400000000000;Кочкорский р-н;41704235000000000;441641;ЦОВП Кочкорского района Нарынской области;Центр общеврачебной практики Кочкорского района Нарынской области;72;93;169;262;91;166;257;313;599;912;299;599;898
Нарынская обл.;4170400000000000;Кочкорский р-н;41704235000000000;441641;ЦОВП Кочкорского района Нарынской области;Центр общеврачебной практики Кочкорского района Нарынской области;73;97;141;238;93;139;232;246;441;687;243;441;684
Нарынская обл.;4170400000000000;Кочкорский р-н;41704235000000000;441641;ЦОВП Кочкорского района Нарынской области;Центр общеврачебной практики Кочкорского района Нарынской области;74;103;108;211;102;108;210;366;427;793;362;427;789
Нарынская обл.;4170400000000000;Кочкорский р-н;41704235000000000;441641;ЦОВП Кочкорского района Нарынской области;Центр общеврачебной практики Кочкорского района Нарынской области;75;87;124;211;86;122;208;219;309;528;216;306;522
Нарынская обл.;4170400000000000;Кочкорский р-н;41704235000000000;441641;ЦОВП Кочкорского района Нарынской области;Центр общеврачебной практики Кочкорского района Нарынской области;76;77;90;167;74;87;161;199;306;505;197;306;503
Нарынская обл.;4170400000000000;Кочкорский р-н;41704235000000000;441641;ЦОВП Кочкорского района Нарынской области;Центр общеврачебной практики Кочкорского района Нарынской области;77;53;88;141;52;88;140;208;221;429;196;214;410
Нарынская обл.;4170400000000000;Кочкорский р-н;41704235000000000;441641;ЦОВП Кочкорского района Нарынской области;Центр общеврачебной практики Кочкорского района Нарынской области;78;44;72;116;43;70;113;86;137;223;85;131;216
Нарынская обл.;4170400000000000;Кочкорский р-н;41704235000000000;441641;ЦОВП Кочкорского района Нарынской области;Центр общеврачебной практики Кочкорского района Нарынской области;79;18;32;50;18;32;50;66;74;140;66;72;138
Нарынская обл.;4170400000000000;Кочкорский р-н;41704235000000000;441641;ЦОВП Кочкорского района Нарынской области;Центр общеврачебной практики Кочкорского района Нарынской области;80;18;23;41;18;21;39;86;71;157;82;67;149
Нарынская обл.;4170400000000000;Кочкорский р-н;41704235000000000;441641;ЦОВП Кочкорского района Нарынской области;Центр общеврачебной практики Кочкорского района Нарынской области;81;24;31;55;22;31;53;95;106;201;90;105;195
Нарынская обл.;4170400000000000;Кочкорский р-н;41704235000000000;441641;ЦОВП Кочкорского района Нарынской области;Центр общеврачебной практики Кочкорского района Нарынской области;82;43;61;104;41;60;101;117;111;228;117;111;228
Нарынская обл.;4170400000000000;Кочкорский р-н;41704235000000000;441641;ЦОВП Кочкорского района Нарынской области;Центр общеврачебной практики Кочкорского района Нарынской области;83;30;43;73;30;42;72;112;155;267;105;152;257
Нарынская обл.;4170400000000000;Кочкорский р-н;41704235000000000;441641;ЦОВП Кочкорского района Нарынской области;Центр общеврачебной практики Кочкорского района Нарынской области;84;38;75;113;36;73;109;107;226;333;107;224;331
Нарынская обл.;4170400000000000;Кочкорский р-н;41704235000000000;441641;ЦОВП Кочкорского района Нарынской области;Центр общеврачебной практики Кочкорского района Нарынской области;85;31;62;93;31;59;90;98;151;249;98;149;247
Нарынская обл.;4170400000000000;Кочкорский р-н;41704235000000000;441641;ЦОВП Кочкорского района Нарынской области;Центр общеврачебной практики Кочкорского района Нарынской области;86;22;54;76;21;54;75;53;105;158;50;105;155
Нарынская обл.;4170400000000000;Кочкорский р-н;41704235000000000;441641;ЦОВП Кочкорского района Нарынской области;Центр общеврачебной практики Кочкорского района Нарынской области;87;24;37;61;22;35;57;56;84;140;50;84;134
Нарынская обл.;4170400000000000;Кочкорский р-н;41704235000000000;441641;ЦОВП Кочкорского района Нарынской области;Центр общеврачебной практики Кочкорского района Нарынской области;88;9;37;46;9;35;44;39;44;83;39;43;82
Нарынская обл.;4170400000000000;Кочкорский р-н;41704235000000000;441641;ЦОВП Кочкорского района Нарынской области;Центр общеврачебной практики Кочкорского района Нарынской области;89;7;13;20;7;12;19;40;36;76;40;36;76
Нарынская обл.;4170400000000000;Кочкорский р-н;41704235000000000;441641;ЦОВП Кочкорского района Нарынской области;Центр общеврачебной практики Кочкорского района Нарынской области;90;5;22;27;5;22;27;58;46;104;58;46;104
Нарынская обл.;4170400000000000;Кочкорский р-н;41704235000000000;441641;ЦОВП Кочкорского района Нарынской области;Центр общеврачебной практики Кочкорского района Нарынской области;91;7;15;22;7;14;21;13;43;56;11;43;54
Нарынская обл.;4170400000000000;Кочкорский р-н;41704235000000000;441641;ЦОВП Кочкорского района Нарынской области;Центр общеврачебной практики Кочкорского района Нарынской области;92;6;26;32;5;26;31;17;50;67;16;50;66
Нарынская обл.;4170400000000000;Кочкорский р-н;41704235000000000;441641;ЦОВП Кочкорского района Нарынской области;Центр общеврачебной практики Кочкорского района Нарынской области;93;4;9;13;4;8;12;5;25;30;5;25;30
Нарынская обл.;4170400000000000;Кочкорский р-н;41704235000000000;441641;ЦОВП Кочкорского района Нарынской области;Центр общеврачебной практики Кочкорского района Нарынской области;94;2;14;16;2;14;16;0;32;32;0;32;32
Нарынская обл.;4170400000000000;Кочкорский р-н;41704235000000000;441641;ЦОВП Кочкорского района Нарынской области;Центр общеврачебной практики Кочкорского района Нарынской области;95;0;10;10;0;10;10;0;20;20;0;14;14
Нарынская обл.;4170400000000000;Кочкорский р-н;41704235000000000;441641;ЦОВП Кочкорского района Нарынской области;Центр общеврачебной практики Кочкорского района Нарынской области;96;0;3;3;0;3;3;0;1;1;0;1;1
Нарынская обл.;4170400000000000;Кочкорский р-н;41704235000000000;441641;ЦОВП Кочкорского района Нарынской области;Центр общеврачебной практики Кочкорского района Нарынской области;97;0;3;3;0;3;3;0;6;6;0;6;6
Нарынская обл.;4170400000000000;Кочкорский р-н;41704235000000000;441641;ЦОВП Кочкорского района Нарынской области;Центр общеврачебной практики Кочкорского района Нарынской области;98;0;1;1;0;1;1;0;5;5;0;5;5
Нарынская обл.;4170400000000000;Кочкорский р-н;41704235000000000;441641;ЦОВП Кочкорского района Нарынской области;Центр общеврачебной практики Кочкорского района Нарынской области;99;0;3;3;0;3;3;0;3;3;0;3;3
Нарынская обл.;4170400000000000;Кочкорский р-н;41704235000000000;441641;ЦОВП Кочкорского района Нарынской области;Центр общеврачебной практики Кочкорского района Нарынской области;100;0;1;1;0;1;1;0;2;2;0;2;2
Нарынская обл.;4170400000000000;Кочкорский р-н;41704235000000000;441641;ЦОВП Кочкорского района Нарынской области;Центр общеврачебной практики Кочкорского района Нарынской области;102;0;0;0;0;0;0;0;5;5;0;5;5
Нарынская обл.;4170400000000000;Кочкорский р-н;41704235000000000;441641;ЦОВП Кочкорского района Нарынской области;Центр общеврачебной практики Кочкорского района Нарынской области;104;0;2;2;0;2;2;0;4;4;0;4;4
Нарынская обл.;4170400000000000;Кочкорский р-н;41704235000000000;441641;ЦОВП Кочкорского района Нарынской области;Центр общеврачебной практики Кочкорского района Нарынской области;107;0;0;0;0;0;0;0;1;1;0;1;1
Нарынская обл.;4170400000000000;Кочкорский р-н;41704235000000000;441641;ЦОВП Кочкорского района Нарынской области;Центр общеврачебной практики Кочкорского района Нарынской области;108;0;1;1;0;1;1;0;1;1;0;1;1
Нарынская обл.;4170400000000000;Кочкорский р-н;41704235000000000;441641;ЦОВП Кочкорского района Нарынской области;Центр общеврачебной практики Кочкорского района Нарынской области;109;0;0;0;0;0;0;0;1;1;0;0;0
Таласская обл.;4170700000000000;Манасский р-н;41707225000000000;721131;ЦОВП МАНАССКОГО РАЙОНА;ЦЕНТР ОБЩЕВРАЧЕБНОЙ ПРАКТИКИ МАНАССКОГО РАЙОНА;0;216;218;434;216;218;434;1088;927;2015;1088;927;2015
Таласская обл.;4170700000000000;Манасский р-н;41707225000000000;721131;ЦОВП МАНАССКОГО РАЙОНА;ЦЕНТР ОБЩЕВРАЧЕБНОЙ ПРАКТИКИ МАНАССКОГО РАЙОНА;1;306;299;605;306;299;605;507;514;1021;507;514;1021
Таласская обл.;4170700000000000;Манасский р-н;41707225000000000;721131;ЦОВП МАНАССКОГО РАЙОНА;ЦЕНТР ОБЩЕВРАЧЕБНОЙ ПРАКТИКИ МАНАССКОГО РАЙОНА;2;299;315;614;299;315;614;402;417;819;402;417;819
Таласская обл.;4170700000000000;Манасский р-н;41707225000000000;721131;ЦОВП МАНАССКОГО РАЙОНА;ЦЕНТР ОБЩЕВРАЧЕБНОЙ ПРАКТИКИ МАНАССКОГО РАЙОНА;3;315;330;645;315;330;645;308;348;656;308;348;656
Таласская обл.;4170700000000000;Манасский р-н;41707225000000000;721131;ЦОВП МАНАССКОГО РАЙОНА;ЦЕНТР ОБЩЕВРАЧЕБНОЙ ПРАКТИКИ МАНАССКОГО РАЙОНА;4;318;323;641;318;323;641;293;409;702;293;409;702
Таласская обл.;4170700000000000;Манасский р-н;41707225000000000;721131;ЦОВП МАНАССКОГО РАЙОНА;ЦЕНТР ОБЩЕВРАЧЕБНОЙ ПРАКТИКИ МАНАССКОГО РАЙОНА;5;311;352;663;311;352;663;426;431;857;426;431;857
Таласская обл.;4170700000000000;Манасский р-н;41707225000000000;721131;ЦОВП МАНАССКОГО РАЙОНА;ЦЕНТР ОБЩЕВРАЧЕБНОЙ ПРАКТИКИ МАНАССКОГО РАЙОНА;6;318;378;696;318;378;696;249;301;550;249;301;550
Таласская обл.;4170700000000000;Манасский р-н;41707225000000000;721131;ЦОВП МАНАССКОГО РАЙОНА;ЦЕНТР ОБЩЕВРАЧЕБНОЙ ПРАКТИКИ МАНАССКОГО РАЙОНА;7;315;329;644;315;329;644;106;91;197;106;91;197
Таласская обл.;4170700000000000;Манасский р-н;41707225000000000;721131;ЦОВП МАНАССКОГО РАЙОНА;ЦЕНТР ОБЩЕВРАЧЕБНОЙ ПРАКТИКИ МАНАССКОГО РАЙОНА;8;322;383;705;322;383;705;107;62;169;107;62;169
Таласская обл.;4170700000000000;Манасский р-н;41707225000000000;721131;ЦОВП МАНАССКОГО РАЙОНА;ЦЕНТР ОБЩЕВРАЧЕБНОЙ ПРАКТИКИ МАНАССКОГО РАЙОНА;9;343;434;777;343;434;777;80;72;152;80;72;152
Таласская обл.;4170700000000000;Манасский р-н;41707225000000000;721131;ЦОВП МАНАССКОГО РАЙОНА;ЦЕНТР ОБЩЕВРАЧЕБНОЙ ПРАКТИКИ МАНАССКОГО РАЙОНА;10;363;384;747;363;384;747;114;89;203;114;89;203
Таласская обл.;4170700000000000;Манасский р-н;41707225000000000;721131;ЦОВП МАНАССКОГО РАЙОНА;ЦЕНТР ОБЩЕВРАЧЕБНОЙ ПРАКТИКИ МАНАССКОГО РАЙОНА;11;332;450;782;332;450;782;108;76;184;108;76;184
Таласская обл.;4170700000000000;Манасский р-н;41707225000000000;721131;ЦОВП МАНАССКОГО РАЙОНА;ЦЕНТР ОБЩЕВРАЧЕБНОЙ ПРАКТИКИ МАНАССКОГО РАЙОНА;12;330;453;783;330;453;783;75;64;139;75;64;139
Таласская обл.;4170700000000000;Манасский р-н;41707225000000000;721131;ЦОВП МАНАССКОГО РАЙОНА;ЦЕНТР ОБЩЕВРАЧЕБНОЙ ПРАКТИКИ МАНАССКОГО РАЙОНА;13;338;407;745;338;407;745;100;75;175;100;75;175
Таласская обл.;4170700000000000;Манасский р-н;41707225000000000;721131;ЦОВП МАНАССКОГО РАЙОНА;ЦЕНТР ОБЩЕВРАЧЕБНОЙ ПРАКТИКИ МАНАССКОГО РАЙОНА;14;355;472;827;355;472;827;92;86;178;92;86;178
Таласская обл.;4170700000000000;Манасский р-н;41707225000000000;721131;ЦОВП МАНАССКОГО РАЙОНА;ЦЕНТР ОБЩЕВРАЧЕБНОЙ ПРАКТИКИ МАНАССКОГО РАЙОНА;15;356;439;795;356;439;795;184;230;414;184;230;414
Таласская обл.;4170700000000000;Манасский р-н;41707225000000000;721131;ЦОВП МАНАССКОГО РАЙОНА;ЦЕНТР ОБЩЕВРАЧЕБНОЙ ПРАКТИКИ МАНАССКОГО РАЙОНА;16;330;444;774;330;442;772;170;220;390;162;206;368
Таласская обл.;4170700000000000;Манасский р-н;41707225000000000;721131;ЦОВП МАНАССКОГО РАЙОНА;ЦЕНТР ОБЩЕВРАЧЕБНОЙ ПРАКТИКИ МАНАССКОГО РАЙОНА;17;345;413;758;293;357;650;277;308;585;204;230;434
Таласская обл.;4170700000000000;Манасский р-н;41707225000000000;721131;ЦОВП МАНАССКОГО РАЙОНА;ЦЕНТР ОБЩЕВРАЧЕБНОЙ ПРАКТИКИ МАНАССКОГО РАЙОНА;18;263;306;569;202;251;453;282;424;706;152;289;441
Таласская обл.;4170700000000000;Манасский р-н;41707225000000000;721131;ЦОВП МАНАССКОГО РАЙОНА;ЦЕНТР ОБЩЕВРАЧЕБНОЙ ПРАКТИКИ МАНАССКОГО РАЙОНА;19;234;254;488;45;61;106;204;373;577;8;114;122
Таласская обл.;4170700000000000;Манасский р-н;41707225000000000;721131;ЦОВП МАНАССКОГО РАЙОНА;ЦЕНТР ОБЩЕВРАЧЕБНОЙ ПРАКТИКИ МАНАССКОГО РАЙОНА;20;279;243;522;16;38;54;196;430;626;15;172;187
Таласская обл.;4170700000000000;Манасский р-н;41707225000000000;721131;ЦОВП МАНАССКОГО РАЙОНА;ЦЕНТР ОБЩЕВРАЧЕБНОЙ ПРАКТИКИ МАНАССКОГО РАЙОНА;21;276;271;547;16;41;57;136;537;673;62;320;382
Таласская обл.;4170700000000000;Манасский р-н;41707225000000000;721131;ЦОВП МАНАССКОГО РАЙОНА;ЦЕНТР ОБЩЕВРАЧЕБНОЙ ПРАКТИКИ МАНАССКОГО РАЙОНА;22;292;283;575;217;198;415;152;526;678;73;359;432
Таласская обл.;4170700000000000;Манасский р-н;41707225000000000;721131;ЦОВП МАНАССКОГО РАЙОНА;ЦЕНТР ОБЩЕВРАЧЕБНОЙ ПРАКТИКИ МАНАССКОГО РАЙОНА;23;269;303;572;56;176;232;128;347;475;47;172;219
Таласская обл.;4170700000000000;Манасский р-н;41707225000000000;721131;ЦОВП МАНАССКОГО РАЙОНА;ЦЕНТР ОБЩЕВРАЧЕБНОЙ ПРАКТИКИ МАНАССКОГО РАЙОНА;24;255;325;580;40;114;154;120;374;494;12;241;253
Таласская обл.;4170700000000000;Манасский р-н;41707225000000000;721131;ЦОВП МАНАССКОГО РАЙОНА;ЦЕНТР ОБЩЕВРАЧЕБНОЙ ПРАКТИКИ МАНАССКОГО РАЙОНА;25;260;279;539;31;87;118;110;430;540;16;291;307
Таласская обл.;4170700000000000;Манасский р-н;41707225000000000;721131;ЦОВП МАНАССКОГО РАЙОНА;ЦЕНТР ОБЩЕВРАЧЕБНОЙ ПРАКТИКИ МАНАССКОГО РАЙОНА;26;221;258;479;39;90;129;131;369;500;37;245;282
Таласская обл.;4170700000000000;Манасский р-н;41707225000000000;721131;ЦОВП МАНАССКОГО РАЙОНА;ЦЕНТР ОБЩЕВРАЧЕБНОЙ ПРАКТИКИ МАНАССКОГО РАЙОНА;27;247;225;472;57;65;122;105;296;401;41;207;248
Таласская обл.;4170700000000000;Манасский р-н;41707225000000000;721131;ЦОВП МАНАССКОГО РАЙОНА;ЦЕНТР ОБЩЕВРАЧЕБНОЙ ПРАКТИКИ МАНАССКОГО РАЙОНА;28;204;204;408;62;91;153;91;362;453;35;247;282
Таласская обл.;4170700000000000;Манасский р-н;41707225000000000;721131;ЦОВП МАНАССКОГО РАЙОНА;ЦЕНТР ОБЩЕВРАЧЕБНОЙ ПРАКТИКИ МАНАССКОГО РАЙОНА;29;250;217;467;63;108;171;150;409;559;76;318;394
Таласская обл.;4170700000000000;Манасский р-н;41707225000000000;721131;ЦОВП МАНАССКОГО РАЙОНА;ЦЕНТР ОБЩЕВРАЧЕБНОЙ ПРАКТИКИ МАНАССКОГО РАЙОНА;30;249;243;492;95;127;222;165;423;588;75;282;357
Таласская обл.;4170700000000000;Манасский р-н;41707225000000000;721131;ЦОВП МАНАССКОГО РАЙОНА;ЦЕНТР ОБЩЕВРАЧЕБНОЙ ПРАКТИКИ МАНАССКОГО РАЙОНА;31;237;231;468;114;112;226;118;354;472;60;249;309
Таласская обл.;4170700000000000;Манасский р-н;41707225000000000;721131;ЦОВП МАНАССКОГО РАЙОНА;ЦЕНТР ОБЩЕВРАЧЕБНОЙ ПРАКТИКИ МАНАССКОГО РАЙОНА;32;252;232;484;111;116;227;125;380;505;79;270;349
Таласская обл.;4170700000000000;Манасский р-н;41707225000000000;721131;ЦОВП МАНАССКОГО РАЙОНА;ЦЕНТР ОБЩЕВРАЧЕБНОЙ ПРАКТИКИ МАНАССКОГО РАЙОНА;33;243;225;468;100;112;212;138;354;492;57;241;298
Таласская обл.;4170700000000000;Манасский р-н;41707225000000000;721131;ЦОВП МАНАССКОГО РАЙОНА;ЦЕНТР ОБЩЕВРАЧЕБНОЙ ПРАКТИКИ МАНАССКОГО РАЙОНА;34;260;227;487;108;115;223;160;392;552;84;302;386
Таласская обл.;4170700000000000;Манасский р-н;41707225000000000;721131;ЦОВП МАНАССКОГО РАЙОНА;ЦЕНТР ОБЩЕВРАЧЕБНОЙ ПРАКТИКИ МАНАССКОГО РАЙОНА;35;235;232;467;102;129;231;132;369;501;67;251;318
Таласская обл.;4170700000000000;Манасский р-н;41707225000000000;721131;ЦОВП МАНАССКОГО РАЙОНА;ЦЕНТР ОБЩЕВРАЧЕБНОЙ ПРАКТИКИ МАНАССКОГО РАЙОНА;36;265;244;509;101;134;235;151;301;452;88;213;301
Таласская обл.;4170700000000000;Манасский р-н;41707225000000000;721131;ЦОВП МАНАССКОГО РАЙОНА;ЦЕНТР ОБЩЕВРАЧЕБНОЙ ПРАКТИКИ МАНАССКОГО РАЙОНА;37;250;240;490;109;146;255;179;369;548;90;277;367
Таласская обл.;4170700000000000;Манасский р-н;41707225000000000;721131;ЦОВП МАНАССКОГО РАЙОНА;ЦЕНТР ОБЩЕВРАЧЕБНОЙ ПРАКТИКИ МАНАССКОГО РАЙОНА;38;258;219;477;116;128;244;133;264;397;68;191;259
Таласская обл.;4170700000000000;Манасский р-н;41707225000000000;721131;ЦОВП МАНАССКОГО РАЙОНА;ЦЕНТР ОБЩЕВРАЧЕБНОЙ ПРАКТИКИ МАНАССКОГО РАЙОНА;39;206;186;392;80;96;176;171;228;399;112;151;263
Таласская обл.;4170700000000000;Манасский р-н;41707225000000000;721131;ЦОВП МАНАССКОГО РАЙОНА;ЦЕНТР ОБЩЕВРАЧЕБНОЙ ПРАКТИКИ МАНАССКОГО РАЙОНА;40;219;195;414;94;117;211;181;246;427;100;183;283
Таласская обл.;4170700000000000;Манасский р-н;41707225000000000;721131;ЦОВП МАНАССКОГО РАЙОНА;ЦЕНТР ОБЩЕВРАЧЕБНОЙ ПРАКТИКИ МАНАССКОГО РАЙОНА;41;208;186;394;81;110;191;113;237;350;55;172;227
Таласская обл.;4170700000000000;Манасский р-н;41707225000000000;721131;ЦОВП МАНАССКОГО РАЙОНА;ЦЕНТР ОБЩЕВРАЧЕБНОЙ ПРАКТИКИ МАНАССКОГО РАЙОНА;42;187;193;380;77;107;184;109;190;299;60;127;187
Таласская обл.;4170700000000000;Манасский р-н;41707225000000000;721131;ЦОВП МАНАССКОГО РАЙОНА;ЦЕНТР ОБЩЕВРАЧЕБНОЙ ПРАКТИКИ МАНАССКОГО РАЙОНА;43;199;165;364;92;89;181;106;149;255;71;99;170
Таласская обл.;4170700000000000;Манасский р-н;41707225000000000;721131;ЦОВП МАНАССКОГО РАЙОНА;ЦЕНТР ОБЩЕВРАЧЕБНОЙ ПРАКТИКИ МАНАССКОГО РАЙОНА;44;171;163;334;65;74;139;84;137;221;54;101;155
Таласская обл.;4170700000000000;Манасский р-н;41707225000000000;721131;ЦОВП МАНАССКОГО РАЙОНА;ЦЕНТР ОБЩЕВРАЧЕБНОЙ ПРАКТИКИ МАНАССКОГО РАЙОНА;45;185;180;365;72;104;176;99;258;357;46;162;208
Таласская обл.;4170700000000000;Манасский р-н;41707225000000000;721131;ЦОВП МАНАССКОГО РАЙОНА;ЦЕНТР ОБЩЕВРАЧЕБНОЙ ПРАКТИКИ МАНАССКОГО РАЙОНА;46;194;172;366;92;85;177;137;195;332;86;142;228
Таласская обл.;4170700000000000;Манасский р-н;41707225000000000;721131;ЦОВП МАНАССКОГО РАЙОНА;ЦЕНТР ОБЩЕВРАЧЕБНОЙ ПРАКТИКИ МАНАССКОГО РАЙОНА;47;174;175;349;69;83;152;103;174;277;47;123;170
Таласская обл.;4170700000000000;Манасский р-н;41707225000000000;721131;ЦОВП МАНАССКОГО РАЙОНА;ЦЕНТР ОБЩЕВРАЧЕБНОЙ ПРАКТИКИ МАНАССКОГО РАЙОНА;48;173;189;362;59;92;151;114;195;309;53;132;185
Таласская обл.;4170700000000000;Манасский р-н;41707225000000000;721131;ЦОВП МАНАССКОГО РАЙОНА;ЦЕНТР ОБЩЕВРАЧЕБНОЙ ПРАКТИКИ МАНАССКОГО РАЙОНА;49;167;137;304;80;65;145;152;165;317;64;109;173
Таласская обл.;4170700000000000;Манасский р-н;41707225000000000;721131;ЦОВП МАНАССКОГО РАЙОНА;ЦЕНТР ОБЩЕВРАЧЕБНОЙ ПРАКТИКИ МАНАССКОГО РАЙОНА;50;164;164;328;65;73;138;70;181;251;43;111;154
Таласская обл.;4170700000000000;Манасский р-н;41707225000000000;721131;ЦОВП МАНАССКОГО РАЙОНА;ЦЕНТР ОБЩЕВРАЧЕБНОЙ ПРАКТИКИ МАНАССКОГО РАЙОНА;51;170;131;301;80;65;145;95;167;262;63;98;161
Таласская обл.;4170700000000000;Манасский р-н;41707225000000000;721131;ЦОВП МАНАССКОГО РАЙОНА;ЦЕНТР ОБЩЕВРАЧЕБНОЙ ПРАКТИКИ МАНАССКОГО РАЙОНА;52;145;156;301;53;80;133;61;184;245;25;118;143
Таласская обл.;4170700000000000;Манасский р-н;41707225000000000;721131;ЦОВП МАНАССКОГО РАЙОНА;ЦЕНТР ОБЩЕВРАЧЕБНОЙ ПРАКТИКИ МАНАССКОГО РАЙОНА;53;137;159;296;49;77;126;78;196;274;39;122;161
Таласская обл.;4170700000000000;Манасский р-н;41707225000000000;721131;ЦОВП МАНАССКОГО РАЙОНА;ЦЕНТР ОБЩЕВРАЧЕБНОЙ ПРАКТИКИ МАНАССКОГО РАЙОНА;54;156;136;292;64;67;131;112;137;249;55;91;146
Таласская обл.;4170700000000000;Манасский р-н;41707225000000000;721131;ЦОВП МАНАССКОГО РАЙОНА;ЦЕНТР ОБЩЕВРАЧЕБНОЙ ПРАКТИКИ МАНАССКОГО РАЙОНА;55;123;123;246;54;69;123;105;146;251;55;105;160
Таласская обл.;4170700000000000;Манасский р-н;41707225000000000;721131;ЦОВП МАНАССКОГО РАЙОНА;ЦЕНТР ОБЩЕВРАЧЕБНОЙ ПРАКТИКИ МАНАССКОГО РАЙОНА;56;126;155;281;54;83;137;94;201;295;52;130;182
Таласская обл.;4170700000000000;Манасский р-н;41707225000000000;721131;ЦОВП МАНАССКОГО РАЙОНА;ЦЕНТР ОБЩЕВРАЧЕБНОЙ ПРАКТИКИ МАНАССКОГО РАЙОНА;57;126;146;272;60;87;147;111;204;315;78;152;230
Таласская обл.;4170700000000000;Манасский р-н;41707225000000000;721131;ЦОВП МАНАССКОГО РАЙОНА;ЦЕНТР ОБЩЕВРАЧЕБНОЙ ПРАКТИКИ МАНАССКОГО РАЙОНА;58;121;170;291;62;100;162;108;177;285;85;129;214
Таласская обл.;4170700000000000;Манасский р-н;41707225000000000;721131;ЦОВП МАНАССКОГО РАЙОНА;ЦЕНТР ОБЩЕВРАЧЕБНОЙ ПРАКТИКИ МАНАССКОГО РАЙОНА;59;125;139;264;73;85;158;102;183;285;73;137;210
Таласская обл.;4170700000000000;Манасский р-н;41707225000000000;721131;ЦОВП МАНАССКОГО РАЙОНА;ЦЕНТР ОБЩЕВРАЧЕБНОЙ ПРАКТИКИ МАНАССКОГО РАЙОНА;60;118;139;257;65;109;174;133;202;335;82;162;244
Таласская обл.;4170700000000000;Манасский р-н;41707225000000000;721131;ЦОВП МАНАССКОГО РАЙОНА;ЦЕНТР ОБЩЕВРАЧЕБНОЙ ПРАКТИКИ МАНАССКОГО РАЙОНА;61;110;149;259;60;108;168;113;199;312;69;163;232
Таласская обл.;4170700000000000;Манасский р-н;41707225000000000;721131;ЦОВП МАНАССКОГО РАЙОНА;ЦЕНТР ОБЩЕВРАЧЕБНОЙ ПРАКТИКИ МАНАССКОГО РАЙОНА;62;113;143;256;63;105;168;106;233;339;80;183;263
Таласская обл.;4170700000000000;Манасский р-н;41707225000000000;721131;ЦОВП МАНАССКОГО РАЙОНА;ЦЕНТР ОБЩЕВРАЧЕБНОЙ ПРАКТИКИ МАНАССКОГО РАЙОНА;63;107;138;245;65;114;179;106;205;311;84;190;274
Таласская обл.;4170700000000000;Манасский р-н;41707225000000000;721131;ЦОВП МАНАССКОГО РАЙОНА;ЦЕНТР ОБЩЕВРАЧЕБНОЙ ПРАКТИКИ МАНАССКОГО РАЙОНА;64;105;147;252;67;119;186;70;209;279;49;182;231
Таласская обл.;4170700000000000;Манасский р-н;41707225000000000;721131;ЦОВП МАНАССКОГО РАЙОНА;ЦЕНТР ОБЩЕВРАЧЕБНОЙ ПРАКТИКИ МАНАССКОГО РАЙОНА;65;97;141;238;73;126;199;94;226;320;83;211;294
Таласская обл.;4170700000000000;Манасский р-н;41707225000000000;721131;ЦОВП МАНАССКОГО РАЙОНА;ЦЕНТР ОБЩЕВРАЧЕБНОЙ ПРАКТИКИ МАНАССКОГО РАЙОНА;66;109;132;241;84;112;196;96;138;234;86;114;200
Таласская обл.;4170700000000000;Манасский р-н;41707225000000000;721131;ЦОВП МАНАССКОГО РАЙОНА;ЦЕНТР ОБЩЕВРАЧЕБНОЙ ПРАКТИКИ МАНАССКОГО РАЙОНА;67;76;101;177;59;82;141;99;170;269;97;139;236
Таласская обл.;4170700000000000;Манасский р-н;41707225000000000;721131;ЦОВП МАНАССКОГО РАЙОНА;ЦЕНТР ОБЩЕВРАЧЕБНОЙ ПРАКТИКИ МАНАССКОГО РАЙОНА;68;82;110;192;71;96;167;95;159;254;91;155;246
Таласская обл.;4170700000000000;Манасский р-н;41707225000000000;721131;ЦОВП МАНАССКОГО РАЙОНА;ЦЕНТР ОБЩЕВРАЧЕБНОЙ ПРАКТИКИ МАНАССКОГО РАЙОНА;69;70;84;154;53;70;123;51;150;201;46;136;182
Таласская обл.;4170700000000000;Манасский р-н;41707225000000000;721131;ЦОВП МАНАССКОГО РАЙОНА;ЦЕНТР ОБЩЕВРАЧЕБНОЙ ПРАКТИКИ МАНАССКОГО РАЙОНА;70;66;92;158;55;82;137;71;137;208;67;125;192
Таласская обл.;4170700000000000;Манасский р-н;41707225000000000;721131;ЦОВП МАНАССКОГО РАЙОНА;ЦЕНТР ОБЩЕВРАЧЕБНОЙ ПРАКТИКИ МАНАССКОГО РАЙОНА;71;42;63;105;40;57;97;63;73;136;60;69;129
Таласская обл.;4170700000000000;Манасский р-н;41707225000000000;721131;ЦОВП МАНАССКОГО РАЙОНА;ЦЕНТР ОБЩЕВРАЧЕБНОЙ ПРАКТИКИ МАНАССКОГО РАЙОНА;72;40;73;113;40;64;104;47;79;126;46;77;123
Таласская обл.;4170700000000000;Манасский р-н;41707225000000000;721131;ЦОВП МАНАССКОГО РАЙОНА;ЦЕНТР ОБЩЕВРАЧЕБНОЙ ПРАКТИКИ МАНАССКОГО РАЙОНА;73;34;66;100;32;61;93;66;106;172;59;95;154
Таласская обл.;4170700000000000;Манасский р-н;41707225000000000;721131;ЦОВП МАНАССКОГО РАЙОНА;ЦЕНТР ОБЩЕВРАЧЕБНОЙ ПРАКТИКИ МАНАССКОГО РАЙОНА;74;48;63;111;44;59;103;33;72;105;29;67;96
Таласская обл.;4170700000000000;Манасский р-н;41707225000000000;721131;ЦОВП МАНАССКОГО РАЙОНА;ЦЕНТР ОБЩЕВРАЧЕБНОЙ ПРАКТИКИ МАНАССКОГО РАЙОНА;75;34;66;100;31;59;90;42;78;120;40;76;116
Таласская обл.;4170700000000000;Манасский р-н;41707225000000000;721131;ЦОВП МАНАССКОГО РАЙОНА;ЦЕНТР ОБЩЕВРАЧЕБНОЙ ПРАКТИКИ МАНАССКОГО РАЙОНА;76;26;41;67;24;37;61;21;50;71;15;44;59
Таласская обл.;4170700000000000;Манасский р-н;41707225000000000;721131;ЦОВП МАНАССКОГО РАЙОНА;ЦЕНТР ОБЩЕВРАЧЕБНОЙ ПРАКТИКИ МАНАССКОГО РАЙОНА;77;33;36;69;31;32;63;47;50;97;43;47;90
Таласская обл.;4170700000000000;Манасский р-н;41707225000000000;721131;ЦОВП МАНАССКОГО РАЙОНА;ЦЕНТР ОБЩЕВРАЧЕБНОЙ ПРАКТИКИ МАНАССКОГО РАЙОНА;78;24;23;47;21;21;42;17;16;33;17;16;33
Таласская обл.;4170700000000000;Манасский р-н;41707225000000000;721131;ЦОВП МАНАССКОГО РАЙОНА;ЦЕНТР ОБЩЕВРАЧЕБНОЙ ПРАКТИКИ МАНАССКОГО РАЙОНА;79;6;12;18;6;9;15;13;8;21;13;8;21
Таласская обл.;4170700000000000;Манасский р-н;41707225000000000;721131;ЦОВП МАНАССКОГО РАЙОНА;ЦЕНТР ОБЩЕВРАЧЕБНОЙ ПРАКТИКИ МАНАССКОГО РАЙОНА;80;7;19;26;7;18;25;14;23;37;4;22;26
Таласская обл.;4170700000000000;Манасский р-н;41707225000000000;721131;ЦОВП МАНАССКОГО РАЙОНА;ЦЕНТР ОБЩЕВРАЧЕБНОЙ ПРАКТИКИ МАНАССКОГО РАЙОНА;81;9;20;29;8;15;23;13;10;23;8;5;13
Таласская обл.;4170700000000000;Манасский р-н;41707225000000000;721131;ЦОВП МАНАССКОГО РАЙОНА;ЦЕНТР ОБЩЕВРАЧЕБНОЙ ПРАКТИКИ МАНАССКОГО РАЙОНА;82;16;19;35;14;17;31;11;25;36;10;24;34
Таласская обл.;4170700000000000;Манасский р-н;41707225000000000;721131;ЦОВП МАНАССКОГО РАЙОНА;ЦЕНТР ОБЩЕВРАЧЕБНОЙ ПРАКТИКИ МАНАССКОГО РАЙОНА;83;10;22;32;8;19;27;8;10;18;6;7;13
Таласская обл.;4170700000000000;Манасский р-н;41707225000000000;721131;ЦОВП МАНАССКОГО РАЙОНА;ЦЕНТР ОБЩЕВРАЧЕБНОЙ ПРАКТИКИ МАНАССКОГО РАЙОНА;84;6;32;38;5;32;37;20;19;39;20;19;39
Таласская обл.;4170700000000000;Манасский р-н;41707225000000000;721131;ЦОВП МАНАССКОГО РАЙОНА;ЦЕНТР ОБЩЕВРАЧЕБНОЙ ПРАКТИКИ МАНАССКОГО РАЙОНА;85;8;25;33;7;22;29;5;9;14;3;8;11
Таласская обл.;4170700000000000;Манасский р-н;41707225000000000;721131;ЦОВП МАНАССКОГО РАЙОНА;ЦЕНТР ОБЩЕВРАЧЕБНОЙ ПРАКТИКИ МАНАССКОГО РАЙОНА;86;11;22;33;9;19;28;4;8;12;0;7;7
Таласская обл.;4170700000000000;Манасский р-н;41707225000000000;721131;ЦОВП МАНАССКОГО РАЙОНА;ЦЕНТР ОБЩЕВРАЧЕБНОЙ ПРАКТИКИ МАНАССКОГО РАЙОНА;87;3;15;18;3;13;16;7;9;16;7;9;16
Таласская обл.;4170700000000000;Манасский р-н;41707225000000000;721131;ЦОВП МАНАССКОГО РАЙОНА;ЦЕНТР ОБЩЕВРАЧЕБНОЙ ПРАКТИКИ МАНАССКОГО РАЙОНА;88;3;8;11;3;7;10;5;3;8;5;3;8
Таласская обл.;4170700000000000;Манасский р-н;41707225000000000;721131;ЦОВП МАНАССКОГО РАЙОНА;ЦЕНТР ОБЩЕВРАЧЕБНОЙ ПРАКТИКИ МАНАССКОГО РАЙОНА;89;1;14;15;1;13;14;2;6;8;2;6;8
Таласская обл.;4170700000000000;Манасский р-н;41707225000000000;721131;ЦОВП МАНАССКОГО РАЙОНА;ЦЕНТР ОБЩЕВРАЧЕБНОЙ ПРАКТИКИ МАНАССКОГО РАЙОНА;90;3;3;6;3;3;6;0;1;1;0;1;1
Таласская обл.;4170700000000000;Манасский р-н;41707225000000000;721131;ЦОВП МАНАССКОГО РАЙОНА;ЦЕНТР ОБЩЕВРАЧЕБНОЙ ПРАКТИКИ МАНАССКОГО РАЙОНА;91;2;3;5;2;3;5;1;3;4;1;3;4
Таласская обл.;4170700000000000;Манасский р-н;41707225000000000;721131;ЦОВП МАНАССКОГО РАЙОНА;ЦЕНТР ОБЩЕВРАЧЕБНОЙ ПРАКТИКИ МАНАССКОГО РАЙОНА;92;0;7;7;0;7;7;0;3;3;0;3;3
Таласская обл.;4170700000000000;Манасский р-н;41707225000000000;721131;ЦОВП МАНАССКОГО РАЙОНА;ЦЕНТР ОБЩЕВРАЧЕБНОЙ ПРАКТИКИ МАНАССКОГО РАЙОНА;93;0;2;2;0;2;2;0;4;4;0;4;4
Таласская обл.;4170700000000000;Манасский р-н;41707225000000000;721131;ЦОВП МАНАССКОГО РАЙОНА;ЦЕНТР ОБЩЕВРАЧЕБНОЙ ПРАКТИКИ МАНАССКОГО РАЙОНА;97;0;2;2;0;2;2;0;1;1;0;1;1
Таласская обл.;4170700000000000;Манасский р-н;41707225000000000;721131;ЦОВП МАНАССКОГО РАЙОНА;ЦЕНТР ОБЩЕВРАЧЕБНОЙ ПРАКТИКИ МАНАССКОГО РАЙОНА;98;0;2;2;0;2;2;0;3;3;0;3;3
Таласская обл.;4170700000000000;Манасский р-н;41707225000000000;721131;ЦОВП МАНАССКОГО РАЙОНА;ЦЕНТР ОБЩЕВРАЧЕБНОЙ ПРАКТИКИ МАНАССКОГО РАЙОНА;99;0;2;2;0;2;2;0;2;2;0;2;2
Чуйская обл.;4170800000000000;Московский р-н;41708217000000000;841801;ЦОВП МОСКОВСКОГО РАЙОНА;ЦЕНТР ОБЩЕВРАЧЕБНОЙ ПРАКТИКИ МОСКОВСКОГО РАЙОНА;0;665;575;1240;665;575;1240;10121;9078;19199;10121;9078;19199
Чуйская обл.;4170800000000000;Московский р-н;41708217000000000;841801;ЦОВП МОСКОВСКОГО РАЙОНА;ЦЕНТР ОБЩЕВРАЧЕБНОЙ ПРАКТИКИ МОСКОВСКОГО РАЙОНА;1;917;1074;1991;917;1074;1991;5922;5764;11686;5922;5764;11686
Чуйская обл.;4170800000000000;Московский р-н;41708217000000000;841801;ЦОВП МОСКОВСКОГО РАЙОНА;ЦЕНТР ОБЩЕВРАЧЕБНОЙ ПРАКТИКИ МОСКОВСКОГО РАЙОНА;2;1064;1144;2208;1064;1144;2208;3808;3242;7050;3808;3242;7050
Чуйская обл.;4170800000000000;Московский р-н;41708217000000000;841801;ЦОВП МОСКОВСКОГО РАЙОНА;ЦЕНТР ОБЩЕВРАЧЕБНОЙ ПРАКТИКИ МОСКОВСКОГО РАЙОНА;3;1087;1125;2212;1087;1125;2212;2467;2340;4807;2467;2340;4807
Чуйская обл.;4170800000000000;Московский р-н;41708217000000000;841801;ЦОВП МОСКОВСКОГО РАЙОНА;ЦЕНТР ОБЩЕВРАЧЕБНОЙ ПРАКТИКИ МОСКОВСКОГО РАЙОНА;4;1145;1258;2403;1145;1258;2403;2136;1988;4124;2136;1988;4124
Чуйская обл.;4170800000000000;Московский р-н;41708217000000000;841801;ЦОВП МОСКОВСКОГО РАЙОНА;ЦЕНТР ОБЩЕВРАЧЕБНОЙ ПРАКТИКИ МОСКОВСКОГО РАЙОНА;5;1116;1239;2355;1116;1239;2355;2469;2317;4786;2469;2317;4786
Чуйская обл.;4170800000000000;Московский р-н;41708217000000000;841801;ЦОВП МОСКОВСКОГО РАЙОНА;ЦЕНТР ОБЩЕВРАЧЕБНОЙ ПРАКТИКИ МОСКОВСКОГО РАЙОНА;6;1154;1315;2469;1154;1315;2469;2969;2608;5577;2969;2608;5577
Чуйская обл.;4170800000000000;Московский р-н;41708217000000000;841801;ЦОВП МОСКОВСКОГО РАЙОНА;ЦЕНТР ОБЩЕВРАЧЕБНОЙ ПРАКТИКИ МОСКОВСКОГО РАЙОНА;7;1100;1370;2470;1100;1370;2470;2036;1816;3852;2036;1816;3852
Чуйская обл.;4170800000000000;Московский р-н;41708217000000000;841801;ЦОВП МОСКОВСКОГО РАЙОНА;ЦЕНТР ОБЩЕВРАЧЕБНОЙ ПРАКТИКИ МОСКОВСКОГО РАЙОНА;8;1197;1492;2689;1197;1492;2689;1955;1648;3603;1955;1648;3603
Чуйская обл.;4170800000000000;Московский р-н;41708217000000000;841801;ЦОВП МОСКОВСКОГО РАЙОНА;ЦЕНТР ОБЩЕВРАЧЕБНОЙ ПРАКТИКИ МОСКОВСКОГО РАЙОНА;9;1235;1448;2683;1235;1448;2683;1634;1459;3093;1634;1459;3093
Чуйская обл.;4170800000000000;Московский р-н;41708217000000000;841801;ЦОВП МОСКОВСКОГО РАЙОНА;ЦЕНТР ОБЩЕВРАЧЕБНОЙ ПРАКТИКИ МОСКОВСКОГО РАЙОНА;10;1135;1528;2663;1135;1528;2663;1426;1379;2805;1426;1379;2805
Чуйская обл.;4170800000000000;Московский р-н;41708217000000000;841801;ЦОВП МОСКОВСКОГО РАЙОНА;ЦЕНТР ОБЩЕВРАЧЕБНОЙ ПРАКТИКИ МОСКОВСКОГО РАЙОНА;11;1040;1423;2463;1040;1423;2463;1332;1174;2506;1332;1174;2506
Чуйская обл.;4170800000000000;Московский р-н;41708217000000000;841801;ЦОВП МОСКОВСКОГО РАЙОНА;ЦЕНТР ОБЩЕВРАЧЕБНОЙ ПРАКТИКИ МОСКОВСКОГО РАЙОНА;12;1031;1454;2485;1031;1454;2485;1208;978;2186;1208;978;2186
Чуйская обл.;4170800000000000;Московский р-н;41708217000000000;841801;ЦОВП МОСКОВСКОГО РАЙОНА;ЦЕНТР ОБЩЕВРАЧЕБНОЙ ПРАКТИКИ МОСКОВСКОГО РАЙОНА;13;1030;1432;2462;1030;1432;2462;1154;1027;2181;1154;1027;2181
Чуйская обл.;4170800000000000;Московский р-н;41708217000000000;841801;ЦОВП МОСКОВСКОГО РАЙОНА;ЦЕНТР ОБЩЕВРАЧЕБНОЙ ПРАКТИКИ МОСКОВСКОГО РАЙОНА;14;1061;1256;2317;1061;1256;2317;1788;1458;3246;1788;1458;3246
Чуйская обл.;4170800000000000;Московский р-н;41708217000000000;841801;ЦОВП МОСКОВСКОГО РАЙОНА;ЦЕНТР ОБЩЕВРАЧЕБНОЙ ПРАКТИКИ МОСКОВСКОГО РАЙОНА;15;1010;1316;2326;1010;1316;2326;5144;2329;7473;5144;2329;7473
Чуйская обл.;4170800000000000;Московский р-н;41708217000000000;841801;ЦОВП МОСКОВСКОГО РАЙОНА;ЦЕНТР ОБЩЕВРАЧЕБНОЙ ПРАКТИКИ МОСКОВСКОГО РАЙОНА;16;955;1326;2281;955;1326;2281;2171;1551;3722;2120;1524;3644
Чуйская обл.;4170800000000000;Московский р-н;41708217000000000;841801;ЦОВП МОСКОВСКОГО РАЙОНА;ЦЕНТР ОБЩЕВРАЧЕБНОЙ ПРАКТИКИ МОСКОВСКОГО РАЙОНА;17;1007;1115;2122;975;1100;2075;2649;1806;4455;2451;1670;4121
Чуйская обл.;4170800000000000;Московский р-н;41708217000000000;841801;ЦОВП МОСКОВСКОГО РАЙОНА;ЦЕНТР ОБЩЕВРАЧЕБНОЙ ПРАКТИКИ МОСКОВСКОГО РАЙОНА;18;813;926;1739;746;875;1621;2627;2038;4665;1936;1301;3237
Чуйская обл.;4170800000000000;Московский р-н;41708217000000000;841801;ЦОВП МОСКОВСКОГО РАЙОНА;ЦЕНТР ОБЩЕВРАЧЕБНОЙ ПРАКТИКИ МОСКОВСКОГО РАЙОНА;19;786;643;1429;173;147;320;1551;1848;3399;297;478;775
Чуйская обл.;4170800000000000;Московский р-н;41708217000000000;841801;ЦОВП МОСКОВСКОГО РАЙОНА;ЦЕНТР ОБЩЕВРАЧЕБНОЙ ПРАКТИКИ МОСКОВСКОГО РАЙОНА;20;725;626;1351;109;114;223;1147;2281;3428;330;855;1185
Чуйская обл.;4170800000000000;Московский р-н;41708217000000000;841801;ЦОВП МОСКОВСКОГО РАЙОНА;ЦЕНТР ОБЩЕВРАЧЕБНОЙ ПРАКТИКИ МОСКОВСКОГО РАЙОНА;21;675;673;1348;104;170;274;991;2157;3148;303;871;1174
Чуйская обл.;4170800000000000;Московский р-н;41708217000000000;841801;ЦОВП МОСКОВСКОГО РАЙОНА;ЦЕНТР ОБЩЕВРАЧЕБНОЙ ПРАКТИКИ МОСКОВСКОГО РАЙОНА;22;634;641;1275;111;177;288;789;1759;2548;321;762;1083
Чуйская обл.;4170800000000000;Московский р-н;41708217000000000;841801;ЦОВП МОСКОВСКОГО РАЙОНА;ЦЕНТР ОБЩЕВРАЧЕБНОЙ ПРАКТИКИ МОСКОВСКОГО РАЙОНА;23;639;614;1253;143;202;345;938;1937;2875;405;927;1332
Чуйская обл.;4170800000000000;Московский р-н;41708217000000000;841801;ЦОВП МОСКОВСКОГО РАЙОНА;ЦЕНТР ОБЩЕВРАЧЕБНОЙ ПРАКТИКИ МОСКОВСКОГО РАЙОНА;24;616;650;1266;175;257;432;918;1872;2790;355;1084;1439
Чуйская обл.;4170800000000000;Московский р-н;41708217000000000;841801;ЦОВП МОСКОВСКОГО РАЙОНА;ЦЕНТР ОБЩЕВРАЧЕБНОЙ ПРАКТИКИ МОСКОВСКОГО РАЙОНА;25;587;655;1242;186;281;467;879;1896;2775;429;1051;1480
Чуйская обл.;4170800000000000;Московский р-н;41708217000000000;841801;ЦОВП МОСКОВСКОГО РАЙОНА;ЦЕНТР ОБЩЕВРАЧЕБНОЙ ПРАКТИКИ МОСКОВСКОГО РАЙОНА;26;640;570;1210;219;275;494;814;1872;2686;386;1133;1519
Чуйская обл.;4170800000000000;Московский р-н;41708217000000000;841801;ЦОВП МОСКОВСКОГО РАЙОНА;ЦЕНТР ОБЩЕВРАЧЕБНОЙ ПРАКТИКИ МОСКОВСКОГО РАЙОНА;27;604;595;1199;221;280;501;828;1905;2733;454;1160;1614
Чуйская обл.;4170800000000000;Московский р-н;41708217000000000;841801;ЦОВП МОСКОВСКОГО РАЙОНА;ЦЕНТР ОБЩЕВРАЧЕБНОЙ ПРАКТИКИ МОСКОВСКОГО РАЙОНА;28;714;674;1388;296;348;644;856;1929;2785;436;1112;1548
Чуйская обл.;4170800000000000;Московский р-н;41708217000000000;841801;ЦОВП МОСКОВСКОГО РАЙОНА;ЦЕНТР ОБЩЕВРАЧЕБНОЙ ПРАКТИКИ МОСКОВСКОГО РАЙОНА;29;682;737;1419;311;397;708;838;2118;2956;506;1274;1780
Чуйская обл.;4170800000000000;Московский р-н;41708217000000000;841801;ЦОВП МОСКОВСКОГО РАЙОНА;ЦЕНТР ОБЩЕВРАЧЕБНОЙ ПРАКТИКИ МОСКОВСКОГО РАЙОНА;30;732;755;1487;370;430;800;972;2124;3096;582;1354;1936
Чуйская обл.;4170800000000000;Московский р-н;41708217000000000;841801;ЦОВП МОСКОВСКОГО РАЙОНА;ЦЕНТР ОБЩЕВРАЧЕБНОЙ ПРАКТИКИ МОСКОВСКОГО РАЙОНА;31;732;713;1445;409;439;848;1013;1938;2951;695;1287;1982
Чуйская обл.;4170800000000000;Московский р-н;41708217000000000;841801;ЦОВП МОСКОВСКОГО РАЙОНА;ЦЕНТР ОБЩЕВРАЧЕБНОЙ ПРАКТИКИ МОСКОВСКОГО РАЙОНА;32;796;803;1599;459;470;929;919;2038;2957;620;1476;2096
Чуйская обл.;4170800000000000;Московский р-н;41708217000000000;841801;ЦОВП МОСКОВСКОГО РАЙОНА;ЦЕНТР ОБЩЕВРАЧЕБНОЙ ПРАКТИКИ МОСКОВСКОГО РАЙОНА;33;822;774;1596;494;483;977;1173;1793;2966;846;1244;2090
Чуйская обл.;4170800000000000;Московский р-н;41708217000000000;841801;ЦОВП МОСКОВСКОГО РАЙОНА;ЦЕНТР ОБЩЕВРАЧЕБНОЙ ПРАКТИКИ МОСКОВСКОГО РАЙОНА;34;827;795;1622;516;511;1027;1270;1890;3160;893;1343;2236
Чуйская обл.;4170800000000000;Московский р-н;41708217000000000;841801;ЦОВП МОСКОВСКОГО РАЙОНА;ЦЕНТР ОБЩЕВРАЧЕБНОЙ ПРАКТИКИ МОСКОВСКОГО РАЙОНА;35;805;795;1600;506;502;1008;1211;2034;3245;876;1462;2338
Чуйская обл.;4170800000000000;Московский р-н;41708217000000000;841801;ЦОВП МОСКОВСКОГО РАЙОНА;ЦЕНТР ОБЩЕВРАЧЕБНОЙ ПРАКТИКИ МОСКОВСКОГО РАЙОНА;36;779;747;1526;497;490;987;1191;1719;2910;877;1161;2038
Чуйская обл.;4170800000000000;Московский р-н;41708217000000000;841801;ЦОВП МОСКОВСКОГО РАЙОНА;ЦЕНТР ОБЩЕВРАЧЕБНОЙ ПРАКТИКИ МОСКОВСКОГО РАЙОНА;37;787;776;1563;508;492;1000;1082;1760;2842;727;1129;1856
Чуйская обл.;4170800000000000;Московский р-н;41708217000000000;841801;ЦОВП МОСКОВСКОГО РАЙОНА;ЦЕНТР ОБЩЕВРАЧЕБНОЙ ПРАКТИКИ МОСКОВСКОГО РАЙОНА;38;762;725;1487;471;436;907;1057;1694;2751;797;1135;1932
Чуйская обл.;4170800000000000;Московский р-н;41708217000000000;841801;ЦОВП МОСКОВСКОГО РАЙОНА;ЦЕНТР ОБЩЕВРАЧЕБНОЙ ПРАКТИКИ МОСКОВСКОГО РАЙОНА;39;643;654;1297;395;420;815;821;1595;2416;588;1149;1737
Чуйская обл.;4170800000000000;Московский р-н;41708217000000000;841801;ЦОВП МОСКОВСКОГО РАЙОНА;ЦЕНТР ОБЩЕВРАЧЕБНОЙ ПРАКТИКИ МОСКОВСКОГО РАЙОНА;40;636;687;1323;425;420;845;940;1213;2153;788;881;1669
Чуйская обл.;4170800000000000;Московский р-н;41708217000000000;841801;ЦОВП МОСКОВСКОГО РАЙОНА;ЦЕНТР ОБЩЕВРАЧЕБНОЙ ПРАКТИКИ МОСКОВСКОГО РАЙОНА;41;673;596;1269;447;383;830;953;1151;2104;709;839;1548
Чуйская обл.;4170800000000000;Московский р-н;41708217000000000;841801;ЦОВП МОСКОВСКОГО РАЙОНА;ЦЕНТР ОБЩЕВРАЧЕБНОЙ ПРАКТИКИ МОСКОВСКОГО РАЙОНА;42;597;613;1210;388;384;772;813;1210;2023;576;892;1468
Чуйская обл.;4170800000000000;Московский р-н;41708217000000000;841801;ЦОВП МОСКОВСКОГО РАЙОНА;ЦЕНТР ОБЩЕВРАЧЕБНОЙ ПРАКТИКИ МОСКОВСКОГО РАЙОНА;43;520;598;1118;327;383;710;837;1164;2001;595;866;1461
Чуйская обл.;4170800000000000;Московский р-н;41708217000000000;841801;ЦОВП МОСКОВСКОГО РАЙОНА;ЦЕНТР ОБЩЕВРАЧЕБНОЙ ПРАКТИКИ МОСКОВСКОГО РАЙОНА;44;581;552;1133;364;327;691;764;1241;2005;579;888;1467
Чуйская обл.;4170800000000000;Московский р-н;41708217000000000;841801;ЦОВП МОСКОВСКОГО РАЙОНА;ЦЕНТР ОБЩЕВРАЧЕБНОЙ ПРАКТИКИ МОСКОВСКОГО РАЙОНА;45;518;575;1093;327;345;672;849;1134;1983;602;824;1426
Чуйская обл.;4170800000000000;Московский р-н;41708217000000000;841801;ЦОВП МОСКОВСКОГО РАЙОНА;ЦЕНТР ОБЩЕВРАЧЕБНОЙ ПРАКТИКИ МОСКОВСКОГО РАЙОНА;46;524;532;1056;343;341;684;622;1240;1862;484;892;1376
Чуйская обл.;4170800000000000;Московский р-н;41708217000000000;841801;ЦОВП МОСКОВСКОГО РАЙОНА;ЦЕНТР ОБЩЕВРАЧЕБНОЙ ПРАКТИКИ МОСКОВСКОГО РАЙОНА;47;414;493;907;256;316;572;772;1283;2055;636;899;1535
Чуйская обл.;4170800000000000;Московский р-н;41708217000000000;841801;ЦОВП МОСКОВСКОГО РАЙОНА;ЦЕНТР ОБЩЕВРАЧЕБНОЙ ПРАКТИКИ МОСКОВСКОГО РАЙОНА;48;498;507;1005;324;323;647;822;1067;1889;607;761;1368
Чуйская обл.;4170800000000000;Московский р-н;41708217000000000;841801;ЦОВП МОСКОВСКОГО РАЙОНА;ЦЕНТР ОБЩЕВРАЧЕБНОЙ ПРАКТИКИ МОСКОВСКОГО РАЙОНА;49;476;479;955;303;278;581;753;941;1694;536;653;1189
Чуйская обл.;4170800000000000;Московский р-н;41708217000000000;841801;ЦОВП МОСКОВСКОГО РАЙОНА;ЦЕНТР ОБЩЕВРАЧЕБНОЙ ПРАКТИКИ МОСКОВСКОГО РАЙОНА;50;430;441;871;276;261;537;952;1201;2153;651;930;1581
Чуйская обл.;4170800000000000;Московский р-н;41708217000000000;841801;ЦОВП МОСКОВСКОГО РАЙОНА;ЦЕНТР ОБЩЕВРАЧЕБНОЙ ПРАКТИКИ МОСКОВСКОГО РАЙОНА;51;447;462;909;261;288;549;754;1224;1978;547;885;1432
Чуйская обл.;4170800000000000;Московский р-н;41708217000000000;841801;ЦОВП МОСКОВСКОГО РАЙОНА;ЦЕНТР ОБЩЕВРАЧЕБНОЙ ПРАКТИКИ МОСКОВСКОГО РАЙОНА;52;420;495;915;255;324;579;908;1274;2182;649;936;1585
Чуйская обл.;4170800000000000;Московский р-н;41708217000000000;841801;ЦОВП МОСКОВСКОГО РАЙОНА;ЦЕНТР ОБЩЕВРАЧЕБНОЙ ПРАКТИКИ МОСКОВСКОГО РАЙОНА;53;451;501;952;289;321;610;874;1336;2210;638;988;1626
Чуйская обл.;4170800000000000;Московский р-н;41708217000000000;841801;ЦОВП МОСКОВСКОГО РАЙОНА;ЦЕНТР ОБЩЕВРАЧЕБНОЙ ПРАКТИКИ МОСКОВСКОГО РАЙОНА;54;367;446;813;208;276;484;838;1252;2090;550;881;1431
Чуйская обл.;4170800000000000;Московский р-н;41708217000000000;841801;ЦОВП МОСКОВСКОГО РАЙОНА;ЦЕНТР ОБЩЕВРАЧЕБНОЙ ПРАКТИКИ МОСКОВСКОГО РАЙОНА;55;377;461;838;239;298;537;908;1133;2041;688;852;1540
Чуйская обл.;4170800000000000;Московский р-н;41708217000000000;841801;ЦОВП МОСКОВСКОГО РАЙОНА;ЦЕНТР ОБЩЕВРАЧЕБНОЙ ПРАКТИКИ МОСКОВСКОГО РАЙОНА;56;392;466;858;259;333;592;868;1269;2137;654;936;1590
Чуйская обл.;4170800000000000;Московский р-н;41708217000000000;841801;ЦОВП МОСКОВСКОГО РАЙОНА;ЦЕНТР ОБЩЕВРАЧЕБНОЙ ПРАКТИКИ МОСКОВСКОГО РАЙОНА;57;409;452;861;279;308;587;980;1172;2152;689;849;1538
Чуйская обл.;4170800000000000;Московский р-н;41708217000000000;841801;ЦОВП МОСКОВСКОГО РАЙОНА;ЦЕНТР ОБЩЕВРАЧЕБНОЙ ПРАКТИКИ МОСКОВСКОГО РАЙОНА;58;403;458;861;281;345;626;856;1154;2010;622;968;1590
Чуйская обл.;4170800000000000;Московский р-н;41708217000000000;841801;ЦОВП МОСКОВСКОГО РАЙОНА;ЦЕНТР ОБЩЕВРАЧЕБНОЙ ПРАКТИКИ МОСКОВСКОГО РАЙОНА;59;406;426;832;282;358;640;911;1250;2161;755;1160;1915
Чуйская обл.;4170800000000000;Московский р-н;41708217000000000;841801;ЦОВП МОСКОВСКОГО РАЙОНА;ЦЕНТР ОБЩЕВРАЧЕБНОЙ ПРАКТИКИ МОСКОВСКОГО РАЙОНА;60;382;428;810;307;405;712;729;1289;2018;601;1211;1812
Чуйская обл.;4170800000000000;Московский р-н;41708217000000000;841801;ЦОВП МОСКОВСКОГО РАЙОНА;ЦЕНТР ОБЩЕВРАЧЕБНОЙ ПРАКТИКИ МОСКОВСКОГО РАЙОНА;61;416;473;889;351;444;795;769;1195;1964;679;1109;1788
Чуйская обл.;4170800000000000;Московский р-н;41708217000000000;841801;ЦОВП МОСКОВСКОГО РАЙОНА;ЦЕНТР ОБЩЕВРАЧЕБНОЙ ПРАКТИКИ МОСКОВСКОГО РАЙОНА;62;378;464;842;320;441;761;858;1408;2266;715;1355;2070
Чуйская обл.;4170800000000000;Московский р-н;41708217000000000;841801;ЦОВП МОСКОВСКОГО РАЙОНА;ЦЕНТР ОБЩЕВРАЧЕБНОЙ ПРАКТИКИ МОСКОВСКОГО РАЙОНА;63;362;459;821;311;443;754;807;1518;2325;740;1482;2222
Чуйская обл.;4170800000000000;Московский р-н;41708217000000000;841801;ЦОВП МОСКОВСКОГО РАЙОНА;ЦЕНТР ОБЩЕВРАЧЕБНОЙ ПРАКТИКИ МОСКОВСКОГО РАЙОНА;64;340;432;772;309;420;729;692;1307;1999;666;1296;1962
Чуйская обл.;4170800000000000;Московский р-н;41708217000000000;841801;ЦОВП МОСКОВСКОГО РАЙОНА;ЦЕНТР ОБЩЕВРАЧЕБНОЙ ПРАКТИКИ МОСКОВСКОГО РАЙОНА;65;316;411;727;306;405;711;697;1303;2000;657;1292;1949
Чуйская обл.;4170800000000000;Московский р-н;41708217000000000;841801;ЦОВП МОСКОВСКОГО РАЙОНА;ЦЕНТР ОБЩЕВРАЧЕБНОЙ ПРАКТИКИ МОСКОВСКОГО РАЙОНА;66;316;427;743;303;424;727;652;1174;1826;639;1161;1800
Чуйская обл.;4170800000000000;Московский р-н;41708217000000000;841801;ЦОВП МОСКОВСКОГО РАЙОНА;ЦЕНТР ОБЩЕВРАЧЕБНОЙ ПРАКТИКИ МОСКОВСКОГО РАЙОНА;67;277;363;640;272;362;634;691;946;1637;668;934;1602
Чуйская обл.;4170800000000000;Московский р-н;41708217000000000;841801;ЦОВП МОСКОВСКОГО РАЙОНА;ЦЕНТР ОБЩЕВРАЧЕБНОЙ ПРАКТИКИ МОСКОВСКОГО РАЙОНА;68;266;351;617;259;351;610;539;926;1465;494;916;1410
Чуйская обл.;4170800000000000;Московский р-н;41708217000000000;841801;ЦОВП МОСКОВСКОГО РАЙОНА;ЦЕНТР ОБЩЕВРАЧЕБНОЙ ПРАКТИКИ МОСКОВСКОГО РАЙОНА;69;238;318;556;236;315;551;489;1012;1501;485;959;1444
Чуйская обл.;4170800000000000;Московский р-н;41708217000000000;841801;ЦОВП МОСКОВСКОГО РАЙОНА;ЦЕНТР ОБЩЕВРАЧЕБНОЙ ПРАКТИКИ МОСКОВСКОГО РАЙОНА;70;235;322;557;235;320;555;440;797;1237;439;777;1216
Чуйская обл.;4170800000000000;Московский р-н;41708217000000000;841801;ЦОВП МОСКОВСКОГО РАЙОНА;ЦЕНТР ОБЩЕВРАЧЕБНОЙ ПРАКТИКИ МОСКОВСКОГО РАЙОНА;71;209;268;477;209;268;477;390;789;1179;388;782;1170
Чуйская обл.;4170800000000000;Московский р-н;41708217000000000;841801;ЦОВП МОСКОВСКОГО РАЙОНА;ЦЕНТР ОБЩЕВРАЧЕБНОЙ ПРАКТИКИ МОСКОВСКОГО РАЙОНА;72;177;263;440;177;263;440;291;763;1054;289;742;1031
Чуйская обл.;4170800000000000;Московский р-н;41708217000000000;841801;ЦОВП МОСКОВСКОГО РАЙОНА;ЦЕНТР ОБЩЕВРАЧЕБНОЙ ПРАКТИКИ МОСКОВСКОГО РАЙОНА;73;170;267;437;170;267;437;440;626;1066;436;616;1052
Чуйская обл.;4170800000000000;Московский р-н;41708217000000000;841801;ЦОВП МОСКОВСКОГО РАЙОНА;ЦЕНТР ОБЩЕВРАЧЕБНОЙ ПРАКТИКИ МОСКОВСКОГО РАЙОНА;74;144;237;381;144;237;381;390;601;991;387;593;980
Чуйская обл.;4170800000000000;Московский р-н;41708217000000000;841801;ЦОВП МОСКОВСКОГО РАЙОНА;ЦЕНТР ОБЩЕВРАЧЕБНОЙ ПРАКТИКИ МОСКОВСКОГО РАЙОНА;75;153;216;369;153;215;368;315;553;868;315;546;861
Чуйская обл.;4170800000000000;Московский р-н;41708217000000000;841801;ЦОВП МОСКОВСКОГО РАЙОНА;ЦЕНТР ОБЩЕВРАЧЕБНОЙ ПРАКТИКИ МОСКОВСКОГО РАЙОНА;76;122;183;305;122;183;305;234;350;584;234;347;581
Чуйская обл.;4170800000000000;Московский р-н;41708217000000000;841801;ЦОВП МОСКОВСКОГО РАЙОНА;ЦЕНТР ОБЩЕВРАЧЕБНОЙ ПРАКТИКИ МОСКОВСКОГО РАЙОНА;77;118;137;255;118;137;255;233;246;479;233;246;479
Чуйская обл.;4170800000000000;Московский р-н;41708217000000000;841801;ЦОВП МОСКОВСКОГО РАЙОНА;ЦЕНТР ОБЩЕВРАЧЕБНОЙ ПРАКТИКИ МОСКОВСКОГО РАЙОНА;78;62;104;166;62;104;166;76;127;203;73;123;196
Чуйская обл.;4170800000000000;Московский р-н;41708217000000000;841801;ЦОВП МОСКОВСКОГО РАЙОНА;ЦЕНТР ОБЩЕВРАЧЕБНОЙ ПРАКТИКИ МОСКОВСКОГО РАЙОНА;79;38;65;103;38;65;103;64;132;196;60;130;190
Чуйская обл.;4170800000000000;Московский р-н;41708217000000000;841801;ЦОВП МОСКОВСКОГО РАЙОНА;ЦЕНТР ОБЩЕВРАЧЕБНОЙ ПРАКТИКИ МОСКОВСКОГО РАЙОНА;80;37;48;85;37;48;85;49;86;135;49;86;135
Чуйская обл.;4170800000000000;Московский р-н;41708217000000000;841801;ЦОВП МОСКОВСКОГО РАЙОНА;ЦЕНТР ОБЩЕВРАЧЕБНОЙ ПРАКТИКИ МОСКОВСКОГО РАЙОНА;81;28;49;77;28;49;77;66;60;126;66;60;126
Чуйская обл.;4170800000000000;Московский р-н;41708217000000000;841801;ЦОВП МОСКОВСКОГО РАЙОНА;ЦЕНТР ОБЩЕВРАЧЕБНОЙ ПРАКТИКИ МОСКОВСКОГО РАЙОНА;82;41;68;109;41;68;109;86;81;167;86;81;167
Чуйская обл.;4170800000000000;Московский р-н;41708217000000000;841801;ЦОВП МОСКОВСКОГО РАЙОНА;ЦЕНТР ОБЩЕВРАЧЕБНОЙ ПРАКТИКИ МОСКОВСКОГО РАЙОНА;83;39;73;112;39;73;112;21;146;167;21;146;167
Чуйская обл.;4170800000000000;Московский р-н;41708217000000000;841801;ЦОВП МОСКОВСКОГО РАЙОНА;ЦЕНТР ОБЩЕВРАЧЕБНОЙ ПРАКТИКИ МОСКОВСКОГО РАЙОНА;84;41;103;144;41;103;144;52;151;203;52;151;203
Чуйская обл.;4170800000000000;Московский р-н;41708217000000000;841801;ЦОВП МОСКОВСКОГО РАЙОНА;ЦЕНТР ОБЩЕВРАЧЕБНОЙ ПРАКТИКИ МОСКОВСКОГО РАЙОНА;85;41;75;116;41;75;116;35;101;136;35;101;136
Чуйская обл.;4170800000000000;Московский р-н;41708217000000000;841801;ЦОВП МОСКОВСКОГО РАЙОНА;ЦЕНТР ОБЩЕВРАЧЕБНОЙ ПРАКТИКИ МОСКОВСКОГО РАЙОНА;86;36;69;105;36;69;105;19;90;109;19;89;108
Чуйская обл.;4170800000000000;Московский р-н;41708217000000000;841801;ЦОВП МОСКОВСКОГО РАЙОНА;ЦЕНТР ОБЩЕВРАЧЕБНОЙ ПРАКТИКИ МОСКОВСКОГО РАЙОНА;87;34;66;100;34;66;100;32;56;88;32;56;88
Чуйская обл.;4170800000000000;Московский р-н;41708217000000000;841801;ЦОВП МОСКОВСКОГО РАЙОНА;ЦЕНТР ОБЩЕВРАЧЕБНОЙ ПРАКТИКИ МОСКОВСКОГО РАЙОНА;88;29;48;77;29;48;77;10;25;35;10;25;35
Чуйская обл.;4170800000000000;Московский р-н;41708217000000000;841801;ЦОВП МОСКОВСКОГО РАЙОНА;ЦЕНТР ОБЩЕВРАЧЕБНОЙ ПРАКТИКИ МОСКОВСКОГО РАЙОНА;89;19;39;58;19;39;58;8;24;32;8;24;32
Чуйская обл.;4170800000000000;Московский р-н;41708217000000000;841801;ЦОВП МОСКОВСКОГО РАЙОНА;ЦЕНТР ОБЩЕВРАЧЕБНОЙ ПРАКТИКИ МОСКОВСКОГО РАЙОНА;90;13;24;37;13;24;37;7;27;34;7;27;34
Чуйская обл.;4170800000000000;Московский р-н;41708217000000000;841801;ЦОВП МОСКОВСКОГО РАЙОНА;ЦЕНТР ОБЩЕВРАЧЕБНОЙ ПРАКТИКИ МОСКОВСКОГО РАЙОНА;91;20;23;43;20;23;43;2;15;17;2;15;17
Чуйская обл.;4170800000000000;Московский р-н;41708217000000000;841801;ЦОВП МОСКОВСКОГО РАЙОНА;ЦЕНТР ОБЩЕВРАЧЕБНОЙ ПРАКТИКИ МОСКОВСКОГО РАЙОНА;92;15;19;34;15;19;34;0;31;31;0;31;31
Чуйская обл.;4170800000000000;Московский р-н;41708217000000000;841801;ЦОВП МОСКОВСКОГО РАЙОНА;ЦЕНТР ОБЩЕВРАЧЕБНОЙ ПРАКТИКИ МОСКОВСКОГО РАЙОНА;93;10;16;26;10;16;26;0;11;11;0;11;11
Чуйская обл.;4170800000000000;Московский р-н;41708217000000000;841801;ЦОВП МОСКОВСКОГО РАЙОНА;ЦЕНТР ОБЩЕВРАЧЕБНОЙ ПРАКТИКИ МОСКОВСКОГО РАЙОНА;94;18;32;50;18;32;50;0;14;14;0;14;14
Чуйская обл.;4170800000000000;Московский р-н;41708217000000000;841801;ЦОВП МОСКОВСКОГО РАЙОНА;ЦЕНТР ОБЩЕВРАЧЕБНОЙ ПРАКТИКИ МОСКОВСКОГО РАЙОНА;95;9;24;33;9;24;33;10;3;13;10;3;13
Чуйская обл.;4170800000000000;Московский р-н;41708217000000000;841801;ЦОВП МОСКОВСКОГО РАЙОНА;ЦЕНТР ОБЩЕВРАЧЕБНОЙ ПРАКТИКИ МОСКОВСКОГО РАЙОНА;96;6;22;28;6;22;28;1;43;44;1;43;44
Чуйская обл.;4170800000000000;Московский р-н;41708217000000000;841801;ЦОВП МОСКОВСКОГО РАЙОНА;ЦЕНТР ОБЩЕВРАЧЕБНОЙ ПРАКТИКИ МОСКОВСКОГО РАЙОНА;97;4;14;18;4;14;18;0;2;2;0;2;2
Чуйская обл.;4170800000000000;Московский р-н;41708217000000000;841801;ЦОВП МОСКОВСКОГО РАЙОНА;ЦЕНТР ОБЩЕВРАЧЕБНОЙ ПРАКТИКИ МОСКОВСКОГО РАЙОНА;100;4;2;6;4;2;6;0;1;1;0;1;1
Джалал-Абадская обл.;4170300000000000;Ноокенский р-н;41703215000000000;341711;ЦОВП НООКЕНСКОГО РАЙОНА;Центр общеврачебной практики Ноокенского района Жалал-Абадской области;0;460;426;886;460;426;886;2754;2498;5252;2754;2498;5252
Джалал-Абадская обл.;4170300000000000;Ноокенский р-н;41703215000000000;341711;ЦОВП НООКЕНСКОГО РАЙОНА;Центр общеврачебной практики Ноокенского района Жалал-Абадской области;1;874;816;1690;874;816;1690;1533;1409;2942;1533;1409;2942
Джалал-Абадская обл.;4170300000000000;Ноокенский р-н;41703215000000000;341711;ЦОВП НООКЕНСКОГО РАЙОНА;Центр общеврачебной практики Ноокенского района Жалал-Абадской области;2;962;972;1934;962;972;1934;1416;1267;2683;1416;1267;2683
Джалал-Абадская обл.;4170300000000000;Ноокенский р-н;41703215000000000;341711;ЦОВП НООКЕНСКОГО РАЙОНА;Центр общеврачебной практики Ноокенского района Жалал-Абадской области;3;970;969;1939;970;969;1939;944;828;1772;944;828;1772
Джалал-Абадская обл.;4170300000000000;Ноокенский р-н;41703215000000000;341711;ЦОВП НООКЕНСКОГО РАЙОНА;Центр общеврачебной практики Ноокенского района Жалал-Абадской области;4;955;919;1874;955;919;1874;814;901;1715;814;901;1715
Джалал-Абадская обл.;4170300000000000;Ноокенский р-н;41703215000000000;341711;ЦОВП НООКЕНСКОГО РАЙОНА;Центр общеврачебной практики Ноокенского района Жалал-Абадской области;5;872;977;1849;872;977;1849;877;810;1687;877;810;1687
Джалал-Абадская обл.;4170300000000000;Ноокенский р-н;41703215000000000;341711;ЦОВП НООКЕНСКОГО РАЙОНА;Центр общеврачебной практики Ноокенского района Жалал-Абадской области;6;1014;1223;2237;1014;1223;2237;838;655;1493;838;655;1493
Джалал-Абадская обл.;4170300000000000;Ноокенский р-н;41703215000000000;341711;ЦОВП НООКЕНСКОГО РАЙОНА;Центр общеврачебной практики Ноокенского района Жалал-Абадской области;7;850;1086;1936;850;1086;1936;413;408;821;413;408;821
Джалал-Абадская обл.;4170300000000000;Ноокенский р-н;41703215000000000;341711;ЦОВП НООКЕНСКОГО РАЙОНА;Центр общеврачебной практики Ноокенского района Жалал-Абадской области;8;840;1178;2018;840;1178;2018;405;396;801;405;396;801
Джалал-Абадская обл.;4170300000000000;Ноокенский р-н;41703215000000000;341711;ЦОВП НООКЕНСКОГО РАЙОНА;Центр общеврачебной практики Ноокенского района Жалал-Абадской области;9;840;1305;2145;840;1305;2145;320;334;654;320;334;654
Джалал-Абадская обл.;4170300000000000;Ноокенский р-н;41703215000000000;341711;ЦОВП НООКЕНСКОГО РАЙОНА;Центр общеврачебной практики Ноокенского района Жалал-Абадской области;10;825;1442;2267;825;1442;2267;295;247;542;295;247;542
Джалал-Абадская обл.;4170300000000000;Ноокенский р-н;41703215000000000;341711;ЦОВП НООКЕНСКОГО РАЙОНА;Центр общеврачебной практики Ноокенского района Жалал-Абадской области;11;797;1219;2016;797;1219;2016;275;270;545;275;270;545
Джалал-Абадская обл.;4170300000000000;Ноокенский р-н;41703215000000000;341711;ЦОВП НООКЕНСКОГО РАЙОНА;Центр общеврачебной практики Ноокенского района Жалал-Абадской области;12;796;1271;2067;796;1271;2067;282;233;515;282;233;515
Джалал-Абадская обл.;4170300000000000;Ноокенский р-н;41703215000000000;341711;ЦОВП НООКЕНСКОГО РАЙОНА;Центр общеврачебной практики Ноокенского района Жалал-Абадской области;13;740;1234;1974;740;1234;1974;263;340;603;263;340;603
Джалал-Абадская обл.;4170300000000000;Ноокенский р-н;41703215000000000;341711;ЦОВП НООКЕНСКОГО РАЙОНА;Центр общеврачебной практики Ноокенского района Жалал-Абадской области;14;720;1195;1915;720;1195;1915;330;322;652;330;322;652
Джалал-Абадская обл.;4170300000000000;Ноокенский р-н;41703215000000000;341711;ЦОВП НООКЕНСКОГО РАЙОНА;Центр общеврачебной практики Ноокенского района Жалал-Абадской области;15;620;1073;1693;620;1073;1693;314;314;628;314;314;628
Джалал-Абадская обл.;4170300000000000;Ноокенский р-н;41703215000000000;341711;ЦОВП НООКЕНСКОГО РАЙОНА;Центр общеврачебной практики Ноокенского района Жалал-Абадской области;16;571;1022;1593;571;1022;1593;297;315;612;278;301;579
Джалал-Абадская обл.;4170300000000000;Ноокенский р-н;41703215000000000;341711;ЦОВП НООКЕНСКОГО РАЙОНА;Центр общеврачебной практики Ноокенского района Жалал-Абадской области;17;488;878;1366;437;837;1274;505;438;943;433;371;804
Джалал-Абадская обл.;4170300000000000;Ноокенский р-н;41703215000000000;341711;ЦОВП НООКЕНСКОГО РАЙОНА;Центр общеврачебной практики Ноокенского района Жалал-Абадской области;18;528;777;1305;468;711;1179;557;418;975;408;290;698
Джалал-Абадская обл.;4170300000000000;Ноокенский р-н;41703215000000000;341711;ЦОВП НООКЕНСКОГО РАЙОНА;Центр общеврачебной практики Ноокенского района Жалал-Абадской области;19;518;811;1329;262;590;852;353;563;916;93;228;321
Джалал-Абадская обл.;4170300000000000;Ноокенский р-н;41703215000000000;341711;ЦОВП НООКЕНСКОГО РАЙОНА;Центр общеврачебной практики Ноокенского района Жалал-Абадской области;20;524;702;1226;60;295;355;250;580;830;36;254;290
Джалал-Абадская обл.;4170300000000000;Ноокенский р-н;41703215000000000;341711;ЦОВП НООКЕНСКОГО РАЙОНА;Центр общеврачебной практики Ноокенского района Жалал-Абадской области;21;543;709;1252;61;255;316;300;592;892;47;302;349
Джалал-Абадская обл.;4170300000000000;Ноокенский р-н;41703215000000000;341711;ЦОВП НООКЕНСКОГО РАЙОНА;Центр общеврачебной практики Ноокенского района Жалал-Абадской области;22;528;743;1271;114;206;320;289;756;1045;99;370;469
Джалал-Абадская обл.;4170300000000000;Ноокенский р-н;41703215000000000;341711;ЦОВП НООКЕНСКОГО РАЙОНА;Центр общеврачебной практики Ноокенского района Жалал-Абадской области;23;517;722;1239;68;232;300;275;591;866;53;303;356
Джалал-Абадская обл.;4170300000000000;Ноокенский р-н;41703215000000000;341711;ЦОВП НООКЕНСКОГО РАЙОНА;Центр общеврачебной практики Ноокенского района Жалал-Абадской области;24;521;838;1359;51;364;415;252;632;884;55;346;401
Джалал-Абадская обл.;4170300000000000;Ноокенский р-н;41703215000000000;341711;ЦОВП НООКЕНСКОГО РАЙОНА;Центр общеврачебной практики Ноокенского района Жалал-Абадской области;25;563;792;1355;64;272;336;264;793;1057;74;477;551
Джалал-Абадская обл.;4170300000000000;Ноокенский р-н;41703215000000000;341711;ЦОВП НООКЕНСКОГО РАЙОНА;Центр общеврачебной практики Ноокенского района Жалал-Абадской области;26;582;848;1430;91;331;422;353;802;1155;115;492;607
Джалал-Абадская обл.;4170300000000000;Ноокенский р-н;41703215000000000;341711;ЦОВП НООКЕНСКОГО РАЙОНА;Центр общеврачебной практики Ноокенского района Жалал-Абадской области;27;625;763;1388;105;294;399;420;856;1276;119;548;667
Джалал-Абадская обл.;4170300000000000;Ноокенский р-н;41703215000000000;341711;ЦОВП НООКЕНСКОГО РАЙОНА;Центр общеврачебной практики Ноокенского района Жалал-Абадской области;28;724;841;1565;146;357;503;360;890;1250;116;553;669
Джалал-Абадская обл.;4170300000000000;Ноокенский р-н;41703215000000000;341711;ЦОВП НООКЕНСКОГО РАЙОНА;Центр общеврачебной практики Ноокенского района Жалал-Абадской области;29;729;838;1567;203;403;606;368;933;1301;170;618;788
Джалал-Абадская обл.;4170300000000000;Ноокенский р-н;41703215000000000;341711;ЦОВП НООКЕНСКОГО РАЙОНА;Центр общеврачебной практики Ноокенского района Жалал-Абадской области;30;714;867;1581;284;428;712;455;925;1380;265;659;924
Джалал-Абадская обл.;4170300000000000;Ноокенский р-н;41703215000000000;341711;ЦОВП НООКЕНСКОГО РАЙОНА;Центр общеврачебной практики Ноокенского района Жалал-Абадской области;31;735;762;1497;322;416;738;422;871;1293;240;623;863
Джалал-Абадская обл.;4170300000000000;Ноокенский р-н;41703215000000000;341711;ЦОВП НООКЕНСКОГО РАЙОНА;Центр общеврачебной практики Ноокенского района Жалал-Абадской области;32;728;810;1538;335;438;773;439;865;1304;239;647;886
Джалал-Абадская обл.;4170300000000000;Ноокенский р-н;41703215000000000;341711;ЦОВП НООКЕНСКОГО РАЙОНА;Центр общеврачебной практики Ноокенского района Жалал-Абадской области;33;726;776;1502;329;414;743;387;748;1135;221;557;778
Джалал-Абадская обл.;4170300000000000;Ноокенский р-н;41703215000000000;341711;ЦОВП НООКЕНСКОГО РАЙОНА;Центр общеврачебной практики Ноокенского района Жалал-Абадской области;34;746;736;1482;338;407;745;414;721;1135;248;520;768
Джалал-Абадская обл.;4170300000000000;Ноокенский р-н;41703215000000000;341711;ЦОВП НООКЕНСКОГО РАЙОНА;Центр общеврачебной практики Ноокенского района Жалал-Абадской области;35;738;644;1382;349;359;708;344;694;1038;210;510;720
Джалал-Абадская обл.;4170300000000000;Ноокенский р-н;41703215000000000;341711;ЦОВП НООКЕНСКОГО РАЙОНА;Центр общеврачебной практики Ноокенского района Жалал-Абадской области;36;619;667;1286;330;382;712;480;653;1133;290;474;764
Джалал-Абадская обл.;4170300000000000;Ноокенский р-н;41703215000000000;341711;ЦОВП НООКЕНСКОГО РАЙОНА;Центр общеврачебной практики Ноокенского района Жалал-Абадской области;37;689;650;1339;356;390;746;379;606;985;264;439;703
Джалал-Абадская обл.;4170300000000000;Ноокенский р-н;41703215000000000;341711;ЦОВП НООКЕНСКОГО РАЙОНА;Центр общеврачебной практики Ноокенского района Жалал-Абадской области;38;635;662;1297;445;400;845;292;594;886;219;492;711
Джалал-Абадская обл.;4170300000000000;Ноокенский р-н;41703215000000000;341711;ЦОВП НООКЕНСКОГО РАЙОНА;Центр общеврачебной практики Ноокенского района Жалал-Абадской области;39;552;574;1126;337;361;698;273;609;882;199;469;668
Джалал-Абадская обл.;4170300000000000;Ноокенский р-н;41703215000000000;341711;ЦОВП НООКЕНСКОГО РАЙОНА;Центр общеврачебной практики Ноокенского района Жалал-Абадской области;40;486;526;1012;346;360;706;319;529;848;238;438;676
Джалал-Абадская обл.;4170300000000000;Ноокенский р-н;41703215000000000;341711;ЦОВП НООКЕНСКОГО РАЙОНА;Центр общеврачебной практики Ноокенского района Жалал-Абадской области;41;476;517;993;327;334;661;251;456;707;199;363;562
Джалал-Абадская обл.;4170300000000000;Ноокенский р-н;41703215000000000;341711;ЦОВП НООКЕНСКОГО РАЙОНА;Центр общеврачебной практики Ноокенского района Жалал-Абадской области;42;420;479;899;281;323;604;252;400;652;194;353;547
Джалал-Абадская обл.;4170300000000000;Ноокенский р-н;41703215000000000;341711;ЦОВП НООКЕНСКОГО РАЙОНА;Центр общеврачебной практики Ноокенского района Жалал-Абадской области;43;416;487;903;275;329;604;295;421;716;219;349;568
Джалал-Абадская обл.;4170300000000000;Ноокенский р-н;41703215000000000;341711;ЦОВП НООКЕНСКОГО РАЙОНА;Центр общеврачебной практики Ноокенского района Жалал-Абадской области;44;420;389;809;284;252;536;237;306;543;169;249;418
Джалал-Абадская обл.;4170300000000000;Ноокенский р-н;41703215000000000;341711;ЦОВП НООКЕНСКОГО РАЙОНА;Центр общеврачебной практики Ноокенского района Жалал-Абадской области;45;383;381;764;263;239;502;233;367;600;178;290;468
Джалал-Абадская обл.;4170300000000000;Ноокенский р-н;41703215000000000;341711;ЦОВП НООКЕНСКОГО РАЙОНА;Центр общеврачебной практики Ноокенского района Жалал-Абадской области;46;357;403;760;246;271;517;268;370;638;207;311;518
Джалал-Абадская обл.;4170300000000000;Ноокенский р-н;41703215000000000;341711;ЦОВП НООКЕНСКОГО РАЙОНА;Центр общеврачебной практики Ноокенского района Жалал-Абадской области;47;333;362;695;233;255;488;199;379;578;159;301;460
Джалал-Абадская обл.;4170300000000000;Ноокенский р-н;41703215000000000;341711;ЦОВП НООКЕНСКОГО РАЙОНА;Центр общеврачебной практики Ноокенского района Жалал-Абадской области;48;367;412;779;256;269;525;245;426;671;184;351;535
Джалал-Абадская обл.;4170300000000000;Ноокенский р-н;41703215000000000;341711;ЦОВП НООКЕНСКОГО РАЙОНА;Центр общеврачебной практики Ноокенского района Жалал-Абадской области;49;316;380;696;218;255;473;191;432;623;125;344;469
Джалал-Абадская обл.;4170300000000000;Ноокенский р-н;41703215000000000;341711;ЦОВП НООКЕНСКОГО РАЙОНА;Центр общеврачебной практики Ноокенского района Жалал-Абадской области;50;318;366;684;217;250;467;258;446;704;217;355;572
Джалал-Абадская обл.;4170300000000000;Ноокенский р-н;41703215000000000;341711;ЦОВП НООКЕНСКОГО РАЙОНА;Центр общеврачебной практики Ноокенского района Жалал-Абадской области;51;356;366;722;260;242;502;259;394;653;199;328;527
Джалал-Абадская обл.;4170300000000000;Ноокенский р-н;41703215000000000;341711;ЦОВП НООКЕНСКОГО РАЙОНА;Центр общеврачебной практики Ноокенского района Жалал-Абадской области;52;312;348;660;207;232;439;262;440;702;185;363;548
Джалал-Абадская обл.;4170300000000000;Ноокенский р-н;41703215000000000;341711;ЦОВП НООКЕНСКОГО РАЙОНА;Центр общеврачебной практики Ноокенского района Жалал-Абадской области;53;311;349;660;212;246;458;255;456;711;203;351;554
Джалал-Абадская обл.;4170300000000000;Ноокенский р-н;41703215000000000;341711;ЦОВП НООКЕНСКОГО РАЙОНА;Центр общеврачебной практики Ноокенского района Жалал-Абадской области;54;299;350;649;203;244;447;223;462;685;184;384;568
Джалал-Абадская обл.;4170300000000000;Ноокенский р-н;41703215000000000;341711;ЦОВП НООКЕНСКОГО РАЙОНА;Центр общеврачебной практики Ноокенского района Жалал-Абадской области;55;340;326;666;245;229;474;343;571;914;280;497;777
Джалал-Абадская обл.;4170300000000000;Ноокенский р-н;41703215000000000;341711;ЦОВП НООКЕНСКОГО РАЙОНА;Центр общеврачебной практики Ноокенского района Жалал-Абадской области;56;336;374;710;229;279;508;307;549;856;254;469;723
Джалал-Абадская обл.;4170300000000000;Ноокенский р-н;41703215000000000;341711;ЦОВП НООКЕНСКОГО РАЙОНА;Центр общеврачебной практики Ноокенского района Жалал-Абадской области;57;317;329;646;226;229;455;337;512;849;266;434;700
Джалал-Абадская обл.;4170300000000000;Ноокенский р-н;41703215000000000;341711;ЦОВП НООКЕНСКОГО РАЙОНА;Центр общеврачебной практики Ноокенского района Жалал-Абадской области;58;285;379;664;222;297;519;346;568;914;296;517;813
Джалал-Абадская обл.;4170300000000000;Ноокенский р-н;41703215000000000;341711;ЦОВП НООКЕНСКОГО РАЙОНА;Центр общеврачебной практики Ноокенского района Жалал-Абадской области;59;308;349;657;232;277;509;362;480;842;307;437;744
Джалал-Абадская обл.;4170300000000000;Ноокенский р-н;41703215000000000;341711;ЦОВП НООКЕНСКОГО РАЙОНА;Центр общеврачебной практики Ноокенского района Жалал-Абадской области;60;298;343;641;216;267;483;372;569;941;305;504;809
Джалал-Абадская обл.;4170300000000000;Ноокенский р-н;41703215000000000;341711;ЦОВП НООКЕНСКОГО РАЙОНА;Центр общеврачебной практики Ноокенского района Жалал-Абадской области;61;310;377;687;241;325;566;385;607;992;326;547;873
Джалал-Абадская обл.;4170300000000000;Ноокенский р-н;41703215000000000;341711;ЦОВП НООКЕНСКОГО РАЙОНА;Центр общеврачебной практики Ноокенского района Жалал-Абадской области;62;291;376;667;229;304;533;350;589;939;299;531;830
Джалал-Абадская обл.;4170300000000000;Ноокенский р-н;41703215000000000;341711;ЦОВП НООКЕНСКОГО РАЙОНА;Центр общеврачебной практики Ноокенского района Жалал-Абадской области;63;276;370;646;218;321;539;345;524;869;290;473;763
Джалал-Абадская обл.;4170300000000000;Ноокенский р-н;41703215000000000;341711;ЦОВП НООКЕНСКОГО РАЙОНА;Центр общеврачебной практики Ноокенского района Жалал-Абадской области;64;269;321;590;222;287;509;319;489;808;302;462;764
Джалал-Абадская обл.;4170300000000000;Ноокенский р-н;41703215000000000;341711;ЦОВП НООКЕНСКОГО РАЙОНА;Центр общеврачебной практики Ноокенского района Жалал-Абадской области;65;232;305;537;184;294;478;258;475;733;238;453;691
Джалал-Абадская обл.;4170300000000000;Ноокенский р-н;41703215000000000;341711;ЦОВП НООКЕНСКОГО РАЙОНА;Центр общеврачебной практики Ноокенского района Жалал-Абадской области;66;242;272;514;211;263;474;195;515;710;189;482;671
Джалал-Абадская обл.;4170300000000000;Ноокенский р-н;41703215000000000;341711;ЦОВП НООКЕНСКОГО РАЙОНА;Центр общеврачебной практики Ноокенского района Жалал-Абадской области;67;192;251;443;188;247;435;209;454;663;205;428;633
Джалал-Абадская обл.;4170300000000000;Ноокенский р-н;41703215000000000;341711;ЦОВП НООКЕНСКОГО РАЙОНА;Центр общеврачебной практики Ноокенского района Жалал-Абадской области;68;167;239;406;163;236;399;187;308;495;181;284;465
Джалал-Абадская обл.;4170300000000000;Ноокенский р-н;41703215000000000;341711;ЦОВП НООКЕНСКОГО РАЙОНА;Центр общеврачебной практики Ноокенского района Жалал-Абадской области;69;141;167;308;137;157;294;189;296;485;184;276;460
Джалал-Абадская обл.;4170300000000000;Ноокенский р-н;41703215000000000;341711;ЦОВП НООКЕНСКОГО РАЙОНА;Центр общеврачебной практики Ноокенского района Жалал-Абадской области;70;134;206;340;128;199;327;159;322;481;154;316;470
Джалал-Абадская обл.;4170300000000000;Ноокенский р-н;41703215000000000;341711;ЦОВП НООКЕНСКОГО РАЙОНА;Центр общеврачебной практики Ноокенского района Жалал-Абадской области;71;102;165;267;100;161;261;143;218;361;134;213;347
Джалал-Абадская обл.;4170300000000000;Ноокенский р-н;41703215000000000;341711;ЦОВП НООКЕНСКОГО РАЙОНА;Центр общеврачебной практики Ноокенского района Жалал-Абадской области;72;122;174;296;115;166;281;118;195;313;104;181;285
Джалал-Абадская обл.;4170300000000000;Ноокенский р-н;41703215000000000;341711;ЦОВП НООКЕНСКОГО РАЙОНА;Центр общеврачебной практики Ноокенского района Жалал-Абадской области;73;70;129;199;67;124;191;92;165;257;86;150;236
Джалал-Абадская обл.;4170300000000000;Ноокенский р-н;41703215000000000;341711;ЦОВП НООКЕНСКОГО РАЙОНА;Центр общеврачебной практики Ноокенского района Жалал-Абадской области;74;58;122;180;56;120;176;76;125;201;72;123;195
Джалал-Абадская обл.;4170300000000000;Ноокенский р-н;41703215000000000;341711;ЦОВП НООКЕНСКОГО РАЙОНА;Центр общеврачебной практики Ноокенского района Жалал-Абадской области;75;55;87;142;53;87;140;79;89;168;74;89;163
Джалал-Абадская обл.;4170300000000000;Ноокенский р-н;41703215000000000;341711;ЦОВП НООКЕНСКОГО РАЙОНА;Центр общеврачебной практики Ноокенского района Жалал-Абадской области;76;44;68;112;42;64;106;63;70;133;57;61;118
Джалал-Абадская обл.;4170300000000000;Ноокенский р-н;41703215000000000;341711;ЦОВП НООКЕНСКОГО РАЙОНА;Центр общеврачебной практики Ноокенского района Жалал-Абадской области;77;42;69;111;41;66;107;35;96;131;32;88;120
Джалал-Абадская обл.;4170300000000000;Ноокенский р-н;41703215000000000;341711;ЦОВП НООКЕНСКОГО РАЙОНА;Центр общеврачебной практики Ноокенского района Жалал-Абадской области;78;28;56;84;26;53;79;10;72;82;8;69;77
Джалал-Абадская обл.;4170300000000000;Ноокенский р-н;41703215000000000;341711;ЦОВП НООКЕНСКОГО РАЙОНА;Центр общеврачебной практики Ноокенского района Жалал-Абадской области;79;6;26;32;6;26;32;1;10;11;1;10;11
Джалал-Абадская обл.;4170300000000000;Ноокенский р-н;41703215000000000;341711;ЦОВП НООКЕНСКОГО РАЙОНА;Центр общеврачебной практики Ноокенского района Жалал-Абадской области;80;16;21;37;16;20;36;5;17;22;5;17;22
Джалал-Абадская обл.;4170300000000000;Ноокенский р-н;41703215000000000;341711;ЦОВП НООКЕНСКОГО РАЙОНА;Центр общеврачебной практики Ноокенского района Жалал-Абадской области;81;16;26;42;14;25;39;18;19;37;18;14;32
Джалал-Абадская обл.;4170300000000000;Ноокенский р-н;41703215000000000;341711;ЦОВП НООКЕНСКОГО РАЙОНА;Центр общеврачебной практики Ноокенского района Жалал-Абадской области;82;26;48;74;25;45;70;28;28;56;25;25;50
Джалал-Абадская обл.;4170300000000000;Ноокенский р-н;41703215000000000;341711;ЦОВП НООКЕНСКОГО РАЙОНА;Центр общеврачебной практики Ноокенского района Жалал-Абадской области;83;16;39;55;15;38;53;13;25;38;13;22;35
Джалал-Абадская обл.;4170300000000000;Ноокенский р-н;41703215000000000;341711;ЦОВП НООКЕНСКОГО РАЙОНА;Центр общеврачебной практики Ноокенского района Жалал-Абадской области;84;33;64;97;33;60;93;20;28;48;16;23;39
Джалал-Абадская обл.;4170300000000000;Ноокенский р-н;41703215000000000;341711;ЦОВП НООКЕНСКОГО РАЙОНА;Центр общеврачебной практики Ноокенского района Жалал-Абадской области;85;10;40;50;9;40;49;8;15;23;8;15;23
Джалал-Абадская обл.;4170300000000000;Ноокенский р-н;41703215000000000;341711;ЦОВП НООКЕНСКОГО РАЙОНА;Центр общеврачебной практики Ноокенского района Жалал-Абадской области;86;9;31;40;9;30;39;7;7;14;6;6;12
Джалал-Абадская обл.;4170300000000000;Ноокенский р-н;41703215000000000;341711;ЦОВП НООКЕНСКОГО РАЙОНА;Центр общеврачебной практики Ноокенского района Жалал-Абадской области;87;9;23;32;9;22;31;3;10;13;1;10;11
Джалал-Абадская обл.;4170300000000000;Ноокенский р-н;41703215000000000;341711;ЦОВП НООКЕНСКОГО РАЙОНА;Центр общеврачебной практики Ноокенского района Жалал-Абадской области;88;5;35;40;4;33;37;1;15;16;1;15;16
Джалал-Абадская обл.;4170300000000000;Ноокенский р-н;41703215000000000;341711;ЦОВП НООКЕНСКОГО РАЙОНА;Центр общеврачебной практики Ноокенского района Жалал-Абадской области;89;2;17;19;2;17;19;2;4;6;2;3;5
Джалал-Абадская обл.;4170300000000000;Ноокенский р-н;41703215000000000;341711;ЦОВП НООКЕНСКОГО РАЙОНА;Центр общеврачебной практики Ноокенского района Жалал-Абадской области;90;5;12;17;4;12;16;0;2;2;0;2;2
Джалал-Абадская обл.;4170300000000000;Ноокенский р-н;41703215000000000;341711;ЦОВП НООКЕНСКОГО РАЙОНА;Центр общеврачебной практики Ноокенского района Жалал-Абадской области;91;2;15;17;2;15;17;1;1;2;1;1;2
Джалал-Абадская обл.;4170300000000000;Ноокенский р-н;41703215000000000;341711;ЦОВП НООКЕНСКОГО РАЙОНА;Центр общеврачебной практики Ноокенского района Жалал-Абадской области;92;4;21;25;4;21;25;2;8;10;2;8;10
Джалал-Абадская обл.;4170300000000000;Ноокенский р-н;41703215000000000;341711;ЦОВП НООКЕНСКОГО РАЙОНА;Центр общеврачебной практики Ноокенского района Жалал-Абадской области;93;4;11;15;4;11;15;1;1;2;1;1;2
Джалал-Абадская обл.;4170300000000000;Ноокенский р-н;41703215000000000;341711;ЦОВП НООКЕНСКОГО РАЙОНА;Центр общеврачебной практики Ноокенского района Жалал-Абадской области;94;5;16;21;5;16;21;2;2;4;2;2;4
Джалал-Абадская обл.;4170300000000000;Ноокенский р-н;41703215000000000;341711;ЦОВП НООКЕНСКОГО РАЙОНА;Центр общеврачебной практики Ноокенского района Жалал-Абадской области;95;1;7;8;1;7;8;0;2;2;0;2;2
Джалал-Абадская обл.;4170300000000000;Ноокенский р-н;41703215000000000;341711;ЦОВП НООКЕНСКОГО РАЙОНА;Центр общеврачебной практики Ноокенского района Жалал-Абадской области;96;3;17;20;3;17;20;0;10;10;0;10;10
Джалал-Абадская обл.;4170300000000000;Ноокенский р-н;41703215000000000;341711;ЦОВП НООКЕНСКОГО РАЙОНА;Центр общеврачебной практики Ноокенского района Жалал-Абадской области;97;1;6;7;1;5;6;6;3;9;6;3;9
Джалал-Абадская обл.;4170300000000000;Ноокенский р-н;41703215000000000;341711;ЦОВП НООКЕНСКОГО РАЙОНА;Центр общеврачебной практики Ноокенского района Жалал-Абадской области;98;2;3;5;2;3;5;6;0;6;6;0;6
Джалал-Абадская обл.;4170300000000000;Ноокенский р-н;41703215000000000;341711;ЦОВП НООКЕНСКОГО РАЙОНА;Центр общеврачебной практики Ноокенского района Жалал-Абадской области;104;0;2;2;0;2;2;0;1;1;0;1;1
Чуйская обл.;4170800000000000;Панфиловский р-н;41708219000000000;825021;ЦОВП ПАНФИЛОВСКИЙ;ЦЕНТР ОБЩЕВРАЧЕБНОЙ ПРАКТИКИ ПАНФИЛОВСКОГО РАЙОНА;0;252;244;496;252;244;496;2695;2469;5164;2695;2469;5164
Чуйская обл.;4170800000000000;Панфиловский р-н;41708219000000000;825021;ЦОВП ПАНФИЛОВСКИЙ;ЦЕНТР ОБЩЕВРАЧЕБНОЙ ПРАКТИКИ ПАНФИЛОВСКОГО РАЙОНА;1;417;412;829;417;412;829;1337;1289;2626;1337;1289;2626
Чуйская обл.;4170800000000000;Панфиловский р-н;41708219000000000;825021;ЦОВП ПАНФИЛОВСКИЙ;ЦЕНТР ОБЩЕВРАЧЕБНОЙ ПРАКТИКИ ПАНФИЛОВСКОГО РАЙОНА;2;433;451;884;433;451;884;884;879;1763;884;879;1763
Чуйская обл.;4170800000000000;Панфиловский р-н;41708219000000000;825021;ЦОВП ПАНФИЛОВСКИЙ;ЦЕНТР ОБЩЕВРАЧЕБНОЙ ПРАКТИКИ ПАНФИЛОВСКОГО РАЙОНА;3;474;474;948;474;474;948;460;394;854;460;394;854
Чуйская обл.;4170800000000000;Панфиловский р-н;41708219000000000;825021;ЦОВП ПАНФИЛОВСКИЙ;ЦЕНТР ОБЩЕВРАЧЕБНОЙ ПРАКТИКИ ПАНФИЛОВСКОГО РАЙОНА;4;484;485;969;484;485;969;381;381;762;381;381;762
Чуйская обл.;4170800000000000;Панфиловский р-н;41708219000000000;825021;ЦОВП ПАНФИЛОВСКИЙ;ЦЕНТР ОБЩЕВРАЧЕБНОЙ ПРАКТИКИ ПАНФИЛОВСКОГО РАЙОНА;5;503;471;974;503;471;974;435;367;802;435;367;802
Чуйская обл.;4170800000000000;Панфиловский р-н;41708219000000000;825021;ЦОВП ПАНФИЛОВСКИЙ;ЦЕНТР ОБЩЕВРАЧЕБНОЙ ПРАКТИКИ ПАНФИЛОВСКОГО РАЙОНА;6;525;610;1135;525;610;1135;605;528;1133;605;528;1133
Чуйская обл.;4170800000000000;Панфиловский р-н;41708219000000000;825021;ЦОВП ПАНФИЛОВСКИЙ;ЦЕНТР ОБЩЕВРАЧЕБНОЙ ПРАКТИКИ ПАНФИЛОВСКОГО РАЙОНА;7;417;628;1045;417;628;1045;333;261;594;333;261;594
Чуйская обл.;4170800000000000;Панфиловский р-н;41708219000000000;825021;ЦОВП ПАНФИЛОВСКИЙ;ЦЕНТР ОБЩЕВРАЧЕБНОЙ ПРАКТИКИ ПАНФИЛОВСКОГО РАЙОНА;8;472;644;1116;472;644;1116;247;205;452;247;205;452
Чуйская обл.;4170800000000000;Панфиловский р-н;41708219000000000;825021;ЦОВП ПАНФИЛОВСКИЙ;ЦЕНТР ОБЩЕВРАЧЕБНОЙ ПРАКТИКИ ПАНФИЛОВСКОГО РАЙОНА;9;422;619;1041;422;619;1041;209;139;348;209;139;348
Чуйская обл.;4170800000000000;Панфиловский р-н;41708219000000000;825021;ЦОВП ПАНФИЛОВСКИЙ;ЦЕНТР ОБЩЕВРАЧЕБНОЙ ПРАКТИКИ ПАНФИЛОВСКОГО РАЙОНА;10;439;619;1058;439;619;1058;234;180;414;234;180;414
Чуйская обл.;4170800000000000;Панфиловский р-н;41708219000000000;825021;ЦОВП ПАНФИЛОВСКИЙ;ЦЕНТР ОБЩЕВРАЧЕБНОЙ ПРАКТИКИ ПАНФИЛОВСКОГО РАЙОНА;11;413;577;990;413;577;990;342;300;642;342;300;642
Чуйская обл.;4170800000000000;Панфиловский р-н;41708219000000000;825021;ЦОВП ПАНФИЛОВСКИЙ;ЦЕНТР ОБЩЕВРАЧЕБНОЙ ПРАКТИКИ ПАНФИЛОВСКОГО РАЙОНА;12;384;503;887;384;503;887;251;230;481;251;230;481
Чуйская обл.;4170800000000000;Панфиловский р-н;41708219000000000;825021;ЦОВП ПАНФИЛОВСКИЙ;ЦЕНТР ОБЩЕВРАЧЕБНОЙ ПРАКТИКИ ПАНФИЛОВСКОГО РАЙОНА;13;356;592;948;356;592;948;209;228;437;209;228;437
Чуйская обл.;4170800000000000;Панфиловский р-н;41708219000000000;825021;ЦОВП ПАНФИЛОВСКИЙ;ЦЕНТР ОБЩЕВРАЧЕБНОЙ ПРАКТИКИ ПАНФИЛОВСКОГО РАЙОНА;14;348;503;851;348;503;851;288;211;499;288;211;499
Чуйская обл.;4170800000000000;Панфиловский р-н;41708219000000000;825021;ЦОВП ПАНФИЛОВСКИЙ;ЦЕНТР ОБЩЕВРАЧЕБНОЙ ПРАКТИКИ ПАНФИЛОВСКОГО РАЙОНА;15;354;445;799;354;445;799;296;228;524;296;228;524
Чуйская обл.;4170800000000000;Панфиловский р-н;41708219000000000;825021;ЦОВП ПАНФИЛОВСКИЙ;ЦЕНТР ОБЩЕВРАЧЕБНОЙ ПРАКТИКИ ПАНФИЛОВСКОГО РАЙОНА;16;352;432;784;352;432;784;197;265;462;191;263;454
Чуйская обл.;4170800000000000;Панфиловский р-н;41708219000000000;825021;ЦОВП ПАНФИЛОВСКИЙ;ЦЕНТР ОБЩЕВРАЧЕБНОЙ ПРАКТИКИ ПАНФИЛОВСКОГО РАЙОНА;17;356;482;838;341;467;808;262;354;616;224;294;518
Чуйская обл.;4170800000000000;Панфиловский р-н;41708219000000000;825021;ЦОВП ПАНФИЛОВСКИЙ;ЦЕНТР ОБЩЕВРАЧЕБНОЙ ПРАКТИКИ ПАНФИЛОВСКОГО РАЙОНА;18;275;363;638;231;310;541;212;317;529;132;227;359
Чуйская обл.;4170800000000000;Панфиловский р-н;41708219000000000;825021;ЦОВП ПАНФИЛОВСКИЙ;ЦЕНТР ОБЩЕВРАЧЕБНОЙ ПРАКТИКИ ПАНФИЛОВСКОГО РАЙОНА;19;297;260;557;125;114;239;150;357;507;45;172;217
Чуйская обл.;4170800000000000;Панфиловский р-н;41708219000000000;825021;ЦОВП ПАНФИЛОВСКИЙ;ЦЕНТР ОБЩЕВРАЧЕБНОЙ ПРАКТИКИ ПАНФИЛОВСКОГО РАЙОНА;20;320;276;596;74;68;142;115;307;422;43;132;175
Чуйская обл.;4170800000000000;Панфиловский р-н;41708219000000000;825021;ЦОВП ПАНФИЛОВСКИЙ;ЦЕНТР ОБЩЕВРАЧЕБНОЙ ПРАКТИКИ ПАНФИЛОВСКОГО РАЙОНА;21;276;272;548;55;80;135;115;215;330;34;125;159
Чуйская обл.;4170800000000000;Панфиловский р-н;41708219000000000;825021;ЦОВП ПАНФИЛОВСКИЙ;ЦЕНТР ОБЩЕВРАЧЕБНОЙ ПРАКТИКИ ПАНФИЛОВСКОГО РАЙОНА;22;304;253;557;56;71;127;109;296;405;33;199;232
Чуйская обл.;4170800000000000;Панфиловский р-н;41708219000000000;825021;ЦОВП ПАНФИЛОВСКИЙ;ЦЕНТР ОБЩЕВРАЧЕБНОЙ ПРАКТИКИ ПАНФИЛОВСКОГО РАЙОНА;23;281;224;505;65;91;156;118;312;430;52;198;250
Чуйская обл.;4170800000000000;Панфиловский р-н;41708219000000000;825021;ЦОВП ПАНФИЛОВСКИЙ;ЦЕНТР ОБЩЕВРАЧЕБНОЙ ПРАКТИКИ ПАНФИЛОВСКОГО РАЙОНА;24;268;227;495;75;81;156;101;323;424;48;222;270
Чуйская обл.;4170800000000000;Панфиловский р-н;41708219000000000;825021;ЦОВП ПАНФИЛОВСКИЙ;ЦЕНТР ОБЩЕВРАЧЕБНОЙ ПРАКТИКИ ПАНФИЛОВСКОГО РАЙОНА;25;254;280;534;54;116;170;74;373;447;28;290;318
Чуйская обл.;4170800000000000;Панфиловский р-н;41708219000000000;825021;ЦОВП ПАНФИЛОВСКИЙ;ЦЕНТР ОБЩЕВРАЧЕБНОЙ ПРАКТИКИ ПАНФИЛОВСКОГО РАЙОНА;26;279;275;554;108;101;209;116;327;443;79;235;314
Чуйская обл.;4170800000000000;Панфиловский р-н;41708219000000000;825021;ЦОВП ПАНФИЛОВСКИЙ;ЦЕНТР ОБЩЕВРАЧЕБНОЙ ПРАКТИКИ ПАНФИЛОВСКОГО РАЙОНА;27;263;328;591;109;135;244;132;377;509;73;275;348
Чуйская обл.;4170800000000000;Панфиловский р-н;41708219000000000;825021;ЦОВП ПАНФИЛОВСКИЙ;ЦЕНТР ОБЩЕВРАЧЕБНОЙ ПРАКТИКИ ПАНФИЛОВСКОГО РАЙОНА;28;293;248;541;127;109;236;155;370;525;107;290;397
Чуйская обл.;4170800000000000;Панфиловский р-н;41708219000000000;825021;ЦОВП ПАНФИЛОВСКИЙ;ЦЕНТР ОБЩЕВРАЧЕБНОЙ ПРАКТИКИ ПАНФИЛОВСКОГО РАЙОНА;29;305;367;672;128;161;289;138;394;532;93;307;400
Чуйская обл.;4170800000000000;Панфиловский р-н;41708219000000000;825021;ЦОВП ПАНФИЛОВСКИЙ;ЦЕНТР ОБЩЕВРАЧЕБНОЙ ПРАКТИКИ ПАНФИЛОВСКОГО РАЙОНА;30;283;327;610;123;152;275;117;339;456;70;251;321
Чуйская обл.;4170800000000000;Панфиловский р-н;41708219000000000;825021;ЦОВП ПАНФИЛОВСКИЙ;ЦЕНТР ОБЩЕВРАЧЕБНОЙ ПРАКТИКИ ПАНФИЛОВСКОГО РАЙОНА;31;294;341;635;162;217;379;171;365;536;114;276;390
Чуйская обл.;4170800000000000;Панфиловский р-н;41708219000000000;825021;ЦОВП ПАНФИЛОВСКИЙ;ЦЕНТР ОБЩЕВРАЧЕБНОЙ ПРАКТИКИ ПАНФИЛОВСКОГО РАЙОНА;32;312;325;637;161;166;327;167;346;513;114;287;401
Чуйская обл.;4170800000000000;Панфиловский р-н;41708219000000000;825021;ЦОВП ПАНФИЛОВСКИЙ;ЦЕНТР ОБЩЕВРАЧЕБНОЙ ПРАКТИКИ ПАНФИЛОВСКОГО РАЙОНА;33;348;363;711;180;177;357;117;350;467;86;284;370
Чуйская обл.;4170800000000000;Панфиловский р-н;41708219000000000;825021;ЦОВП ПАНФИЛОВСКИЙ;ЦЕНТР ОБЩЕВРАЧЕБНОЙ ПРАКТИКИ ПАНФИЛОВСКОГО РАЙОНА;34;321;345;666;166;170;336;210;398;608;160;281;441
Чуйская обл.;4170800000000000;Панфиловский р-н;41708219000000000;825021;ЦОВП ПАНФИЛОВСКИЙ;ЦЕНТР ОБЩЕВРАЧЕБНОЙ ПРАКТИКИ ПАНФИЛОВСКОГО РАЙОНА;35;385;333;718;236;160;396;206;360;566;142;292;434
Чуйская обл.;4170800000000000;Панфиловский р-н;41708219000000000;825021;ЦОВП ПАНФИЛОВСКИЙ;ЦЕНТР ОБЩЕВРАЧЕБНОЙ ПРАКТИКИ ПАНФИЛОВСКОГО РАЙОНА;36;367;343;710;230;176;406;212;402;614;133;310;443
Чуйская обл.;4170800000000000;Панфиловский р-н;41708219000000000;825021;ЦОВП ПАНФИЛОВСКИЙ;ЦЕНТР ОБЩЕВРАЧЕБНОЙ ПРАКТИКИ ПАНФИЛОВСКОГО РАЙОНА;37;379;402;781;211;198;409;157;336;493;94;285;379
Чуйская обл.;4170800000000000;Панфиловский р-н;41708219000000000;825021;ЦОВП ПАНФИЛОВСКИЙ;ЦЕНТР ОБЩЕВРАЧЕБНОЙ ПРАКТИКИ ПАНФИЛОВСКОГО РАЙОНА;38;362;339;701;196;164;360;253;287;540;184;220;404
Чуйская обл.;4170800000000000;Панфиловский р-н;41708219000000000;825021;ЦОВП ПАНФИЛОВСКИЙ;ЦЕНТР ОБЩЕВРАЧЕБНОЙ ПРАКТИКИ ПАНФИЛОВСКОГО РАЙОНА;39;316;346;662;189;167;356;178;325;503;125;274;399
Чуйская обл.;4170800000000000;Панфиловский р-н;41708219000000000;825021;ЦОВП ПАНФИЛОВСКИЙ;ЦЕНТР ОБЩЕВРАЧЕБНОЙ ПРАКТИКИ ПАНФИЛОВСКОГО РАЙОНА;40;327;344;671;181;166;347;191;245;436;124;180;304
Чуйская обл.;4170800000000000;Панфиловский р-н;41708219000000000;825021;ЦОВП ПАНФИЛОВСКИЙ;ЦЕНТР ОБЩЕВРАЧЕБНОЙ ПРАКТИКИ ПАНФИЛОВСКОГО РАЙОНА;41;276;312;588;134;150;284;157;227;384;118;148;266
Чуйская обл.;4170800000000000;Панфиловский р-н;41708219000000000;825021;ЦОВП ПАНФИЛОВСКИЙ;ЦЕНТР ОБЩЕВРАЧЕБНОЙ ПРАКТИКИ ПАНФИЛОВСКОГО РАЙОНА;42;239;302;541;125;148;273;103;240;343;84;185;269
Чуйская обл.;4170800000000000;Панфиловский р-н;41708219000000000;825021;ЦОВП ПАНФИЛОВСКИЙ;ЦЕНТР ОБЩЕВРАЧЕБНОЙ ПРАКТИКИ ПАНФИЛОВСКОГО РАЙОНА;43;223;279;502;128;128;256;112;218;330;83;176;259
Чуйская обл.;4170800000000000;Панфиловский р-н;41708219000000000;825021;ЦОВП ПАНФИЛОВСКИЙ;ЦЕНТР ОБЩЕВРАЧЕБНОЙ ПРАКТИКИ ПАНФИЛОВСКОГО РАЙОНА;44;267;272;539;147;125;272;192;175;367;153;133;286
Чуйская обл.;4170800000000000;Панфиловский р-н;41708219000000000;825021;ЦОВП ПАНФИЛОВСКИЙ;ЦЕНТР ОБЩЕВРАЧЕБНОЙ ПРАКТИКИ ПАНФИЛОВСКОГО РАЙОНА;45;260;248;508;143;109;252;120;184;304;95;146;241
Чуйская обл.;4170800000000000;Панфиловский р-н;41708219000000000;825021;ЦОВП ПАНФИЛОВСКИЙ;ЦЕНТР ОБЩЕВРАЧЕБНОЙ ПРАКТИКИ ПАНФИЛОВСКОГО РАЙОНА;46;241;277;518;144;128;272;159;179;338;131;129;260
Чуйская обл.;4170800000000000;Панфиловский р-н;41708219000000000;825021;ЦОВП ПАНФИЛОВСКИЙ;ЦЕНТР ОБЩЕВРАЧЕБНОЙ ПРАКТИКИ ПАНФИЛОВСКОГО РАЙОНА;47;234;242;476;124;116;240;122;217;339;106;142;248
Чуйская обл.;4170800000000000;Панфиловский р-н;41708219000000000;825021;ЦОВП ПАНФИЛОВСКИЙ;ЦЕНТР ОБЩЕВРАЧЕБНОЙ ПРАКТИКИ ПАНФИЛОВСКОГО РАЙОНА;48;227;240;467;127;119;246;111;213;324;80;175;255
Чуйская обл.;4170800000000000;Панфиловский р-н;41708219000000000;825021;ЦОВП ПАНФИЛОВСКИЙ;ЦЕНТР ОБЩЕВРАЧЕБНОЙ ПРАКТИКИ ПАНФИЛОВСКОГО РАЙОНА;49;197;234;431;109;124;233;130;160;290;99;89;188
Чуйская обл.;4170800000000000;Панфиловский р-н;41708219000000000;825021;ЦОВП ПАНФИЛОВСКИЙ;ЦЕНТР ОБЩЕВРАЧЕБНОЙ ПРАКТИКИ ПАНФИЛОВСКОГО РАЙОНА;50;213;229;442;123;106;229;123;182;305;93;132;225
Чуйская обл.;4170800000000000;Панфиловский р-н;41708219000000000;825021;ЦОВП ПАНФИЛОВСКИЙ;ЦЕНТР ОБЩЕВРАЧЕБНОЙ ПРАКТИКИ ПАНФИЛОВСКОГО РАЙОНА;51;209;236;445;104;113;217;148;200;348;123;135;258
Чуйская обл.;4170800000000000;Панфиловский р-н;41708219000000000;825021;ЦОВП ПАНФИЛОВСКИЙ;ЦЕНТР ОБЩЕВРАЧЕБНОЙ ПРАКТИКИ ПАНФИЛОВСКОГО РАЙОНА;52;190;232;422;107;106;213;104;226;330;88;173;261
Чуйская обл.;4170800000000000;Панфиловский р-н;41708219000000000;825021;ЦОВП ПАНФИЛОВСКИЙ;ЦЕНТР ОБЩЕВРАЧЕБНОЙ ПРАКТИКИ ПАНФИЛОВСКОГО РАЙОНА;53;208;258;466;111;133;244;119;266;385;87;168;255
Чуйская обл.;4170800000000000;Панфиловский р-н;41708219000000000;825021;ЦОВП ПАНФИЛОВСКИЙ;ЦЕНТР ОБЩЕВРАЧЕБНОЙ ПРАКТИКИ ПАНФИЛОВСКОГО РАЙОНА;54;172;249;421;91;104;195;111;297;408;79;244;323
Чуйская обл.;4170800000000000;Панфиловский р-н;41708219000000000;825021;ЦОВП ПАНФИЛОВСКИЙ;ЦЕНТР ОБЩЕВРАЧЕБНОЙ ПРАКТИКИ ПАНФИЛОВСКОГО РАЙОНА;55;158;236;394;97;134;231;108;349;457;90;255;345
Чуйская обл.;4170800000000000;Панфиловский р-н;41708219000000000;825021;ЦОВП ПАНФИЛОВСКИЙ;ЦЕНТР ОБЩЕВРАЧЕБНОЙ ПРАКТИКИ ПАНФИЛОВСКОГО РАЙОНА;56;178;224;402;112;148;260;164;247;411;124;173;297
Чуйская обл.;4170800000000000;Панфиловский р-н;41708219000000000;825021;ЦОВП ПАНФИЛОВСКИЙ;ЦЕНТР ОБЩЕВРАЧЕБНОЙ ПРАКТИКИ ПАНФИЛОВСКОГО РАЙОНА;57;194;197;391;124;116;240;129;249;378;98;175;273
Чуйская обл.;4170800000000000;Панфиловский р-н;41708219000000000;825021;ЦОВП ПАНФИЛОВСКИЙ;ЦЕНТР ОБЩЕВРАЧЕБНОЙ ПРАКТИКИ ПАНФИЛОВСКОГО РАЙОНА;58;170;215;385;93;132;225;116;226;342;85;172;257
Чуйская обл.;4170800000000000;Панфиловский р-н;41708219000000000;825021;ЦОВП ПАНФИЛОВСКИЙ;ЦЕНТР ОБЩЕВРАЧЕБНОЙ ПРАКТИКИ ПАНФИЛОВСКОГО РАЙОНА;59;197;192;389;124;106;230;156;281;437;129;198;327
Чуйская обл.;4170800000000000;Панфиловский р-н;41708219000000000;825021;ЦОВП ПАНФИЛОВСКИЙ;ЦЕНТР ОБЩЕВРАЧЕБНОЙ ПРАКТИКИ ПАНФИЛОВСКОГО РАЙОНА;60;207;266;473;130;156;286;170;323;493;133;224;357
Чуйская обл.;4170800000000000;Панфиловский р-н;41708219000000000;825021;ЦОВП ПАНФИЛОВСКИЙ;ЦЕНТР ОБЩЕВРАЧЕБНОЙ ПРАКТИКИ ПАНФИЛОВСКОГО РАЙОНА;61;198;233;431;133;144;277;176;287;463;121;221;342
Чуйская обл.;4170800000000000;Панфиловский р-н;41708219000000000;825021;ЦОВП ПАНФИЛОВСКИЙ;ЦЕНТР ОБЩЕВРАЧЕБНОЙ ПРАКТИКИ ПАНФИЛОВСКОГО РАЙОНА;62;193;238;431;120;140;260;149;265;414;115;181;296
Чуйская обл.;4170800000000000;Панфиловский р-н;41708219000000000;825021;ЦОВП ПАНФИЛОВСКИЙ;ЦЕНТР ОБЩЕВРАЧЕБНОЙ ПРАКТИКИ ПАНФИЛОВСКОГО РАЙОНА;63;191;248;439;117;142;259;147;245;392;119;181;300
Чуйская обл.;4170800000000000;Панфиловский р-н;41708219000000000;825021;ЦОВП ПАНФИЛОВСКИЙ;ЦЕНТР ОБЩЕВРАЧЕБНОЙ ПРАКТИКИ ПАНФИЛОВСКОГО РАЙОНА;64;195;226;421;123;157;280;141;236;377;105;218;323
Чуйская обл.;4170800000000000;Панфиловский р-н;41708219000000000;825021;ЦОВП ПАНФИЛОВСКИЙ;ЦЕНТР ОБЩЕВРАЧЕБНОЙ ПРАКТИКИ ПАНФИЛОВСКОГО РАЙОНА;65;167;239;406;110;217;327;114;252;366;81;223;304
Чуйская обл.;4170800000000000;Панфиловский р-н;41708219000000000;825021;ЦОВП ПАНФИЛОВСКИЙ;ЦЕНТР ОБЩЕВРАЧЕБНОЙ ПРАКТИКИ ПАНФИЛОВСКОГО РАЙОНА;66;167;221;388;118;198;316;91;236;327;83;202;285
Чуйская обл.;4170800000000000;Панфиловский р-н;41708219000000000;825021;ЦОВП ПАНФИЛОВСКИЙ;ЦЕНТР ОБЩЕВРАЧЕБНОЙ ПРАКТИКИ ПАНФИЛОВСКОГО РАЙОНА;67;131;234;365;98;193;291;84;218;302;52;171;223
Чуйская обл.;4170800000000000;Панфиловский р-н;41708219000000000;825021;ЦОВП ПАНФИЛОВСКИЙ;ЦЕНТР ОБЩЕВРАЧЕБНОЙ ПРАКТИКИ ПАНФИЛОВСКОГО РАЙОНА;68;117;160;277;94;136;230;92;153;245;75;137;212
Чуйская обл.;4170800000000000;Панфиловский р-н;41708219000000000;825021;ЦОВП ПАНФИЛОВСКИЙ;ЦЕНТР ОБЩЕВРАЧЕБНОЙ ПРАКТИКИ ПАНФИЛОВСКОГО РАЙОНА;69;139;196;335;107;174;281;87;154;241;75;138;213
Чуйская обл.;4170800000000000;Панфиловский р-н;41708219000000000;825021;ЦОВП ПАНФИЛОВСКИЙ;ЦЕНТР ОБЩЕВРАЧЕБНОЙ ПРАКТИКИ ПАНФИЛОВСКОГО РАЙОНА;70;114;176;290;106;166;272;73;99;172;69;93;162
Чуйская обл.;4170800000000000;Панфиловский р-н;41708219000000000;825021;ЦОВП ПАНФИЛОВСКИЙ;ЦЕНТР ОБЩЕВРАЧЕБНОЙ ПРАКТИКИ ПАНФИЛОВСКОГО РАЙОНА;71;102;153;255;100;149;249;97;138;235;87;125;212
Чуйская обл.;4170800000000000;Панфиловский р-н;41708219000000000;825021;ЦОВП ПАНФИЛОВСКИЙ;ЦЕНТР ОБЩЕВРАЧЕБНОЙ ПРАКТИКИ ПАНФИЛОВСКОГО РАЙОНА;72;94;138;232;92;135;227;69;116;185;68;98;166
Чуйская обл.;4170800000000000;Панфиловский р-н;41708219000000000;825021;ЦОВП ПАНФИЛОВСКИЙ;ЦЕНТР ОБЩЕВРАЧЕБНОЙ ПРАКТИКИ ПАНФИЛОВСКОГО РАЙОНА;73;97;119;216;96;117;213;34;84;118;32;76;108
Чуйская обл.;4170800000000000;Панфиловский р-н;41708219000000000;825021;ЦОВП ПАНФИЛОВСКИЙ;ЦЕНТР ОБЩЕВРАЧЕБНОЙ ПРАКТИКИ ПАНФИЛОВСКОГО РАЙОНА;74;85;150;235;84;148;232;64;88;152;58;82;140
Чуйская обл.;4170800000000000;Панфиловский р-н;41708219000000000;825021;ЦОВП ПАНФИЛОВСКИЙ;ЦЕНТР ОБЩЕВРАЧЕБНОЙ ПРАКТИКИ ПАНФИЛОВСКОГО РАЙОНА;75;87;142;229;86;139;225;54;92;146;46;74;120
Чуйская обл.;4170800000000000;Панфиловский р-н;41708219000000000;825021;ЦОВП ПАНФИЛОВСКИЙ;ЦЕНТР ОБЩЕВРАЧЕБНОЙ ПРАКТИКИ ПАНФИЛОВСКОГО РАЙОНА;76;69;115;184;68;114;182;29;59;88;27;58;85
Чуйская обл.;4170800000000000;Панфиловский р-н;41708219000000000;825021;ЦОВП ПАНФИЛОВСКИЙ;ЦЕНТР ОБЩЕВРАЧЕБНОЙ ПРАКТИКИ ПАНФИЛОВСКОГО РАЙОНА;77;52;109;161;49;109;158;26;68;94;26;63;89
Чуйская обл.;4170800000000000;Панфиловский р-н;41708219000000000;825021;ЦОВП ПАНФИЛОВСКИЙ;ЦЕНТР ОБЩЕВРАЧЕБНОЙ ПРАКТИКИ ПАНФИЛОВСКОГО РАЙОНА;78;38;71;109;38;71;109;4;23;27;4;23;27
Чуйская обл.;4170800000000000;Панфиловский р-н;41708219000000000;825021;ЦОВП ПАНФИЛОВСКИЙ;ЦЕНТР ОБЩЕВРАЧЕБНОЙ ПРАКТИКИ ПАНФИЛОВСКОГО РАЙОНА;79;33;46;79;33;46;79;19;11;30;19;11;30
Чуйская обл.;4170800000000000;Панфиловский р-н;41708219000000000;825021;ЦОВП ПАНФИЛОВСКИЙ;ЦЕНТР ОБЩЕВРАЧЕБНОЙ ПРАКТИКИ ПАНФИЛОВСКОГО РАЙОНА;80;17;35;52;17;35;52;4;11;15;4;11;15
Чуйская обл.;4170800000000000;Панфиловский р-н;41708219000000000;825021;ЦОВП ПАНФИЛОВСКИЙ;ЦЕНТР ОБЩЕВРАЧЕБНОЙ ПРАКТИКИ ПАНФИЛОВСКОГО РАЙОНА;81;25;35;60;24;35;59;21;17;38;16;17;33
Чуйская обл.;4170800000000000;Панфиловский р-н;41708219000000000;825021;ЦОВП ПАНФИЛОВСКИЙ;ЦЕНТР ОБЩЕВРАЧЕБНОЙ ПРАКТИКИ ПАНФИЛОВСКОГО РАЙОНА;82;34;67;101;33;66;99;4;20;24;3;18;21
Чуйская обл.;4170800000000000;Панфиловский р-н;41708219000000000;825021;ЦОВП ПАНФИЛОВСКИЙ;ЦЕНТР ОБЩЕВРАЧЕБНОЙ ПРАКТИКИ ПАНФИЛОВСКОГО РАЙОНА;83;35;56;91;35;55;90;6;12;18;4;12;16
Чуйская обл.;4170800000000000;Панфиловский р-н;41708219000000000;825021;ЦОВП ПАНФИЛОВСКИЙ;ЦЕНТР ОБЩЕВРАЧЕБНОЙ ПРАКТИКИ ПАНФИЛОВСКОГО РАЙОНА;84;43;85;128;42;84;126;33;33;66;22;29;51
Чуйская обл.;4170800000000000;Панфиловский р-н;41708219000000000;825021;ЦОВП ПАНФИЛОВСКИЙ;ЦЕНТР ОБЩЕВРАЧЕБНОЙ ПРАКТИКИ ПАНФИЛОВСКОГО РАЙОНА;85;25;79;104;25;79;104;6;27;33;6;27;33
Чуйская обл.;4170800000000000;Панфиловский р-н;41708219000000000;825021;ЦОВП ПАНФИЛОВСКИЙ;ЦЕНТР ОБЩЕВРАЧЕБНОЙ ПРАКТИКИ ПАНФИЛОВСКОГО РАЙОНА;86;31;74;105;31;73;104;5;17;22;5;11;16
Чуйская обл.;4170800000000000;Панфиловский р-н;41708219000000000;825021;ЦОВП ПАНФИЛОВСКИЙ;ЦЕНТР ОБЩЕВРАЧЕБНОЙ ПРАКТИКИ ПАНФИЛОВСКОГО РАЙОНА;88;23;59;82;23;59;82;0;6;6;0;6;6
Чуйская обл.;4170800000000000;Панфиловский р-н;41708219000000000;825021;ЦОВП ПАНФИЛОВСКИЙ;ЦЕНТР ОБЩЕВРАЧЕБНОЙ ПРАКТИКИ ПАНФИЛОВСКОГО РАЙОНА;89;25;49;74;25;49;74;0;2;2;0;2;2
Чуйская обл.;4170800000000000;Панфиловский р-н;41708219000000000;825021;ЦОВП ПАНФИЛОВСКИЙ;ЦЕНТР ОБЩЕВРАЧЕБНОЙ ПРАКТИКИ ПАНФИЛОВСКОГО РАЙОНА;90;10;49;59;10;48;58;0;3;3;0;3;3
Чуйская обл.;4170800000000000;Панфиловский р-н;41708219000000000;825021;ЦОВП ПАНФИЛОВСКИЙ;ЦЕНТР ОБЩЕВРАЧЕБНОЙ ПРАКТИКИ ПАНФИЛОВСКОГО РАЙОНА;92;22;58;80;22;58;80;1;10;11;1;10;11
Чуйская обл.;4170800000000000;Панфиловский р-н;41708219000000000;825021;ЦОВП ПАНФИЛОВСКИЙ;ЦЕНТР ОБЩЕВРАЧЕБНОЙ ПРАКТИКИ ПАНФИЛОВСКОГО РАЙОНА;93;7;45;52;7;45;52;0;14;14;0;14;14
Джалал-Абадская обл.;4170300000000000;Сузакский р-н;41703220000000000;341671;ЦОВП С.ОКТЯБРЬСКОЕ;Центр общеврачебной практики с. Октябрь Сузакского района Жалал-Абадской области;0;503;441;944;503;441;944;1538;1334;2872;1538;1334;2872
Джалал-Абадская обл.;4170300000000000;Сузакский р-н;41703220000000000;341671;ЦОВП С.ОКТЯБРЬСКОЕ;Центр общеврачебной практики с. Октябрь Сузакского района Жалал-Абадской области;1;781;716;1497;781;716;1497;603;501;1104;603;501;1104
Джалал-Абадская обл.;4170300000000000;Сузакский р-н;41703220000000000;341671;ЦОВП С.ОКТЯБРЬСКОЕ;Центр общеврачебной практики с. Октябрь Сузакского района Жалал-Абадской области;2;722;709;1431;722;709;1431;617;525;1142;617;525;1142
Джалал-Абадская обл.;4170300000000000;Сузакский р-н;41703220000000000;341671;ЦОВП С.ОКТЯБРЬСКОЕ;Центр общеврачебной практики с. Октябрь Сузакского района Жалал-Абадской области;3;804;700;1504;804;700;1504;443;384;827;443;384;827
Джалал-Абадская обл.;4170300000000000;Сузакский р-н;41703220000000000;341671;ЦОВП С.ОКТЯБРЬСКОЕ;Центр общеврачебной практики с. Октябрь Сузакского района Жалал-Абадской области;4;780;773;1553;780;773;1553;344;313;657;344;313;657
Джалал-Абадская обл.;4170300000000000;Сузакский р-н;41703220000000000;341671;ЦОВП С.ОКТЯБРЬСКОЕ;Центр общеврачебной практики с. Октябрь Сузакского района Жалал-Абадской области;5;781;809;1590;781;809;1590;394;420;814;394;420;814
Джалал-Абадская обл.;4170300000000000;Сузакский р-н;41703220000000000;341671;ЦОВП С.ОКТЯБРЬСКОЕ;Центр общеврачебной практики с. Октябрь Сузакского района Жалал-Абадской области;6;824;903;1727;824;903;1727;512;454;966;512;454;966
Джалал-Абадская обл.;4170300000000000;Сузакский р-н;41703220000000000;341671;ЦОВП С.ОКТЯБРЬСКОЕ;Центр общеврачебной практики с. Октябрь Сузакского района Жалал-Абадской области;7;810;1040;1850;810;1040;1850;275;254;529;275;254;529
Джалал-Абадская обл.;4170300000000000;Сузакский р-н;41703220000000000;341671;ЦОВП С.ОКТЯБРЬСКОЕ;Центр общеврачебной практики с. Октябрь Сузакского района Жалал-Абадской области;8;810;1077;1887;810;1077;1887;264;221;485;264;221;485
Джалал-Абадская обл.;4170300000000000;Сузакский р-н;41703220000000000;341671;ЦОВП С.ОКТЯБРЬСКОЕ;Центр общеврачебной практики с. Октябрь Сузакского района Жалал-Абадской области;9;775;1088;1863;775;1088;1863;261;246;507;261;246;507
Джалал-Абадская обл.;4170300000000000;Сузакский р-н;41703220000000000;341671;ЦОВП С.ОКТЯБРЬСКОЕ;Центр общеврачебной практики с. Октябрь Сузакского района Жалал-Абадской области;10;902;1264;2166;902;1264;2166;236;244;480;236;244;480
Джалал-Абадская обл.;4170300000000000;Сузакский р-н;41703220000000000;341671;ЦОВП С.ОКТЯБРЬСКОЕ;Центр общеврачебной практики с. Октябрь Сузакского района Жалал-Абадской области;11;826;1174;2000;826;1174;2000;292;252;544;292;252;544
Джалал-Абадская обл.;4170300000000000;Сузакский р-н;41703220000000000;341671;ЦОВП С.ОКТЯБРЬСКОЕ;Центр общеврачебной практики с. Октябрь Сузакского района Жалал-Абадской области;12;795;1167;1962;795;1167;1962;222;226;448;222;226;448
Джалал-Абадская обл.;4170300000000000;Сузакский р-н;41703220000000000;341671;ЦОВП С.ОКТЯБРЬСКОЕ;Центр общеврачебной практики с. Октябрь Сузакского района Жалал-Абадской области;13;768;1098;1866;768;1098;1866;244;191;435;244;191;435
Джалал-Абадская обл.;4170300000000000;Сузакский р-н;41703220000000000;341671;ЦОВП С.ОКТЯБРЬСКОЕ;Центр общеврачебной практики с. Октябрь Сузакского района Жалал-Абадской области;14;756;940;1696;756;940;1696;289;202;491;289;202;491
Джалал-Абадская обл.;4170300000000000;Сузакский р-н;41703220000000000;341671;ЦОВП С.ОКТЯБРЬСКОЕ;Центр общеврачебной практики с. Октябрь Сузакского района Жалал-Абадской области;15;703;897;1600;703;897;1600;302;253;555;302;253;555
Джалал-Абадская обл.;4170300000000000;Сузакский р-н;41703220000000000;341671;ЦОВП С.ОКТЯБРЬСКОЕ;Центр общеврачебной практики с. Октябрь Сузакского района Жалал-Абадской области;16;691;888;1579;691;888;1579;305;199;504;293;192;485
Джалал-Абадская обл.;4170300000000000;Сузакский р-н;41703220000000000;341671;ЦОВП С.ОКТЯБРЬСКОЕ;Центр общеврачебной практики с. Октябрь Сузакского района Жалал-Абадской области;17;580;726;1306;526;659;1185;543;438;981;440;333;773
Джалал-Абадская обл.;4170300000000000;Сузакский р-н;41703220000000000;341671;ЦОВП С.ОКТЯБРЬСКОЕ;Центр общеврачебной практики с. Октябрь Сузакского района Жалал-Абадской области;18;557;742;1299;487;665;1152;522;440;962;413;330;743
Джалал-Абадская обл.;4170300000000000;Сузакский р-н;41703220000000000;341671;ЦОВП С.ОКТЯБРЬСКОЕ;Центр общеврачебной практики с. Октябрь Сузакского района Жалал-Абадской области;19;490;729;1219;326;532;858;358;457;815;173;277;450
Джалал-Абадская обл.;4170300000000000;Сузакский р-н;41703220000000000;341671;ЦОВП С.ОКТЯБРЬСКОЕ;Центр общеврачебной практики с. Октябрь Сузакского района Жалал-Абадской области;20;516;665;1181;205;377;582;227;429;656;87;280;367
Джалал-Абадская обл.;4170300000000000;Сузакский р-н;41703220000000000;341671;ЦОВП С.ОКТЯБРЬСКОЕ;Центр общеврачебной практики с. Октябрь Сузакского района Жалал-Абадской области;21;530;602;1132;187;307;494;203;513;716;91;274;365
Джалал-Абадская обл.;4170300000000000;Сузакский р-н;41703220000000000;341671;ЦОВП С.ОКТЯБРЬСКОЕ;Центр общеврачебной практики с. Октябрь Сузакского района Жалал-Абадской области;22;655;631;1286;248;273;521;179;559;738;46;324;370
Джалал-Абадская обл.;4170300000000000;Сузакский р-н;41703220000000000;341671;ЦОВП С.ОКТЯБРЬСКОЕ;Центр общеврачебной практики с. Октябрь Сузакского района Жалал-Абадской области;23;614;657;1271;126;301;427;211;520;731;31;274;305
Джалал-Абадская обл.;4170300000000000;Сузакский р-н;41703220000000000;341671;ЦОВП С.ОКТЯБРЬСКОЕ;Центр общеврачебной практики с. Октябрь Сузакского района Жалал-Абадской области;24;574;570;1144;54;198;252;119;478;597;11;313;324
Джалал-Абадская обл.;4170300000000000;Сузакский р-н;41703220000000000;341671;ЦОВП С.ОКТЯБРЬСКОЕ;Центр общеврачебной практики с. Октябрь Сузакского района Жалал-Абадской области;25;579;569;1148;63;206;269;175;695;870;28;481;509
Джалал-Абадская обл.;4170300000000000;Сузакский р-н;41703220000000000;341671;ЦОВП С.ОКТЯБРЬСКОЕ;Центр общеврачебной практики с. Октябрь Сузакского района Жалал-Абадской области;26;581;613;1194;89;238;327;194;602;796;32;374;406
Джалал-Абадская обл.;4170300000000000;Сузакский р-н;41703220000000000;341671;ЦОВП С.ОКТЯБРЬСКОЕ;Центр общеврачебной практики с. Октябрь Сузакского района Жалал-Абадской области;27;575;617;1192;100;244;344;179;642;821;55;402;457
Джалал-Абадская обл.;4170300000000000;Сузакский р-н;41703220000000000;341671;ЦОВП С.ОКТЯБРЬСКОЕ;Центр общеврачебной практики с. Октябрь Сузакского района Жалал-Абадской области;28;613;603;1216;108;236;344;164;712;876;58;510;568
Джалал-Абадская обл.;4170300000000000;Сузакский р-н;41703220000000000;341671;ЦОВП С.ОКТЯБРЬСКОЕ;Центр общеврачебной практики с. Октябрь Сузакского района Жалал-Абадской области;29;602;661;1263;129;281;410;154;513;667;74;361;435
Джалал-Абадская обл.;4170300000000000;Сузакский р-н;41703220000000000;341671;ЦОВП С.ОКТЯБРЬСКОЕ;Центр общеврачебной практики с. Октябрь Сузакского района Жалал-Абадской области;30;572;620;1192;176;289;465;183;517;700;76;347;423
Джалал-Абадская обл.;4170300000000000;Сузакский р-н;41703220000000000;341671;ЦОВП С.ОКТЯБРЬСКОЕ;Центр общеврачебной практики с. Октябрь Сузакского района Жалал-Абадской области;31;609;596;1205;177;314;491;156;619;775;78;451;529
Джалал-Абадская обл.;4170300000000000;Сузакский р-н;41703220000000000;341671;ЦОВП С.ОКТЯБРЬСКОЕ;Центр общеврачебной практики с. Октябрь Сузакского района Жалал-Абадской области;32;603;627;1230;182;309;491;162;662;824;79;532;611
Джалал-Абадская обл.;4170300000000000;Сузакский р-н;41703220000000000;341671;ЦОВП С.ОКТЯБРЬСКОЕ;Центр общеврачебной практики с. Октябрь Сузакского района Жалал-Абадской области;33;618;622;1240;208;332;540;215;592;807;82;447;529
Джалал-Абадская обл.;4170300000000000;Сузакский р-н;41703220000000000;341671;ЦОВП С.ОКТЯБРЬСКОЕ;Центр общеврачебной практики с. Октябрь Сузакского района Жалал-Абадской области;34;600;608;1208;204;319;523;157;524;681;67;385;452
Джалал-Абадская обл.;4170300000000000;Сузакский р-н;41703220000000000;341671;ЦОВП С.ОКТЯБРЬСКОЕ;Центр общеврачебной практики с. Октябрь Сузакского района Жалал-Абадской области;35;620;554;1174;211;293;504;173;510;683;83;351;434
Джалал-Абадская обл.;4170300000000000;Сузакский р-н;41703220000000000;341671;ЦОВП С.ОКТЯБРЬСКОЕ;Центр общеврачебной практики с. Октябрь Сузакского района Жалал-Абадской области;36;590;527;1117;239;278;517;190;459;649;113;347;460
Джалал-Абадская обл.;4170300000000000;Сузакский р-н;41703220000000000;341671;ЦОВП С.ОКТЯБРЬСКОЕ;Центр общеврачебной практики с. Октябрь Сузакского района Жалал-Абадской области;37;587;471;1058;287;253;540;239;428;667;144;308;452
Джалал-Абадская обл.;4170300000000000;Сузакский р-н;41703220000000000;341671;ЦОВП С.ОКТЯБРЬСКОЕ;Центр общеврачебной практики с. Октябрь Сузакского района Жалал-Абадской области;38;565;457;1022;245;269;514;199;390;589;93;269;362
Джалал-Абадская обл.;4170300000000000;Сузакский р-н;41703220000000000;341671;ЦОВП С.ОКТЯБРЬСКОЕ;Центр общеврачебной практики с. Октябрь Сузакского района Жалал-Абадской области;39;456;458;914;200;260;460;129;338;467;70;227;297
Джалал-Абадская обл.;4170300000000000;Сузакский р-н;41703220000000000;341671;ЦОВП С.ОКТЯБРЬСКОЕ;Центр общеврачебной практики с. Октябрь Сузакского района Жалал-Абадской области;40;449;457;906;199;259;458;191;294;485;108;189;297
Джалал-Абадская обл.;4170300000000000;Сузакский р-н;41703220000000000;341671;ЦОВП С.ОКТЯБРЬСКОЕ;Центр общеврачебной практики с. Октябрь Сузакского района Жалал-Абадской области;41;433;410;843;213;227;440;201;289;490;78;179;257
Джалал-Абадская обл.;4170300000000000;Сузакский р-н;41703220000000000;341671;ЦОВП С.ОКТЯБРЬСКОЕ;Центр общеврачебной практики с. Октябрь Сузакского района Жалал-Абадской области;42;396;355;751;185;203;388;168;279;447;98;206;304
Джалал-Абадская обл.;4170300000000000;Сузакский р-н;41703220000000000;341671;ЦОВП С.ОКТЯБРЬСКОЕ;Центр общеврачебной практики с. Октябрь Сузакского района Жалал-Абадской области;43;386;370;756;186;214;400;195;227;422;127;153;280
Джалал-Абадская обл.;4170300000000000;Сузакский р-н;41703220000000000;341671;ЦОВП С.ОКТЯБРЬСКОЕ;Центр общеврачебной практики с. Октябрь Сузакского района Жалал-Абадской области;44;350;316;666;165;178;343;145;205;350;76;128;204
Джалал-Абадская обл.;4170300000000000;Сузакский р-н;41703220000000000;341671;ЦОВП С.ОКТЯБРЬСКОЕ;Центр общеврачебной практики с. Октябрь Сузакского района Жалал-Абадской области;45;318;322;640;138;159;297;159;239;398;85;148;233
Джалал-Абадская обл.;4170300000000000;Сузакский р-н;41703220000000000;341671;ЦОВП С.ОКТЯБРЬСКОЕ;Центр общеврачебной практики с. Октябрь Сузакского района Жалал-Абадской области;46;312;344;656;153;174;327;135;285;420;48;184;232
Джалал-Абадская обл.;4170300000000000;Сузакский р-н;41703220000000000;341671;ЦОВП С.ОКТЯБРЬСКОЕ;Центр общеврачебной практики с. Октябрь Сузакского района Жалал-Абадской области;47;351;314;665;161;155;316;141;231;372;82;129;211
Джалал-Абадская обл.;4170300000000000;Сузакский р-н;41703220000000000;341671;ЦОВП С.ОКТЯБРЬСКОЕ;Центр общеврачебной практики с. Октябрь Сузакского района Жалал-Абадской области;48;307;301;608;149;154;303;171;199;370;109;108;217
Джалал-Абадская обл.;4170300000000000;Сузакский р-н;41703220000000000;341671;ЦОВП С.ОКТЯБРЬСКОЕ;Центр общеврачебной практики с. Октябрь Сузакского района Жалал-Абадской области;49;271;303;574;126;154;280;183;197;380;87;117;204
Джалал-Абадская обл.;4170300000000000;Сузакский р-н;41703220000000000;341671;ЦОВП С.ОКТЯБРЬСКОЕ;Центр общеврачебной практики с. Октябрь Сузакского района Жалал-Абадской области;50;308;315;623;140;164;304;189;264;453;134;161;295
Джалал-Абадская обл.;4170300000000000;Сузакский р-н;41703220000000000;341671;ЦОВП С.ОКТЯБРЬСКОЕ;Центр общеврачебной практики с. Октябрь Сузакского района Жалал-Абадской области;51;325;284;609;152;138;290;156;228;384;93;161;254
Джалал-Абадская обл.;4170300000000000;Сузакский р-н;41703220000000000;341671;ЦОВП С.ОКТЯБРЬСКОЕ;Центр общеврачебной практики с. Октябрь Сузакского района Жалал-Абадской области;52;298;292;590;140;141;281;174;241;415;104;130;234
Джалал-Абадская обл.;4170300000000000;Сузакский р-н;41703220000000000;341671;ЦОВП С.ОКТЯБРЬСКОЕ;Центр общеврачебной практики с. Октябрь Сузакского района Жалал-Абадской области;53;288;289;577;136;148;284;187;212;399;123;129;252
Джалал-Абадская обл.;4170300000000000;Сузакский р-н;41703220000000000;341671;ЦОВП С.ОКТЯБРЬСКОЕ;Центр общеврачебной практики с. Октябрь Сузакского района Жалал-Абадской области;54;255;259;514;132;131;263;217;293;510;109;156;265
Джалал-Абадская обл.;4170300000000000;Сузакский р-н;41703220000000000;341671;ЦОВП С.ОКТЯБРЬСКОЕ;Центр общеврачебной практики с. Октябрь Сузакского района Жалал-Абадской области;55;289;291;580;140;169;309;205;279;484;111;168;279
Джалал-Абадская обл.;4170300000000000;Сузакский р-н;41703220000000000;341671;ЦОВП С.ОКТЯБРЬСКОЕ;Центр общеврачебной практики с. Октябрь Сузакского района Жалал-Абадской области;56;250;294;544;134;162;296;187;324;511;125;207;332
Джалал-Абадская обл.;4170300000000000;Сузакский р-н;41703220000000000;341671;ЦОВП С.ОКТЯБРЬСКОЕ;Центр общеврачебной практики с. Октябрь Сузакского района Жалал-Абадской области;57;243;311;554;126;192;318;169;299;468;101;215;316
Джалал-Абадская обл.;4170300000000000;Сузакский р-н;41703220000000000;341671;ЦОВП С.ОКТЯБРЬСКОЕ;Центр общеврачебной практики с. Октябрь Сузакского района Жалал-Абадской области;58;234;269;503;124;164;288;185;262;447;102;190;292
Джалал-Абадская обл.;4170300000000000;Сузакский р-н;41703220000000000;341671;ЦОВП С.ОКТЯБРЬСКОЕ;Центр общеврачебной практики с. Октябрь Сузакского района Жалал-Абадской области;59;240;263;503;134;169;303;269;346;615;168;262;430
Джалал-Абадская обл.;4170300000000000;Сузакский р-н;41703220000000000;341671;ЦОВП С.ОКТЯБРЬСКОЕ;Центр общеврачебной практики с. Октябрь Сузакского района Жалал-Абадской области;60;253;282;535;146;236;382;232;325;557;148;280;428
Джалал-Абадская обл.;4170300000000000;Сузакский р-н;41703220000000000;341671;ЦОВП С.ОКТЯБРЬСКОЕ;Центр общеврачебной практики с. Октябрь Сузакского района Жалал-Абадской области;61;276;283;559;171;254;425;227;251;478;135;222;357
Джалал-Абадская обл.;4170300000000000;Сузакский р-н;41703220000000000;341671;ЦОВП С.ОКТЯБРЬСКОЕ;Центр общеврачебной практики с. Октябрь Сузакского района Жалал-Абадской области;62;210;281;491;131;257;388;150;292;442;82;269;351
Джалал-Абадская обл.;4170300000000000;Сузакский р-н;41703220000000000;341671;ЦОВП С.ОКТЯБРЬСКОЕ;Центр общеврачебной практики с. Октябрь Сузакского района Жалал-Абадской области;63;217;264;481;122;238;360;175;294;469;95;261;356
Джалал-Абадская обл.;4170300000000000;Сузакский р-н;41703220000000000;341671;ЦОВП С.ОКТЯБРЬСКОЕ;Центр общеврачебной практики с. Октябрь Сузакского района Жалал-Абадской области;64;227;279;506;145;240;385;157;283;440;119;240;359
Джалал-Абадская обл.;4170300000000000;Сузакский р-н;41703220000000000;341671;ЦОВП С.ОКТЯБРЬСКОЕ;Центр общеврачебной практики с. Октябрь Сузакского района Жалал-Абадской области;65;210;241;451;175;213;388;159;287;446;140;259;399
Джалал-Абадская обл.;4170300000000000;Сузакский р-н;41703220000000000;341671;ЦОВП С.ОКТЯБРЬСКОЕ;Центр общеврачебной практики с. Октябрь Сузакского района Жалал-Абадской области;66;181;252;433;158;226;384;141;278;419;129;235;364
Джалал-Абадская обл.;4170300000000000;Сузакский р-н;41703220000000000;341671;ЦОВП С.ОКТЯБРЬСКОЕ;Центр общеврачебной практики с. Октябрь Сузакского района Жалал-Абадской области;67;160;199;359;140;170;310;108;218;326;94;173;267
Джалал-Абадская обл.;4170300000000000;Сузакский р-н;41703220000000000;341671;ЦОВП С.ОКТЯБРЬСКОЕ;Центр общеврачебной практики с. Октябрь Сузакского района Жалал-Абадской области;68;143;177;320;121;160;281;125;246;371;102;213;315
Джалал-Абадская обл.;4170300000000000;Сузакский р-н;41703220000000000;341671;ЦОВП С.ОКТЯБРЬСКОЕ;Центр общеврачебной практики с. Октябрь Сузакского района Жалал-Абадской области;69;129;168;297;111;154;265;94;131;225;89;118;207
Джалал-Абадская обл.;4170300000000000;Сузакский р-н;41703220000000000;341671;ЦОВП С.ОКТЯБРЬСКОЕ;Центр общеврачебной практики с. Октябрь Сузакского района Жалал-Абадской области;70;120;199;319;108;188;296;104;227;331;101;208;309
Джалал-Абадская обл.;4170300000000000;Сузакский р-н;41703220000000000;341671;ЦОВП С.ОКТЯБРЬСКОЕ;Центр общеврачебной практики с. Октябрь Сузакского района Жалал-Абадской области;71;86;183;269;79;168;247;107;204;311;96;185;281
Джалал-Абадская обл.;4170300000000000;Сузакский р-н;41703220000000000;341671;ЦОВП С.ОКТЯБРЬСКОЕ;Центр общеврачебной практики с. Октябрь Сузакского района Жалал-Абадской области;72;104;162;266;90;158;248;131;172;303;108;157;265
Джалал-Абадская обл.;4170300000000000;Сузакский р-н;41703220000000000;341671;ЦОВП С.ОКТЯБРЬСКОЕ;Центр общеврачебной практики с. Октябрь Сузакского района Жалал-Абадской области;73;88;120;208;77;108;185;106;123;229;96;114;210
Джалал-Абадская обл.;4170300000000000;Сузакский р-н;41703220000000000;341671;ЦОВП С.ОКТЯБРЬСКОЕ;Центр общеврачебной практики с. Октябрь Сузакского района Жалал-Абадской области;74;65;130;195;62;120;182;58;97;155;56;91;147
Джалал-Абадская обл.;4170300000000000;Сузакский р-н;41703220000000000;341671;ЦОВП С.ОКТЯБРЬСКОЕ;Центр общеврачебной практики с. Октябрь Сузакского района Жалал-Абадской области;75;64;108;172;61;104;165;41;117;158;36;115;151
Джалал-Абадская обл.;4170300000000000;Сузакский р-н;41703220000000000;341671;ЦОВП С.ОКТЯБРЬСКОЕ;Центр общеврачебной практики с. Октябрь Сузакского района Жалал-Абадской области;76;48;97;145;43;92;135;38;91;129;30;87;117
Джалал-Абадская обл.;4170300000000000;Сузакский р-н;41703220000000000;341671;ЦОВП С.ОКТЯБРЬСКОЕ;Центр общеврачебной практики с. Октябрь Сузакского района Жалал-Абадской области;77;37;65;102;35;60;95;43;33;76;42;28;70
Джалал-Абадская обл.;4170300000000000;Сузакский р-н;41703220000000000;341671;ЦОВП С.ОКТЯБРЬСКОЕ;Центр общеврачебной практики с. Октябрь Сузакского района Жалал-Абадской области;78;20;45;65;18;41;59;10;34;44;10;33;43
Джалал-Абадская обл.;4170300000000000;Сузакский р-н;41703220000000000;341671;ЦОВП С.ОКТЯБРЬСКОЕ;Центр общеврачебной практики с. Октябрь Сузакского района Жалал-Абадской области;79;18;37;55;16;36;52;23;21;44;20;21;41
Джалал-Абадская обл.;4170300000000000;Сузакский р-н;41703220000000000;341671;ЦОВП С.ОКТЯБРЬСКОЕ;Центр общеврачебной практики с. Октябрь Сузакского района Жалал-Абадской области;80;19;28;47;16;27;43;24;16;40;22;16;38
Джалал-Абадская обл.;4170300000000000;Сузакский р-н;41703220000000000;341671;ЦОВП С.ОКТЯБРЬСКОЕ;Центр общеврачебной практики с. Октябрь Сузакского района Жалал-Абадской области;81;14;31;45;11;31;42;15;14;29;15;12;27
Джалал-Абадская обл.;4170300000000000;Сузакский р-н;41703220000000000;341671;ЦОВП С.ОКТЯБРЬСКОЕ;Центр общеврачебной практики с. Октябрь Сузакского района Жалал-Абадской области;82;36;58;94;33;55;88;24;24;48;17;19;36
Джалал-Абадская обл.;4170300000000000;Сузакский р-н;41703220000000000;341671;ЦОВП С.ОКТЯБРЬСКОЕ;Центр общеврачебной практики с. Октябрь Сузакского района Жалал-Абадской области;83;26;49;75;26;44;70;17;26;43;17;24;41
Джалал-Абадская обл.;4170300000000000;Сузакский р-н;41703220000000000;341671;ЦОВП С.ОКТЯБРЬСКОЕ;Центр общеврачебной практики с. Октябрь Сузакского района Жалал-Абадской области;84;36;71;107;31;66;97;10;28;38;10;21;31
Джалал-Абадская обл.;4170300000000000;Сузакский р-н;41703220000000000;341671;ЦОВП С.ОКТЯБРЬСКОЕ;Центр общеврачебной практики с. Октябрь Сузакского района Жалал-Абадской области;85;19;36;55;18;34;52;6;18;24;6;18;24
Джалал-Абадская обл.;4170300000000000;Сузакский р-н;41703220000000000;341671;ЦОВП С.ОКТЯБРЬСКОЕ;Центр общеврачебной практики с. Октябрь Сузакского района Жалал-Абадской области;86;29;55;84;29;54;83;6;18;24;6;18;24
Джалал-Абадская обл.;4170300000000000;Сузакский р-н;41703220000000000;341671;ЦОВП С.ОКТЯБРЬСКОЕ;Центр общеврачебной практики с. Октябрь Сузакского района Жалал-Абадской области;87;20;33;53;17;32;49;10;5;15;10;5;15
Джалал-Абадская обл.;4170300000000000;Сузакский р-н;41703220000000000;341671;ЦОВП С.ОКТЯБРЬСКОЕ;Центр общеврачебной практики с. Октябрь Сузакского района Жалал-Абадской области;88;17;67;84;16;65;81;4;16;20;4;15;19
Джалал-Абадская обл.;4170300000000000;Сузакский р-н;41703220000000000;341671;ЦОВП С.ОКТЯБРЬСКОЕ;Центр общеврачебной практики с. Октябрь Сузакского района Жалал-Абадской области;89;11;25;36;11;25;36;2;10;12;2;10;12
Джалал-Абадская обл.;4170300000000000;Сузакский р-н;41703220000000000;341671;ЦОВП С.ОКТЯБРЬСКОЕ;Центр общеврачебной практики с. Октябрь Сузакского района Жалал-Абадской области;90;7;17;24;7;17;24;2;7;9;2;7;9
Джалал-Абадская обл.;4170300000000000;Сузакский р-н;41703220000000000;341671;ЦОВП С.ОКТЯБРЬСКОЕ;Центр общеврачебной практики с. Октябрь Сузакского района Жалал-Абадской области;91;6;16;22;6;16;22;3;4;7;3;4;7
Джалал-Абадская обл.;4170300000000000;Сузакский р-н;41703220000000000;341671;ЦОВП С.ОКТЯБРЬСКОЕ;Центр общеврачебной практики с. Октябрь Сузакского района Жалал-Абадской области;92;3;29;32;3;29;32;0;3;3;0;3;3
Джалал-Абадская обл.;4170300000000000;Сузакский р-н;41703220000000000;341671;ЦОВП С.ОКТЯБРЬСКОЕ;Центр общеврачебной практики с. Октябрь Сузакского района Жалал-Абадской области;93;0;16;16;0;16;16;1;2;3;1;2;3
Джалал-Абадская обл.;4170300000000000;Сузакский р-н;41703220000000000;341671;ЦОВП С.ОКТЯБРЬСКОЕ;Центр общеврачебной практики с. Октябрь Сузакского района Жалал-Абадской области;94;6;35;41;6;35;41;1;1;2;1;1;2
Джалал-Абадская обл.;4170300000000000;Сузакский р-н;41703220000000000;341671;ЦОВП С.ОКТЯБРЬСКОЕ;Центр общеврачебной практики с. Октябрь Сузакского района Жалал-Абадской области;96;3;16;19;3;16;19;0;2;2;0;2;2
Джалал-Абадская обл.;4170300000000000;Сузакский р-н;41703220000000000;341671;ЦОВП С.ОКТЯБРЬСКОЕ;Центр общеврачебной практики с. Октябрь Сузакского района Жалал-Абадской области;97;3;11;14;3;10;13;1;0;1;1;0;1
Джалал-Абадская обл.;4170300000000000;Сузакский р-н;41703220000000000;341671;ЦОВП С.ОКТЯБРЬСКОЕ;Центр общеврачебной практики с. Октябрь Сузакского района Жалал-Абадской области;98;3;7;10;3;7;10;1;0;1;1;0;1
Джалал-Абадская обл.;4170300000000000;Сузакский р-н;41703220000000000;341671;ЦОВП С.ОКТЯБРЬСКОЕ;Центр общеврачебной практики с. Октябрь Сузакского района Жалал-Абадской области;100;3;5;8;3;5;8;3;0;3;3;0;3
Джалал-Абадская обл.;4170300000000000;Сузакский р-н;41703220000000000;341671;ЦОВП С.ОКТЯБРЬСКОЕ;Центр общеврачебной практики с. Октябрь Сузакского района Жалал-Абадской области;102;0;9;9;0;9;9;0;1;1;0;1;1
Чуйская обл.;4170800000000000;Сокулукский р-н;41708222000000000;841721;ЦОВП СОКУЛУКСКОГО РАЙОНА;ЦЕНТР ОБЩЕВРАЧЕБНОЙ ПРАКТИКИ СОКУЛУКСКОГО РАЙОНА;0;1069;966;2035;1069;966;2035;6117;5370;11487;6117;5370;11487
Чуйская обл.;4170800000000000;Сокулукский р-н;41708222000000000;841721;ЦОВП СОКУЛУКСКОГО РАЙОНА;ЦЕНТР ОБЩЕВРАЧЕБНОЙ ПРАКТИКИ СОКУЛУКСКОГО РАЙОНА;1;1688;1570;3258;1688;1570;3258;3173;2789;5962;3173;2789;5962
Чуйская обл.;4170800000000000;Сокулукский р-н;41708222000000000;841721;ЦОВП СОКУЛУКСКОГО РАЙОНА;ЦЕНТР ОБЩЕВРАЧЕБНОЙ ПРАКТИКИ СОКУЛУКСКОГО РАЙОНА;2;1763;1809;3572;1763;1809;3572;2316;2346;4662;2316;2346;4662
Чуйская обл.;4170800000000000;Сокулукский р-н;41708222000000000;841721;ЦОВП СОКУЛУКСКОГО РАЙОНА;ЦЕНТР ОБЩЕВРАЧЕБНОЙ ПРАКТИКИ СОКУЛУКСКОГО РАЙОНА;3;1899;1872;3771;1899;1872;3771;1936;1558;3494;1936;1558;3494
Чуйская обл.;4170800000000000;Сокулукский р-н;41708222000000000;841721;ЦОВП СОКУЛУКСКОГО РАЙОНА;ЦЕНТР ОБЩЕВРАЧЕБНОЙ ПРАКТИКИ СОКУЛУКСКОГО РАЙОНА;4;1983;2121;4104;1983;2121;4104;1698;1418;3116;1698;1418;3116
Чуйская обл.;4170800000000000;Сокулукский р-н;41708222000000000;841721;ЦОВП СОКУЛУКСКОГО РАЙОНА;ЦЕНТР ОБЩЕВРАЧЕБНОЙ ПРАКТИКИ СОКУЛУКСКОГО РАЙОНА;5;1984;2185;4169;1984;2185;4169;1619;1608;3227;1619;1608;3227
Чуйская обл.;4170800000000000;Сокулукский р-н;41708222000000000;841721;ЦОВП СОКУЛУКСКОГО РАЙОНА;ЦЕНТР ОБЩЕВРАЧЕБНОЙ ПРАКТИКИ СОКУЛУКСКОГО РАЙОНА;6;2090;2550;4640;2090;2550;4640;2393;2136;4529;2393;2136;4529
Чуйская обл.;4170800000000000;Сокулукский р-н;41708222000000000;841721;ЦОВП СОКУЛУКСКОГО РАЙОНА;ЦЕНТР ОБЩЕВРАЧЕБНОЙ ПРАКТИКИ СОКУЛУКСКОГО РАЙОНА;7;2076;2397;4473;2076;2397;4473;1420;1308;2728;1420;1308;2728
Чуйская обл.;4170800000000000;Сокулукский р-н;41708222000000000;841721;ЦОВП СОКУЛУКСКОГО РАЙОНА;ЦЕНТР ОБЩЕВРАЧЕБНОЙ ПРАКТИКИ СОКУЛУКСКОГО РАЙОНА;8;2152;2674;4826;2152;2674;4826;1017;950;1967;1017;950;1967
Чуйская обл.;4170800000000000;Сокулукский р-н;41708222000000000;841721;ЦОВП СОКУЛУКСКОГО РАЙОНА;ЦЕНТР ОБЩЕВРАЧЕБНОЙ ПРАКТИКИ СОКУЛУКСКОГО РАЙОНА;9;2131;2555;4686;2131;2555;4686;887;798;1685;887;798;1685
Чуйская обл.;4170800000000000;Сокулукский р-н;41708222000000000;841721;ЦОВП СОКУЛУКСКОГО РАЙОНА;ЦЕНТР ОБЩЕВРАЧЕБНОЙ ПРАКТИКИ СОКУЛУКСКОГО РАЙОНА;10;1928;2501;4429;1928;2501;4429;825;697;1522;825;697;1522
Чуйская обл.;4170800000000000;Сокулукский р-н;41708222000000000;841721;ЦОВП СОКУЛУКСКОГО РАЙОНА;ЦЕНТР ОБЩЕВРАЧЕБНОЙ ПРАКТИКИ СОКУЛУКСКОГО РАЙОНА;11;1854;2454;4308;1854;2454;4308;1049;845;1894;1049;845;1894
Чуйская обл.;4170800000000000;Сокулукский р-н;41708222000000000;841721;ЦОВП СОКУЛУКСКОГО РАЙОНА;ЦЕНТР ОБЩЕВРАЧЕБНОЙ ПРАКТИКИ СОКУЛУКСКОГО РАЙОНА;12;1832;2412;4244;1832;2412;4244;866;761;1627;866;761;1627
Чуйская обл.;4170800000000000;Сокулукский р-н;41708222000000000;841721;ЦОВП СОКУЛУКСКОГО РАЙОНА;ЦЕНТР ОБЩЕВРАЧЕБНОЙ ПРАКТИКИ СОКУЛУКСКОГО РАЙОНА;13;1749;2344;4093;1749;2344;4093;909;811;1720;909;811;1720
Чуйская обл.;4170800000000000;Сокулукский р-н;41708222000000000;841721;ЦОВП СОКУЛУКСКОГО РАЙОНА;ЦЕНТР ОБЩЕВРАЧЕБНОЙ ПРАКТИКИ СОКУЛУКСКОГО РАЙОНА;14;1741;2116;3857;1741;2116;3857;952;867;1819;952;867;1819
Чуйская обл.;4170800000000000;Сокулукский р-н;41708222000000000;841721;ЦОВП СОКУЛУКСКОГО РАЙОНА;ЦЕНТР ОБЩЕВРАЧЕБНОЙ ПРАКТИКИ СОКУЛУКСКОГО РАЙОНА;15;1657;2236;3893;1657;2236;3893;1891;1208;3099;1891;1208;3099
Чуйская обл.;4170800000000000;Сокулукский р-н;41708222000000000;841721;ЦОВП СОКУЛУКСКОГО РАЙОНА;ЦЕНТР ОБЩЕВРАЧЕБНОЙ ПРАКТИКИ СОКУЛУКСКОГО РАЙОНА;16;1568;2346;3914;1568;2346;3914;1445;1294;2739;1317;1222;2539
Чуйская обл.;4170800000000000;Сокулукский р-н;41708222000000000;841721;ЦОВП СОКУЛУКСКОГО РАЙОНА;ЦЕНТР ОБЩЕВРАЧЕБНОЙ ПРАКТИКИ СОКУЛУКСКОГО РАЙОНА;17;1373;2059;3432;1123;1851;2974;1592;1714;3306;1193;1258;2451
Чуйская обл.;4170800000000000;Сокулукский р-н;41708222000000000;841721;ЦОВП СОКУЛУКСКОГО РАЙОНА;ЦЕНТР ОБЩЕВРАЧЕБНОЙ ПРАКТИКИ СОКУЛУКСКОГО РАЙОНА;18;1292;1839;3131;1060;1623;2683;1855;2056;3911;1327;1509;2836
Чуйская обл.;4170800000000000;Сокулукский р-н;41708222000000000;841721;ЦОВП СОКУЛУКСКОГО РАЙОНА;ЦЕНТР ОБЩЕВРАЧЕБНОЙ ПРАКТИКИ СОКУЛУКСКОГО РАЙОНА;19;1234;1723;2957;964;1456;2420;1180;1894;3074;857;1297;2154
Чуйская обл.;4170800000000000;Сокулукский р-н;41708222000000000;841721;ЦОВП СОКУЛУКСКОГО РАЙОНА;ЦЕНТР ОБЩЕВРАЧЕБНОЙ ПРАКТИКИ СОКУЛУКСКОГО РАЙОНА;20;1317;1897;3214;1027;1558;2585;925;2043;2968;685;1394;2079
Чуйская обл.;4170800000000000;Сокулукский р-н;41708222000000000;841721;ЦОВП СОКУЛУКСКОГО РАЙОНА;ЦЕНТР ОБЩЕВРАЧЕБНОЙ ПРАКТИКИ СОКУЛУКСКОГО РАЙОНА;21;1189;1536;2725;874;1199;2073;679;1910;2589;426;1048;1474
Чуйская обл.;4170800000000000;Сокулукский р-н;41708222000000000;841721;ЦОВП СОКУЛУКСКОГО РАЙОНА;ЦЕНТР ОБЩЕВРАЧЕБНОЙ ПРАКТИКИ СОКУЛУКСКОГО РАЙОНА;22;1115;1672;2787;252;329;581;746;1989;2735;257;922;1179
Чуйская обл.;4170800000000000;Сокулукский р-н;41708222000000000;841721;ЦОВП СОКУЛУКСКОГО РАЙОНА;ЦЕНТР ОБЩЕВРАЧЕБНОЙ ПРАКТИКИ СОКУЛУКСКОГО РАЙОНА;23;1063;1704;2767;216;367;583;652;1871;2523;277;888;1165
Чуйская обл.;4170800000000000;Сокулукский р-н;41708222000000000;841721;ЦОВП СОКУЛУКСКОГО РАЙОНА;ЦЕНТР ОБЩЕВРАЧЕБНОЙ ПРАКТИКИ СОКУЛУКСКОГО РАЙОНА;24;1072;1634;2706;246;402;648;555;2162;2717;233;1134;1367
Чуйская обл.;4170800000000000;Сокулукский р-н;41708222000000000;841721;ЦОВП СОКУЛУКСКОГО РАЙОНА;ЦЕНТР ОБЩЕВРАЧЕБНОЙ ПРАКТИКИ СОКУЛУКСКОГО РАЙОНА;25;1033;1672;2705;294;470;764;575;2095;2670;299;1050;1349
Чуйская обл.;4170800000000000;Сокулукский р-н;41708222000000000;841721;ЦОВП СОКУЛУКСКОГО РАЙОНА;ЦЕНТР ОБЩЕВРАЧЕБНОЙ ПРАКТИКИ СОКУЛУКСКОГО РАЙОНА;26;1126;1732;2858;336;536;872;529;1947;2476;258;1138;1396
Чуйская обл.;4170800000000000;Сокулукский р-н;41708222000000000;841721;ЦОВП СОКУЛУКСКОГО РАЙОНА;ЦЕНТР ОБЩЕВРАЧЕБНОЙ ПРАКТИКИ СОКУЛУКСКОГО РАЙОНА;27;1094;1629;2723;404;532;936;623;2337;2960;326;1393;1719
Чуйская обл.;4170800000000000;Сокулукский р-н;41708222000000000;841721;ЦОВП СОКУЛУКСКОГО РАЙОНА;ЦЕНТР ОБЩЕВРАЧЕБНОЙ ПРАКТИКИ СОКУЛУКСКОГО РАЙОНА;28;1191;1762;2953;443;645;1088;584;2263;2847;327;1322;1649
Чуйская обл.;4170800000000000;Сокулукский р-н;41708222000000000;841721;ЦОВП СОКУЛУКСКОГО РАЙОНА;ЦЕНТР ОБЩЕВРАЧЕБНОЙ ПРАКТИКИ СОКУЛУКСКОГО РАЙОНА;29;1258;1922;3180;519;696;1215;677;2480;3157;423;1403;1826
Чуйская обл.;4170800000000000;Сокулукский р-н;41708222000000000;841721;ЦОВП СОКУЛУКСКОГО РАЙОНА;ЦЕНТР ОБЩЕВРАЧЕБНОЙ ПРАКТИКИ СОКУЛУКСКОГО РАЙОНА;30;1311;1952;3263;566;781;1347;793;2363;3156;553;1624;2177
Чуйская обл.;4170800000000000;Сокулукский р-н;41708222000000000;841721;ЦОВП СОКУЛУКСКОГО РАЙОНА;ЦЕНТР ОБЩЕВРАЧЕБНОЙ ПРАКТИКИ СОКУЛУКСКОГО РАЙОНА;31;1241;2005;3246;574;877;1451;684;2574;3258;446;1795;2241
Чуйская обл.;4170800000000000;Сокулукский р-н;41708222000000000;841721;ЦОВП СОКУЛУКСКОГО РАЙОНА;ЦЕНТР ОБЩЕВРАЧЕБНОЙ ПРАКТИКИ СОКУЛУКСКОГО РАЙОНА;32;1456;2049;3505;731;885;1616;868;2323;3191;593;1568;2161
Чуйская обл.;4170800000000000;Сокулукский р-н;41708222000000000;841721;ЦОВП СОКУЛУКСКОГО РАЙОНА;ЦЕНТР ОБЩЕВРАЧЕБНОЙ ПРАКТИКИ СОКУЛУКСКОГО РАЙОНА;33;1548;2072;3620;807;986;1793;917;2264;3181;642;1611;2253
Чуйская обл.;4170800000000000;Сокулукский р-н;41708222000000000;841721;ЦОВП СОКУЛУКСКОГО РАЙОНА;ЦЕНТР ОБЩЕВРАЧЕБНОЙ ПРАКТИКИ СОКУЛУКСКОГО РАЙОНА;34;1484;2074;3558;784;955;1739;1003;2488;3491;737;1817;2554
Чуйская обл.;4170800000000000;Сокулукский р-н;41708222000000000;841721;ЦОВП СОКУЛУКСКОГО РАЙОНА;ЦЕНТР ОБЩЕВРАЧЕБНОЙ ПРАКТИКИ СОКУЛУКСКОГО РАЙОНА;35;1623;1915;3538;849;938;1787;919;2163;3082;604;1490;2094
Чуйская обл.;4170800000000000;Сокулукский р-н;41708222000000000;841721;ЦОВП СОКУЛУКСКОГО РАЙОНА;ЦЕНТР ОБЩЕВРАЧЕБНОЙ ПРАКТИКИ СОКУЛУКСКОГО РАЙОНА;36;1507;1831;3338;797;918;1715;911;2038;2949;662;1466;2128
Чуйская обл.;4170800000000000;Сокулукский р-н;41708222000000000;841721;ЦОВП СОКУЛУКСКОГО РАЙОНА;ЦЕНТР ОБЩЕВРАЧЕБНОЙ ПРАКТИКИ СОКУЛУКСКОГО РАЙОНА;37;1517;1836;3353;841;893;1734;960;1952;2912;692;1324;2016
Чуйская обл.;4170800000000000;Сокулукский р-н;41708222000000000;841721;ЦОВП СОКУЛУКСКОГО РАЙОНА;ЦЕНТР ОБЩЕВРАЧЕБНОЙ ПРАКТИКИ СОКУЛУКСКОГО РАЙОНА;38;1503;1772;3275;823;894;1717;814;1692;2506;646;1224;1870
Чуйская обл.;4170800000000000;Сокулукский р-н;41708222000000000;841721;ЦОВП СОКУЛУКСКОГО РАЙОНА;ЦЕНТР ОБЩЕВРАЧЕБНОЙ ПРАКТИКИ СОКУЛУКСКОГО РАЙОНА;39;1366;1671;3037;762;852;1614;793;1612;2405;544;1119;1663
Чуйская обл.;4170800000000000;Сокулукский р-н;41708222000000000;841721;ЦОВП СОКУЛУКСКОГО РАЙОНА;ЦЕНТР ОБЩЕВРАЧЕБНОЙ ПРАКТИКИ СОКУЛУКСКОГО РАЙОНА;40;1364;1659;3023;764;789;1553;762;1456;2218;551;1020;1571
Чуйская обл.;4170800000000000;Сокулукский р-н;41708222000000000;841721;ЦОВП СОКУЛУКСКОГО РАЙОНА;ЦЕНТР ОБЩЕВРАЧЕБНОЙ ПРАКТИКИ СОКУЛУКСКОГО РАЙОНА;41;1326;1444;2770;704;715;1419;778;1431;2209;498;1008;1506
Чуйская обл.;4170800000000000;Сокулукский р-н;41708222000000000;841721;ЦОВП СОКУЛУКСКОГО РАЙОНА;ЦЕНТР ОБЩЕВРАЧЕБНОЙ ПРАКТИКИ СОКУЛУКСКОГО РАЙОНА;42;1175;1414;2589;606;693;1299;666;1284;1950;457;965;1422
Чуйская обл.;4170800000000000;Сокулукский р-н;41708222000000000;841721;ЦОВП СОКУЛУКСКОГО РАЙОНА;ЦЕНТР ОБЩЕВРАЧЕБНОЙ ПРАКТИКИ СОКУЛУКСКОГО РАЙОНА;43;1101;1388;2489;590;656;1246;734;1175;1909;577;868;1445
Чуйская обл.;4170800000000000;Сокулукский р-н;41708222000000000;841721;ЦОВП СОКУЛУКСКОГО РАЙОНА;ЦЕНТР ОБЩЕВРАЧЕБНОЙ ПРАКТИКИ СОКУЛУКСКОГО РАЙОНА;44;1085;1253;2338;578;590;1168;733;1127;1860;497;844;1341
Чуйская обл.;4170800000000000;Сокулукский р-н;41708222000000000;841721;ЦОВП СОКУЛУКСКОГО РАЙОНА;ЦЕНТР ОБЩЕВРАЧЕБНОЙ ПРАКТИКИ СОКУЛУКСКОГО РАЙОНА;45;971;1265;2236;507;580;1087;710;1047;1757;493;692;1185
Чуйская обл.;4170800000000000;Сокулукский р-н;41708222000000000;841721;ЦОВП СОКУЛУКСКОГО РАЙОНА;ЦЕНТР ОБЩЕВРАЧЕБНОЙ ПРАКТИКИ СОКУЛУКСКОГО РАЙОНА;46;991;1303;2294;483;594;1077;717;1209;1926;523;823;1346
Чуйская обл.;4170800000000000;Сокулукский р-н;41708222000000000;841721;ЦОВП СОКУЛУКСКОГО РАЙОНА;ЦЕНТР ОБЩЕВРАЧЕБНОЙ ПРАКТИКИ СОКУЛУКСКОГО РАЙОНА;47;981;1185;2166;524;568;1092;710;1082;1792;486;840;1326
Чуйская обл.;4170800000000000;Сокулукский р-н;41708222000000000;841721;ЦОВП СОКУЛУКСКОГО РАЙОНА;ЦЕНТР ОБЩЕВРАЧЕБНОЙ ПРАКТИКИ СОКУЛУКСКОГО РАЙОНА;48;929;1221;2150;461;586;1047;578;1065;1643;427;777;1204
Чуйская обл.;4170800000000000;Сокулукский р-н;41708222000000000;841721;ЦОВП СОКУЛУКСКОГО РАЙОНА;ЦЕНТР ОБЩЕВРАЧЕБНОЙ ПРАКТИКИ СОКУЛУКСКОГО РАЙОНА;49;938;1088;2026;483;492;975;661;915;1576;495;674;1169
Чуйская обл.;4170800000000000;Сокулукский р-н;41708222000000000;841721;ЦОВП СОКУЛУКСКОГО РАЙОНА;ЦЕНТР ОБЩЕВРАЧЕБНОЙ ПРАКТИКИ СОКУЛУКСКОГО РАЙОНА;50;912;1077;1989;474;503;977;635;1172;1807;465;864;1329
Чуйская обл.;4170800000000000;Сокулукский р-н;41708222000000000;841721;ЦОВП СОКУЛУКСКОГО РАЙОНА;ЦЕНТР ОБЩЕВРАЧЕБНОЙ ПРАКТИКИ СОКУЛУКСКОГО РАЙОНА;51;868;1098;1966;428;541;969;629;1109;1738;416;804;1220
Чуйская обл.;4170800000000000;Сокулукский р-н;41708222000000000;841721;ЦОВП СОКУЛУКСКОГО РАЙОНА;ЦЕНТР ОБЩЕВРАЧЕБНОЙ ПРАКТИКИ СОКУЛУКСКОГО РАЙОНА;52;845;1031;1876;419;492;911;569;1231;1800;362;888;1250
Чуйская обл.;4170800000000000;Сокулукский р-н;41708222000000000;841721;ЦОВП СОКУЛУКСКОГО РАЙОНА;ЦЕНТР ОБЩЕВРАЧЕБНОЙ ПРАКТИКИ СОКУЛУКСКОГО РАЙОНА;53;824;1131;1955;420;555;975;684;1143;1827;463;869;1332
Чуйская обл.;4170800000000000;Сокулукский р-н;41708222000000000;841721;ЦОВП СОКУЛУКСКОГО РАЙОНА;ЦЕНТР ОБЩЕВРАЧЕБНОЙ ПРАКТИКИ СОКУЛУКСКОГО РАЙОНА;54;777;976;1753;398;495;893;680;1246;1926;446;976;1422
Чуйская обл.;4170800000000000;Сокулукский р-н;41708222000000000;841721;ЦОВП СОКУЛУКСКОГО РАЙОНА;ЦЕНТР ОБЩЕВРАЧЕБНОЙ ПРАКТИКИ СОКУЛУКСКОГО РАЙОНА;55;726;913;1639;387;471;858;601;1299;1900;428;951;1379
Чуйская обл.;4170800000000000;Сокулукский р-н;41708222000000000;841721;ЦОВП СОКУЛУКСКОГО РАЙОНА;ЦЕНТР ОБЩЕВРАЧЕБНОЙ ПРАКТИКИ СОКУЛУКСКОГО РАЙОНА;56;752;994;1746;414;484;898;703;1312;2015;539;997;1536
Чуйская обл.;4170800000000000;Сокулукский р-н;41708222000000000;841721;ЦОВП СОКУЛУКСКОГО РАЙОНА;ЦЕНТР ОБЩЕВРАЧЕБНОЙ ПРАКТИКИ СОКУЛУКСКОГО РАЙОНА;57;744;947;1691;435;482;917;919;1225;2144;724;871;1595
Чуйская обл.;4170800000000000;Сокулукский р-н;41708222000000000;841721;ЦОВП СОКУЛУКСКОГО РАЙОНА;ЦЕНТР ОБЩЕВРАЧЕБНОЙ ПРАКТИКИ СОКУЛУКСКОГО РАЙОНА;58;713;961;1674;418;516;934;942;1348;2290;745;1077;1822
Чуйская обл.;4170800000000000;Сокулукский р-н;41708222000000000;841721;ЦОВП СОКУЛУКСКОГО РАЙОНА;ЦЕНТР ОБЩЕВРАЧЕБНОЙ ПРАКТИКИ СОКУЛУКСКОГО РАЙОНА;59;696;962;1658;419;745;1164;778;1329;2107;568;1181;1749
Чуйская обл.;4170800000000000;Сокулукский р-н;41708222000000000;841721;ЦОВП СОКУЛУКСКОГО РАЙОНА;ЦЕНТР ОБЩЕВРАЧЕБНОЙ ПРАКТИКИ СОКУЛУКСКОГО РАЙОНА;60;682;960;1642;426;785;1211;814;1146;1960;646;1026;1672
Чуйская обл.;4170800000000000;Сокулукский р-н;41708222000000000;841721;ЦОВП СОКУЛУКСКОГО РАЙОНА;ЦЕНТР ОБЩЕВРАЧЕБНОЙ ПРАКТИКИ СОКУЛУКСКОГО РАЙОНА;61;738;969;1707;455;796;1251;964;1397;2361;801;1257;2058
Чуйская обл.;4170800000000000;Сокулукский р-н;41708222000000000;841721;ЦОВП СОКУЛУКСКОГО РАЙОНА;ЦЕНТР ОБЩЕВРАЧЕБНОЙ ПРАКТИКИ СОКУЛУКСКОГО РАЙОНА;62;710;1024;1734;451;826;1277;859;1460;2319;662;1326;1988
Чуйская обл.;4170800000000000;Сокулукский р-н;41708222000000000;841721;ЦОВП СОКУЛУКСКОГО РАЙОНА;ЦЕНТР ОБЩЕВРАЧЕБНОЙ ПРАКТИКИ СОКУЛУКСКОГО РАЙОНА;63;702;965;1667;437;807;1244;923;1316;2239;725;1164;1889
Чуйская обл.;4170800000000000;Сокулукский р-н;41708222000000000;841721;ЦОВП СОКУЛУКСКОГО РАЙОНА;ЦЕНТР ОБЩЕВРАЧЕБНОЙ ПРАКТИКИ СОКУЛУКСКОГО РАЙОНА;64;711;963;1674;534;806;1340;766;1246;2012;661;1099;1760
Чуйская обл.;4170800000000000;Сокулукский р-н;41708222000000000;841721;ЦОВП СОКУЛУКСКОГО РАЙОНА;ЦЕНТР ОБЩЕВРАЧЕБНОЙ ПРАКТИКИ СОКУЛУКСКОГО РАЙОНА;65;653;816;1469;537;705;1242;672;1134;1806;579;975;1554
Чуйская обл.;4170800000000000;Сокулукский р-н;41708222000000000;841721;ЦОВП СОКУЛУКСКОГО РАЙОНА;ЦЕНТР ОБЩЕВРАЧЕБНОЙ ПРАКТИКИ СОКУЛУКСКОГО РАЙОНА;66;570;830;1400;473;733;1206;599;1140;1739;515;1012;1527
Чуйская обл.;4170800000000000;Сокулукский р-н;41708222000000000;841721;ЦОВП СОКУЛУКСКОГО РАЙОНА;ЦЕНТР ОБЩЕВРАЧЕБНОЙ ПРАКТИКИ СОКУЛУКСКОГО РАЙОНА;67;565;765;1330;467;670;1137;675;963;1638;566;855;1421
Чуйская обл.;4170800000000000;Сокулукский р-н;41708222000000000;841721;ЦОВП СОКУЛУКСКОГО РАЙОНА;ЦЕНТР ОБЩЕВРАЧЕБНОЙ ПРАКТИКИ СОКУЛУКСКОГО РАЙОНА;68;488;738;1226;401;638;1039;548;922;1470;441;766;1207
Чуйская обл.;4170800000000000;Сокулукский р-н;41708222000000000;841721;ЦОВП СОКУЛУКСКОГО РАЙОНА;ЦЕНТР ОБЩЕВРАЧЕБНОЙ ПРАКТИКИ СОКУЛУКСКОГО РАЙОНА;69;395;654;1049;353;596;949;509;989;1498;463;894;1357
Чуйская обл.;4170800000000000;Сокулукский р-н;41708222000000000;841721;ЦОВП СОКУЛУКСКОГО РАЙОНА;ЦЕНТР ОБЩЕВРАЧЕБНОЙ ПРАКТИКИ СОКУЛУКСКОГО РАЙОНА;70;408;646;1054;368;589;957;344;884;1228;315;806;1121
Чуйская обл.;4170800000000000;Сокулукский р-н;41708222000000000;841721;ЦОВП СОКУЛУКСКОГО РАЙОНА;ЦЕНТР ОБЩЕВРАЧЕБНОЙ ПРАКТИКИ СОКУЛУКСКОГО РАЙОНА;71;383;590;973;344;552;896;377;544;921;334;503;837
Чуйская обл.;4170800000000000;Сокулукский р-н;41708222000000000;841721;ЦОВП СОКУЛУКСКОГО РАЙОНА;ЦЕНТР ОБЩЕВРАЧЕБНОЙ ПРАКТИКИ СОКУЛУКСКОГО РАЙОНА;72;354;573;927;327;536;863;335;499;834;307;410;717
Чуйская обл.;4170800000000000;Сокулукский р-н;41708222000000000;841721;ЦОВП СОКУЛУКСКОГО РАЙОНА;ЦЕНТР ОБЩЕВРАЧЕБНОЙ ПРАКТИКИ СОКУЛУКСКОГО РАЙОНА;73;294;523;817;266;479;745;338;593;931;294;509;803
Чуйская обл.;4170800000000000;Сокулукский р-н;41708222000000000;841721;ЦОВП СОКУЛУКСКОГО РАЙОНА;ЦЕНТР ОБЩЕВРАЧЕБНОЙ ПРАКТИКИ СОКУЛУКСКОГО РАЙОНА;74;311;524;835;288;481;769;329;496;825;261;414;675
Чуйская обл.;4170800000000000;Сокулукский р-н;41708222000000000;841721;ЦОВП СОКУЛУКСКОГО РАЙОНА;ЦЕНТР ОБЩЕВРАЧЕБНОЙ ПРАКТИКИ СОКУЛУКСКОГО РАЙОНА;75;245;445;690;229;408;637;271;491;762;221;429;650
Чуйская обл.;4170800000000000;Сокулукский р-н;41708222000000000;841721;ЦОВП СОКУЛУКСКОГО РАЙОНА;ЦЕНТР ОБЩЕВРАЧЕБНОЙ ПРАКТИКИ СОКУЛУКСКОГО РАЙОНА;76;199;388;587;182;361;543;145;406;551;135;339;474
Чуйская обл.;4170800000000000;Сокулукский р-н;41708222000000000;841721;ЦОВП СОКУЛУКСКОГО РАЙОНА;ЦЕНТР ОБЩЕВРАЧЕБНОЙ ПРАКТИКИ СОКУЛУКСКОГО РАЙОНА;77;209;376;585;191;355;546;139;392;531;117;366;483
Чуйская обл.;4170800000000000;Сокулукский р-н;41708222000000000;841721;ЦОВП СОКУЛУКСКОГО РАЙОНА;ЦЕНТР ОБЩЕВРАЧЕБНОЙ ПРАКТИКИ СОКУЛУКСКОГО РАЙОНА;78;136;292;428;125;275;400;71;184;255;69;171;240
Чуйская обл.;4170800000000000;Сокулукский р-н;41708222000000000;841721;ЦОВП СОКУЛУКСКОГО РАЙОНА;ЦЕНТР ОБЩЕВРАЧЕБНОЙ ПРАКТИКИ СОКУЛУКСКОГО РАЙОНА;79;69;163;232;65;152;217;31;100;131;30;82;112
Чуйская обл.;4170800000000000;Сокулукский р-н;41708222000000000;841721;ЦОВП СОКУЛУКСКОГО РАЙОНА;ЦЕНТР ОБЩЕВРАЧЕБНОЙ ПРАКТИКИ СОКУЛУКСКОГО РАЙОНА;80;63;102;165;61;96;157;65;46;111;62;45;107
Чуйская обл.;4170800000000000;Сокулукский р-н;41708222000000000;841721;ЦОВП СОКУЛУКСКОГО РАЙОНА;ЦЕНТР ОБЩЕВРАЧЕБНОЙ ПРАКТИКИ СОКУЛУКСКОГО РАЙОНА;81;68;102;170;65;97;162;56;63;119;55;54;109
Чуйская обл.;4170800000000000;Сокулукский р-н;41708222000000000;841721;ЦОВП СОКУЛУКСКОГО РАЙОНА;ЦЕНТР ОБЩЕВРАЧЕБНОЙ ПРАКТИКИ СОКУЛУКСКОГО РАЙОНА;82;100;195;295;94;185;279;39;95;134;39;85;124
Чуйская обл.;4170800000000000;Сокулукский р-н;41708222000000000;841721;ЦОВП СОКУЛУКСКОГО РАЙОНА;ЦЕНТР ОБЩЕВРАЧЕБНОЙ ПРАКТИКИ СОКУЛУКСКОГО РАЙОНА;83;108;233;341;100;220;320;41;142;183;34;107;141
Чуйская обл.;4170800000000000;Сокулукский р-н;41708222000000000;841721;ЦОВП СОКУЛУКСКОГО РАЙОНА;ЦЕНТР ОБЩЕВРАЧЕБНОЙ ПРАКТИКИ СОКУЛУКСКОГО РАЙОНА;84;113;267;380;106;251;357;54;195;249;40;149;189
Чуйская обл.;4170800000000000;Сокулукский р-н;41708222000000000;841721;ЦОВП СОКУЛУКСКОГО РАЙОНА;ЦЕНТР ОБЩЕВРАЧЕБНОЙ ПРАКТИКИ СОКУЛУКСКОГО РАЙОНА;85;121;288;409;114;273;387;49;93;142;38;84;122
Чуйская обл.;4170800000000000;Сокулукский р-н;41708222000000000;841721;ЦОВП СОКУЛУКСКОГО РАЙОНА;ЦЕНТР ОБЩЕВРАЧЕБНОЙ ПРАКТИКИ СОКУЛУКСКОГО РАЙОНА;86;120;244;364;117;235;352;72;89;161;69;66;135
Чуйская обл.;4170800000000000;Сокулукский р-н;41708222000000000;841721;ЦОВП СОКУЛУКСКОГО РАЙОНА;ЦЕНТР ОБЩЕВРАЧЕБНОЙ ПРАКТИКИ СОКУЛУКСКОГО РАЙОНА;87;100;211;311;96;200;296;23;44;67;20;32;52
Чуйская обл.;4170800000000000;Сокулукский р-н;41708222000000000;841721;ЦОВП СОКУЛУКСКОГО РАЙОНА;ЦЕНТР ОБЩЕВРАЧЕБНОЙ ПРАКТИКИ СОКУЛУКСКОГО РАЙОНА;88;87;159;246;83;156;239;32;57;89;19;49;68
Чуйская обл.;4170800000000000;Сокулукский р-н;41708222000000000;841721;ЦОВП СОКУЛУКСКОГО РАЙОНА;ЦЕНТР ОБЩЕВРАЧЕБНОЙ ПРАКТИКИ СОКУЛУКСКОГО РАЙОНА;89;70;140;210;70;138;208;11;28;39;11;26;37
Чуйская обл.;4170800000000000;Сокулукский р-н;41708222000000000;841721;ЦОВП СОКУЛУКСКОГО РАЙОНА;ЦЕНТР ОБЩЕВРАЧЕБНОЙ ПРАКТИКИ СОКУЛУКСКОГО РАЙОНА;90;53;114;167;53;111;164;9;11;20;9;11;20
Чуйская обл.;4170800000000000;Сокулукский р-н;41708222000000000;841721;ЦОВП СОКУЛУКСКОГО РАЙОНА;ЦЕНТР ОБЩЕВРАЧЕБНОЙ ПРАКТИКИ СОКУЛУКСКОГО РАЙОНА;91;38;107;145;38;105;143;29;14;43;29;10;39
Чуйская обл.;4170800000000000;Сокулукский р-н;41708222000000000;841721;ЦОВП СОКУЛУКСКОГО РАЙОНА;ЦЕНТР ОБЩЕВРАЧЕБНОЙ ПРАКТИКИ СОКУЛУКСКОГО РАЙОНА;92;42;121;163;40;120;160;0;7;7;0;0;0
Чуйская обл.;4170800000000000;Сокулукский р-н;41708222000000000;841721;ЦОВП СОКУЛУКСКОГО РАЙОНА;ЦЕНТР ОБЩЕВРАЧЕБНОЙ ПРАКТИКИ СОКУЛУКСКОГО РАЙОНА;93;44;112;156;43;108;151;4;10;14;4;9;13
Чуйская обл.;4170800000000000;Сокулукский р-н;41708222000000000;841721;ЦОВП СОКУЛУКСКОГО РАЙОНА;ЦЕНТР ОБЩЕВРАЧЕБНОЙ ПРАКТИКИ СОКУЛУКСКОГО РАЙОНА;94;55;145;200;55;142;197;4;39;43;4;39;43
Чуйская обл.;4170800000000000;Сокулукский р-н;41708222000000000;841721;ЦОВП СОКУЛУКСКОГО РАЙОНА;ЦЕНТР ОБЩЕВРАЧЕБНОЙ ПРАКТИКИ СОКУЛУКСКОГО РАЙОНА;95;25;85;110;25;84;109;0;4;4;0;4;4
Чуйская обл.;4170800000000000;Сокулукский р-н;41708222000000000;841721;ЦОВП СОКУЛУКСКОГО РАЙОНА;ЦЕНТР ОБЩЕВРАЧЕБНОЙ ПРАКТИКИ СОКУЛУКСКОГО РАЙОНА;96;15;64;79;15;64;79;0;6;6;0;6;6
Чуйская обл.;4170800000000000;Сокулукский р-н;41708222000000000;841721;ЦОВП СОКУЛУКСКОГО РАЙОНА;ЦЕНТР ОБЩЕВРАЧЕБНОЙ ПРАКТИКИ СОКУЛУКСКОГО РАЙОНА;97;13;45;58;13;44;57;12;2;14;12;2;14
Чуйская обл.;4170800000000000;Сокулукский р-н;41708222000000000;841721;ЦОВП СОКУЛУКСКОГО РАЙОНА;ЦЕНТР ОБЩЕВРАЧЕБНОЙ ПРАКТИКИ СОКУЛУКСКОГО РАЙОНА;98;8;56;64;8;55;63;0;2;2;0;2;2
Чуйская обл.;4170800000000000;Сокулукский р-н;41708222000000000;841721;ЦОВП СОКУЛУКСКОГО РАЙОНА;ЦЕНТР ОБЩЕВРАЧЕБНОЙ ПРАКТИКИ СОКУЛУКСКОГО РАЙОНА;99;4;39;43;4;39;43;0;1;1;0;1;1
Чуйская обл.;4170800000000000;Сокулукский р-н;41708222000000000;841721;ЦОВП СОКУЛУКСКОГО РАЙОНА;ЦЕНТР ОБЩЕВРАЧЕБНОЙ ПРАКТИКИ СОКУЛУКСКОГО РАЙОНА;100;7;35;42;7;35;42;0;1;1;0;1;1
Таласская обл.;4170700000000000;Таласский р-н;41707232000000000;741931;ЦОВП Таласская ;Центр общеврачебной практики Таласского района;0;286;306;592;286;306;592;3521;3681;7202;3521;3681;7202
Таласская обл.;4170700000000000;Таласский р-н;41707232000000000;741931;ЦОВП Таласская ;Центр общеврачебной практики Таласского района;1;507;539;1046;507;539;1046;1754;1702;3456;1754;1702;3456
Таласская обл.;4170700000000000;Таласский р-н;41707232000000000;741931;ЦОВП Таласская ;Центр общеврачебной практики Таласского района;2;543;590;1133;543;590;1133;1563;1550;3113;1563;1550;3113
Таласская обл.;4170700000000000;Таласский р-н;41707232000000000;741931;ЦОВП Таласская ;Центр общеврачебной практики Таласского района;3;643;615;1258;643;615;1258;1150;1184;2334;1150;1184;2334
Таласская обл.;4170700000000000;Таласский р-н;41707232000000000;741931;ЦОВП Таласская ;Центр общеврачебной практики Таласского района;4;611;659;1270;611;659;1270;1078;970;2048;1078;970;2048
Таласская обл.;4170700000000000;Таласский р-н;41707232000000000;741931;ЦОВП Таласская ;Центр общеврачебной практики Таласского района;5;573;547;1120;573;547;1120;918;897;1815;918;897;1815
Таласская обл.;4170700000000000;Таласский р-н;41707232000000000;741931;ЦОВП Таласская ;Центр общеврачебной практики Таласского района;6;649;719;1368;649;719;1368;1215;986;2201;1215;986;2201
Таласская обл.;4170700000000000;Таласский р-н;41707232000000000;741931;ЦОВП Таласская ;Центр общеврачебной практики Таласского района;7;626;750;1376;626;750;1376;539;522;1061;539;522;1061
Таласская обл.;4170700000000000;Таласский р-н;41707232000000000;741931;ЦОВП Таласская ;Центр общеврачебной практики Таласского района;8;610;757;1367;610;757;1367;430;441;871;430;441;871
Таласская обл.;4170700000000000;Таласский р-н;41707232000000000;741931;ЦОВП Таласская ;Центр общеврачебной практики Таласского района;9;617;846;1463;617;846;1463;430;408;838;430;408;838
Таласская обл.;4170700000000000;Таласский р-н;41707232000000000;741931;ЦОВП Таласская ;Центр общеврачебной практики Таласского района;10;612;865;1477;612;865;1477;456;423;879;456;423;879
Таласская обл.;4170700000000000;Таласский р-н;41707232000000000;741931;ЦОВП Таласская ;Центр общеврачебной практики Таласского района;11;643;869;1512;643;869;1512;434;475;909;434;475;909
Таласская обл.;4170700000000000;Таласский р-н;41707232000000000;741931;ЦОВП Таласская ;Центр общеврачебной практики Таласского района;12;681;849;1530;681;849;1530;383;340;723;383;340;723
Таласская обл.;4170700000000000;Таласский р-н;41707232000000000;741931;ЦОВП Таласская ;Центр общеврачебной практики Таласского района;13;726;837;1563;726;837;1563;628;579;1207;628;579;1207
Таласская обл.;4170700000000000;Таласский р-н;41707232000000000;741931;ЦОВП Таласская ;Центр общеврачебной практики Таласского района;14;703;866;1569;703;866;1569;639;643;1282;639;643;1282
Таласская обл.;4170700000000000;Таласский р-н;41707232000000000;741931;ЦОВП Таласская ;Центр общеврачебной практики Таласского района;15;717;807;1524;717;807;1524;939;663;1602;939;663;1602
Таласская обл.;4170700000000000;Таласский р-н;41707232000000000;741931;ЦОВП Таласская ;Центр общеврачебной практики Таласского района;16;663;798;1461;663;798;1461;641;712;1353;638;701;1339
Таласская обл.;4170700000000000;Таласский р-н;41707232000000000;741931;ЦОВП Таласская ;Центр общеврачебной практики Таласского района;17;667;754;1421;644;718;1362;782;904;1686;749;840;1589
Таласская обл.;4170700000000000;Таласский р-н;41707232000000000;741931;ЦОВП Таласская ;Центр общеврачебной практики Таласского района;18;600;637;1237;561;600;1161;751;1001;1752;576;697;1273
Таласская обл.;4170700000000000;Таласский р-н;41707232000000000;741931;ЦОВП Таласская ;Центр общеврачебной практики Таласского района;19;579;611;1190;99;109;208;513;1051;1564;32;194;226
Таласская обл.;4170700000000000;Таласский р-н;41707232000000000;741931;ЦОВП Таласская ;Центр общеврачебной практики Таласского района;20;596;498;1094;10;41;51;497;1017;1514;14;199;213
Таласская обл.;4170700000000000;Таласский р-н;41707232000000000;741931;ЦОВП Таласская ;Центр общеврачебной практики Таласского района;21;503;532;1035;11;46;57;324;1029;1353;8;298;306
Таласская обл.;4170700000000000;Таласский р-н;41707232000000000;741931;ЦОВП Таласская ;Центр общеврачебной практики Таласского района;22;478;547;1025;22;78;100;300;1025;1325;28;373;401
Таласская обл.;4170700000000000;Таласский р-н;41707232000000000;741931;ЦОВП Таласская ;Центр общеврачебной практики Таласского района;23;480;573;1053;40;128;168;333;1103;1436;29;539;568
Таласская обл.;4170700000000000;Таласский р-н;41707232000000000;741931;ЦОВП Таласская ;Центр общеврачебной практики Таласского района;24;423;536;959;39;142;181;235;841;1076;27;427;454
Таласская обл.;4170700000000000;Таласский р-н;41707232000000000;741931;ЦОВП Таласская ;Центр общеврачебной практики Таласского района;25;430;539;969;53;156;209;296;956;1252;51;517;568
Таласская обл.;4170700000000000;Таласский р-н;41707232000000000;741931;ЦОВП Таласская ;Центр общеврачебной практики Таласского района;26;442;444;886;62;156;218;296;1008;1304;72;584;656
Таласская обл.;4170700000000000;Таласский р-н;41707232000000000;741931;ЦОВП Таласская ;Центр общеврачебной практики Таласского района;27;464;423;887;112;166;278;321;947;1268;104;609;713
Таласская обл.;4170700000000000;Таласский р-н;41707232000000000;741931;ЦОВП Таласская ;Центр общеврачебной практики Таласского района;28;477;424;901;125;205;330;351;1083;1434;113;677;790
Таласская обл.;4170700000000000;Таласский р-н;41707232000000000;741931;ЦОВП Таласская ;Центр общеврачебной практики Таласского района;29;466;463;929;174;231;405;352;1108;1460;134;752;886
Таласская обл.;4170700000000000;Таласский р-н;41707232000000000;741931;ЦОВП Таласская ;Центр общеврачебной практики Таласского района;30;427;447;874;157;243;400;359;1052;1411;172;680;852
Таласская обл.;4170700000000000;Таласский р-н;41707232000000000;741931;ЦОВП Таласская ;Центр общеврачебной практики Таласского района;31;420;416;836;197;211;408;368;991;1359;190;690;880
Таласская обл.;4170700000000000;Таласский р-н;41707232000000000;741931;ЦОВП Таласская ;Центр общеврачебной практики Таласского района;32;421;432;853;200;231;431;321;1099;1420;171;763;934
Таласская обл.;4170700000000000;Таласский р-н;41707232000000000;741931;ЦОВП Таласская ;Центр общеврачебной практики Таласского района;33;450;410;860;234;235;469;427;923;1350;228;638;866
Таласская обл.;4170700000000000;Таласский р-н;41707232000000000;741931;ЦОВП Таласская ;Центр общеврачебной практики Таласского района;34;456;416;872;237;234;471;409;975;1384;245;783;1028
Таласская обл.;4170700000000000;Таласский р-н;41707232000000000;741931;ЦОВП Таласская ;Центр общеврачебной практики Таласского района;35;425;400;825;227;259;486;398;1085;1483;245;877;1122
Таласская обл.;4170700000000000;Таласский р-н;41707232000000000;741931;ЦОВП Таласская ;Центр общеврачебной практики Таласского района;36;405;400;805;222;269;491;429;978;1407;256;770;1026
Таласская обл.;4170700000000000;Таласский р-н;41707232000000000;741931;ЦОВП Таласская ;Центр общеврачебной практики Таласского района;37;389;419;808;205;260;465;363;933;1296;182;659;841
Таласская обл.;4170700000000000;Таласский р-н;41707232000000000;741931;ЦОВП Таласская ;Центр общеврачебной практики Таласского района;38;423;360;783;250;234;484;372;864;1236;220;678;898
Таласская обл.;4170700000000000;Таласский р-н;41707232000000000;741931;ЦОВП Таласская ;Центр общеврачебной практики Таласского района;39;383;396;779;202;256;458;322;893;1215;172;673;845
Таласская обл.;4170700000000000;Таласский р-н;41707232000000000;741931;ЦОВП Таласская ;Центр общеврачебной практики Таласского района;40;387;367;754;212;241;453;326;732;1058;220;540;760
Таласская обл.;4170700000000000;Таласский р-н;41707232000000000;741931;ЦОВП Таласская ;Центр общеврачебной практики Таласского района;41;372;360;732;194;219;413;365;660;1025;197;486;683
Таласская обл.;4170700000000000;Таласский р-н;41707232000000000;741931;ЦОВП Таласская ;Центр общеврачебной практики Таласского района;42;340;376;716;179;241;420;340;663;1003;209;494;703
Таласская обл.;4170700000000000;Таласский р-н;41707232000000000;741931;ЦОВП Таласская ;Центр общеврачебной практики Таласского района;43;346;309;655;180;188;368;342;622;964;212;452;664
Таласская обл.;4170700000000000;Таласский р-н;41707232000000000;741931;ЦОВП Таласская ;Центр общеврачебной практики Таласского района;44;325;370;695;201;206;407;275;621;896;156;419;575
Таласская обл.;4170700000000000;Таласский р-н;41707232000000000;741931;ЦОВП Таласская ;Центр общеврачебной практики Таласского района;45;359;353;712;176;208;384;346;695;1041;196;453;649
Таласская обл.;4170700000000000;Таласский р-н;41707232000000000;741931;ЦОВП Таласская ;Центр общеврачебной практики Таласского района;46;337;327;664;174;202;376;381;604;985;216;415;631
Таласская обл.;4170700000000000;Таласский р-н;41707232000000000;741931;ЦОВП Таласская ;Центр общеврачебной практики Таласского района;47;339;325;664;174;167;341;393;717;1110;263;475;738
Таласская обл.;4170700000000000;Таласский р-н;41707232000000000;741931;ЦОВП Таласская ;Центр общеврачебной практики Таласского района;48;338;353;691;171;206;377;349;726;1075;187;483;670
Таласская обл.;4170700000000000;Таласский р-н;41707232000000000;741931;ЦОВП Таласская ;Центр общеврачебной практики Таласского района;49;293;309;602;143;143;286;293;670;963;178;450;628
Таласская обл.;4170700000000000;Таласский р-н;41707232000000000;741931;ЦОВП Таласская ;Центр общеврачебной практики Таласского района;50;341;296;637;176;161;337;331;747;1078;188;501;689
Таласская обл.;4170700000000000;Таласский р-н;41707232000000000;741931;ЦОВП Таласская ;Центр общеврачебной практики Таласского района;51;297;282;579;141;139;280;307;587;894;191;403;594
Таласская обл.;4170700000000000;Таласский р-н;41707232000000000;741931;ЦОВП Таласская ;Центр общеврачебной практики Таласского района;52;290;266;556;153;143;296;379;519;898;235;311;546
Таласская обл.;4170700000000000;Таласский р-н;41707232000000000;741931;ЦОВП Таласская ;Центр общеврачебной практики Таласского района;53;309;264;573;141;136;277;361;587;948;210;369;579
Таласская обл.;4170700000000000;Таласский р-н;41707232000000000;741931;ЦОВП Таласская ;Центр общеврачебной практики Таласского района;54;298;271;569;144;142;286;336;648;984;202;389;591
Таласская обл.;4170700000000000;Таласский р-н;41707232000000000;741931;ЦОВП Таласская ;Центр общеврачебной практики Таласского района;55;261;297;558;143;146;289;332;770;1102;222;485;707
Таласская обл.;4170700000000000;Таласский р-н;41707232000000000;741931;ЦОВП Таласская ;Центр общеврачебной практики Таласского района;56;246;276;522;132;164;296;361;669;1030;201;482;683
Таласская обл.;4170700000000000;Таласский р-н;41707232000000000;741931;ЦОВП Таласская ;Центр общеврачебной практики Таласского района;57;213;211;424;120;135;255;323;463;786;215;342;557
Таласская обл.;4170700000000000;Таласский р-н;41707232000000000;741931;ЦОВП Таласская ;Центр общеврачебной практики Таласского района;58;239;257;496;124;164;288;322;723;1045;236;547;783
Таласская обл.;4170700000000000;Таласский р-н;41707232000000000;741931;ЦОВП Таласская ;Центр общеврачебной практики Таласского района;59;229;258;487;135;160;295;369;569;938;239;400;639
Таласская обл.;4170700000000000;Таласский р-н;41707232000000000;741931;ЦОВП Таласская ;Центр общеврачебной практики Таласского района;60;226;278;504;132;181;313;329;617;946;223;475;698
Таласская обл.;4170700000000000;Таласский р-н;41707232000000000;741931;ЦОВП Таласская ;Центр общеврачебной практики Таласского района;61;222;266;488;138;178;316;353;689;1042;261;528;789
Таласская обл.;4170700000000000;Таласский р-н;41707232000000000;741931;ЦОВП Таласская ;Центр общеврачебной практики Таласского района;62;232;240;472;148;163;311;371;536;907;278;415;693
Таласская обл.;4170700000000000;Таласский р-н;41707232000000000;741931;ЦОВП Таласская ;Центр общеврачебной практики Таласского района;63;217;205;422;146;152;298;373;558;931;250;448;698
Таласская обл.;4170700000000000;Таласский р-н;41707232000000000;741931;ЦОВП Таласская ;Центр общеврачебной практики Таласского района;64;184;271;455;117;207;324;322;631;953;243;555;798
Таласская обл.;4170700000000000;Таласский р-н;41707232000000000;741931;ЦОВП Таласская ;Центр общеврачебной практики Таласского района;65;164;200;364;124;183;307;304;586;890;249;548;797
Таласская обл.;4170700000000000;Таласский р-н;41707232000000000;741931;ЦОВП Таласская ;Центр общеврачебной практики Таласского района;66;169;216;385;137;211;348;286;618;904;247;605;852
Таласская обл.;4170700000000000;Таласский р-н;41707232000000000;741931;ЦОВП Таласская ;Центр общеврачебной практики Таласского района;67;156;204;360;145;198;343;257;552;809;237;534;771
Таласская обл.;4170700000000000;Таласский р-н;41707232000000000;741931;ЦОВП Таласская ;Центр общеврачебной практики Таласского района;68;126;186;312;124;181;305;228;426;654;220;418;638
Таласская обл.;4170700000000000;Таласский р-н;41707232000000000;741931;ЦОВП Таласская ;Центр общеврачебной практики Таласского района;69;150;170;320;142;167;309;224;431;655;211;423;634
Таласская обл.;4170700000000000;Таласский р-н;41707232000000000;741931;ЦОВП Таласская ;Центр общеврачебной практики Таласского района;70;107;170;277;104;168;272;256;410;666;247;397;644
Таласская обл.;4170700000000000;Таласский р-н;41707232000000000;741931;ЦОВП Таласская ;Центр общеврачебной практики Таласского района;71;99;175;274;98;173;271;195;466;661;195;461;656
Таласская обл.;4170700000000000;Таласский р-н;41707232000000000;741931;ЦОВП Таласская ;Центр общеврачебной практики Таласского района;72;90;141;231;90;141;231;222;412;634;209;411;620
Таласская обл.;4170700000000000;Таласский р-н;41707232000000000;741931;ЦОВП Таласская ;Центр общеврачебной практики Таласского района;73;100;140;240;98;139;237;292;382;674;291;375;666
Таласская обл.;4170700000000000;Таласский р-н;41707232000000000;741931;ЦОВП Таласская ;Центр общеврачебной практики Таласского района;74;85;125;210;84;123;207;136;322;458;135;311;446
Таласская обл.;4170700000000000;Таласский р-н;41707232000000000;741931;ЦОВП Таласская ;Центр общеврачебной практики Таласского района;75;75;115;190;74;115;189;160;263;423;160;260;420
Таласская обл.;4170700000000000;Таласский р-н;41707232000000000;741931;ЦОВП Таласская ;Центр общеврачебной практики Таласского района;76;53;88;141;53;86;139;112;246;358;112;227;339
Таласская обл.;4170700000000000;Таласский р-н;41707232000000000;741931;ЦОВП Таласская ;Центр общеврачебной практики Таласского района;77;53;101;154;53;100;153;127;241;368;123;218;341
Таласская обл.;4170700000000000;Таласский р-н;41707232000000000;741931;ЦОВП Таласская ;Центр общеврачебной практики Таласского района;78;37;77;114;36;77;113;43;137;180;42;137;179
Таласская обл.;4170700000000000;Таласский р-н;41707232000000000;741931;ЦОВП Таласская ;Центр общеврачебной практики Таласского района;79;11;43;54;11;42;53;8;86;94;8;83;91
Таласская обл.;4170700000000000;Таласский р-н;41707232000000000;741931;ЦОВП Таласская ;Центр общеврачебной практики Таласского района;80;14;40;54;14;40;54;36;91;127;36;86;122
Таласская обл.;4170700000000000;Таласский р-н;41707232000000000;741931;ЦОВП Таласская ;Центр общеврачебной практики Таласского района;81;18;37;55;17;37;54;38;92;130;34;89;123
Таласская обл.;4170700000000000;Таласский р-н;41707232000000000;741931;ЦОВП Таласская ;Центр общеврачебной практики Таласского района;82;34;68;102;32;68;100;75;166;241;72;161;233
Таласская обл.;4170700000000000;Таласский р-н;41707232000000000;741931;ЦОВП Таласская ;Центр общеврачебной практики Таласского района;83;22;60;82;22;58;80;34;101;135;30;99;129
Таласская обл.;4170700000000000;Таласский р-н;41707232000000000;741931;ЦОВП Таласская ;Центр общеврачебной практики Таласского района;84;29;80;109;29;78;107;40;111;151;40;107;147
Таласская обл.;4170700000000000;Таласский р-н;41707232000000000;741931;ЦОВП Таласская ;Центр общеврачебной практики Таласского района;85;19;78;97;19;74;93;19;120;139;19;113;132
Таласская обл.;4170700000000000;Таласский р-н;41707232000000000;741931;ЦОВП Таласская ;Центр общеврачебной практики Таласского района;86;16;58;74;16;55;71;35;94;129;35;86;121
Таласская обл.;4170700000000000;Таласский р-н;41707232000000000;741931;ЦОВП Таласская ;Центр общеврачебной практики Таласского района;87;14;45;59;14;44;58;31;56;87;31;54;85
Таласская обл.;4170700000000000;Таласский р-н;41707232000000000;741931;ЦОВП Таласская ;Центр общеврачебной практики Таласского района;88;21;43;64;21;41;62;45;51;96;45;46;91
Таласская обл.;4170700000000000;Таласский р-н;41707232000000000;741931;ЦОВП Таласская ;Центр общеврачебной практики Таласского района;89;8;28;36;7;28;35;13;30;43;13;29;42
Таласская обл.;4170700000000000;Таласский р-н;41707232000000000;741931;ЦОВП Таласская ;Центр общеврачебной практики Таласского района;90;3;20;23;3;19;22;2;9;11;2;7;9
Таласская обл.;4170700000000000;Таласский р-н;41707232000000000;741931;ЦОВП Таласская ;Центр общеврачебной практики Таласского района;91;1;25;26;1;25;26;0;22;22;0;21;21
Таласская обл.;4170700000000000;Таласский р-н;41707232000000000;741931;ЦОВП Таласская ;Центр общеврачебной практики Таласского района;92;4;29;33;3;29;32;2;13;15;1;13;14
Таласская обл.;4170700000000000;Таласский р-н;41707232000000000;741931;ЦОВП Таласская ;Центр общеврачебной практики Таласского района;93;3;17;20;3;17;20;2;8;10;2;8;10
Таласская обл.;4170700000000000;Таласский р-н;41707232000000000;741931;ЦОВП Таласская ;Центр общеврачебной практики Таласского района;94;6;19;25;6;19;25;5;6;11;5;6;11
Таласская обл.;4170700000000000;Таласский р-н;41707232000000000;741931;ЦОВП Таласская ;Центр общеврачебной практики Таласского района;95;1;11;12;1;11;12;0;6;6;0;6;6
Таласская обл.;4170700000000000;Таласский р-н;41707232000000000;741931;ЦОВП Таласская ;Центр общеврачебной практики Таласского района;96;3;15;18;3;15;18;0;1;1;0;1;1
Таласская обл.;4170700000000000;Таласский р-н;41707232000000000;741931;ЦОВП Таласская ;Центр общеврачебной практики Таласского района;97;3;7;10;3;7;10;0;3;3;0;3;3
Таласская обл.;4170700000000000;Таласский р-н;41707232000000000;741931;ЦОВП Таласская ;Центр общеврачебной практики Таласского района;98;3;6;9;3;6;9;0;1;1;0;0;0
Таласская обл.;4170700000000000;Таласский р-н;41707232000000000;741931;ЦОВП Таласская ;Центр общеврачебной практики Таласского района;105;0;1;1;0;1;1;0;3;3;0;3;3
Таласская обл.;4170700000000000;Таласский р-н;41707232000000000;741931;ЦОВП Таласская ;Центр общеврачебной практики Таласского района;111;0;1;1;0;1;1;0;2;2;0;2;2
Джалал-Абадская обл.;4170300000000000;Тогуз-Тороуский р-н;41703223000000000;305721;ЦОВП ТОГУЗТОРОУСКИЙ;Тогуз-Тороуский Центр общеврачебной практики имени Аманкана Жакишова;0;129;138;267;129;138;267;1458;1418;2876;1458;1418;2876
Джалал-Абадская обл.;4170300000000000;Тогуз-Тороуский р-н;41703223000000000;305721;ЦОВП ТОГУЗТОРОУСКИЙ;Тогуз-Тороуский Центр общеврачебной практики имени Аманкана Жакишова;1;217;175;392;217;175;392;762;650;1412;762;650;1412
Джалал-Абадская обл.;4170300000000000;Тогуз-Тороуский р-н;41703223000000000;305721;ЦОВП ТОГУЗТОРОУСКИЙ;Тогуз-Тороуский Центр общеврачебной практики имени Аманкана Жакишова;2;200;220;420;200;220;420;649;638;1287;649;638;1287
Джалал-Абадская обл.;4170300000000000;Тогуз-Тороуский р-н;41703223000000000;305721;ЦОВП ТОГУЗТОРОУСКИЙ;Тогуз-Тороуский Центр общеврачебной практики имени Аманкана Жакишова;3;264;232;496;264;232;496;455;347;802;455;347;802
Джалал-Абадская обл.;4170300000000000;Тогуз-Тороуский р-н;41703223000000000;305721;ЦОВП ТОГУЗТОРОУСКИЙ;Тогуз-Тороуский Центр общеврачебной практики имени Аманкана Жакишова;4;248;211;459;248;211;459;332;380;712;332;380;712
Джалал-Абадская обл.;4170300000000000;Тогуз-Тороуский р-н;41703223000000000;305721;ЦОВП ТОГУЗТОРОУСКИЙ;Тогуз-Тороуский Центр общеврачебной практики имени Аманкана Жакишова;5;236;270;506;236;270;506;471;482;953;471;482;953
Джалал-Абадская обл.;4170300000000000;Тогуз-Тороуский р-н;41703223000000000;305721;ЦОВП ТОГУЗТОРОУСКИЙ;Тогуз-Тороуский Центр общеврачебной практики имени Аманкана Жакишова;6;251;254;505;251;254;505;568;502;1070;568;502;1070
Джалал-Абадская обл.;4170300000000000;Тогуз-Тороуский р-н;41703223000000000;305721;ЦОВП ТОГУЗТОРОУСКИЙ;Тогуз-Тороуский Центр общеврачебной практики имени Аманкана Жакишова;7;234;245;479;234;245;479;193;212;405;193;212;405
Джалал-Абадская обл.;4170300000000000;Тогуз-Тороуский р-н;41703223000000000;305721;ЦОВП ТОГУЗТОРОУСКИЙ;Тогуз-Тороуский Центр общеврачебной практики имени Аманкана Жакишова;8;255;307;562;255;307;562;225;188;413;225;188;413
Джалал-Абадская обл.;4170300000000000;Тогуз-Тороуский р-н;41703223000000000;305721;ЦОВП ТОГУЗТОРОУСКИЙ;Тогуз-Тороуский Центр общеврачебной практики имени Аманкана Жакишова;9;248;302;550;248;302;550;159;204;363;159;204;363
Джалал-Абадская обл.;4170300000000000;Тогуз-Тороуский р-н;41703223000000000;305721;ЦОВП ТОГУЗТОРОУСКИЙ;Тогуз-Тороуский Центр общеврачебной практики имени Аманкана Жакишова;10;246;294;540;246;294;540;218;269;487;218;269;487
Джалал-Абадская обл.;4170300000000000;Тогуз-Тороуский р-н;41703223000000000;305721;ЦОВП ТОГУЗТОРОУСКИЙ;Тогуз-Тороуский Центр общеврачебной практики имени Аманкана Жакишова;11;244;275;519;244;275;519;330;318;648;330;318;648
Джалал-Абадская обл.;4170300000000000;Тогуз-Тороуский р-н;41703223000000000;305721;ЦОВП ТОГУЗТОРОУСКИЙ;Тогуз-Тороуский Центр общеврачебной практики имени Аманкана Жакишова;12;231;292;523;231;292;523;202;189;391;202;189;391
Джалал-Абадская обл.;4170300000000000;Тогуз-Тороуский р-н;41703223000000000;305721;ЦОВП ТОГУЗТОРОУСКИЙ;Тогуз-Тороуский Центр общеврачебной практики имени Аманкана Жакишова;13;242;298;540;242;298;540;182;195;377;182;195;377
Джалал-Абадская обл.;4170300000000000;Тогуз-Тороуский р-н;41703223000000000;305721;ЦОВП ТОГУЗТОРОУСКИЙ;Тогуз-Тороуский Центр общеврачебной практики имени Аманкана Жакишова;14;225;282;507;225;282;507;207;192;399;207;192;399
Джалал-Абадская обл.;4170300000000000;Тогуз-Тороуский р-н;41703223000000000;305721;ЦОВП ТОГУЗТОРОУСКИЙ;Тогуз-Тороуский Центр общеврачебной практики имени Аманкана Жакишова;15;241;253;494;241;253;494;281;217;498;281;217;498
Джалал-Абадская обл.;4170300000000000;Тогуз-Тороуский р-н;41703223000000000;305721;ЦОВП ТОГУЗТОРОУСКИЙ;Тогуз-Тороуский Центр общеврачебной практики имени Аманкана Жакишова;16;233;226;459;233;226;459;392;344;736;391;333;724
Джалал-Абадская обл.;4170300000000000;Тогуз-Тороуский р-н;41703223000000000;305721;ЦОВП ТОГУЗТОРОУСКИЙ;Тогуз-Тороуский Центр общеврачебной практики имени Аманкана Жакишова;17;219;220;439;202;200;402;305;320;625;251;245;496
Джалал-Абадская обл.;4170300000000000;Тогуз-Тороуский р-н;41703223000000000;305721;ЦОВП ТОГУЗТОРОУСКИЙ;Тогуз-Тороуский Центр общеврачебной практики имени Аманкана Жакишова;18;185;255;440;169;231;400;315;445;760;230;334;564
Джалал-Абадская обл.;4170300000000000;Тогуз-Тороуский р-н;41703223000000000;305721;ЦОВП ТОГУЗТОРОУСКИЙ;Тогуз-Тороуский Центр общеврачебной практики имени Аманкана Жакишова;19;211;206;417;116;135;251;197;251;448;89;100;189
Джалал-Абадская обл.;4170300000000000;Тогуз-Тороуский р-н;41703223000000000;305721;ЦОВП ТОГУЗТОРОУСКИЙ;Тогуз-Тороуский Центр общеврачебной практики имени Аманкана Жакишова;20;144;236;380;52;118;170;147;282;429;54;106;160
Джалал-Абадская обл.;4170300000000000;Тогуз-Тороуский р-н;41703223000000000;305721;ЦОВП ТОГУЗТОРОУСКИЙ;Тогуз-Тороуский Центр общеврачебной практики имени Аманкана Жакишова;21;175;179;354;45;85;130;100;222;322;56;103;159
Джалал-Абадская обл.;4170300000000000;Тогуз-Тороуский р-н;41703223000000000;305721;ЦОВП ТОГУЗТОРОУСКИЙ;Тогуз-Тороуский Центр общеврачебной практики имени Аманкана Жакишова;22;162;182;344;45;46;91;129;276;405;74;131;205
Джалал-Абадская обл.;4170300000000000;Тогуз-Тороуский р-н;41703223000000000;305721;ЦОВП ТОГУЗТОРОУСКИЙ;Тогуз-Тороуский Центр общеврачебной практики имени Аманкана Жакишова;23;155;186;341;42;42;84;127;300;427;33;163;196
Джалал-Абадская обл.;4170300000000000;Тогуз-Тороуский р-н;41703223000000000;305721;ЦОВП ТОГУЗТОРОУСКИЙ;Тогуз-Тороуский Центр общеврачебной практики имени Аманкана Жакишова;24;179;159;338;48;46;94;136;323;459;80;201;281
Джалал-Абадская обл.;4170300000000000;Тогуз-Тороуский р-н;41703223000000000;305721;ЦОВП ТОГУЗТОРОУСКИЙ;Тогуз-Тороуский Центр общеврачебной практики имени Аманкана Жакишова;25;163;191;354;49;58;107;132;337;469;55;189;244
Джалал-Абадская обл.;4170300000000000;Тогуз-Тороуский р-н;41703223000000000;305721;ЦОВП ТОГУЗТОРОУСКИЙ;Тогуз-Тороуский Центр общеврачебной практики имени Аманкана Жакишова;26;175;171;346;56;52;108;134;367;501;66;224;290
Джалал-Абадская обл.;4170300000000000;Тогуз-Тороуский р-н;41703223000000000;305721;ЦОВП ТОГУЗТОРОУСКИЙ;Тогуз-Тороуский Центр общеврачебной практики имени Аманкана Жакишова;27;176;213;389;59;85;144;162;510;672;95;315;410
Джалал-Абадская обл.;4170300000000000;Тогуз-Тороуский р-н;41703223000000000;305721;ЦОВП ТОГУЗТОРОУСКИЙ;Тогуз-Тороуский Центр общеврачебной практики имени Аманкана Жакишова;28;194;214;408;99;95;194;169;451;620;114;358;472
Джалал-Абадская обл.;4170300000000000;Тогуз-Тороуский р-н;41703223000000000;305721;ЦОВП ТОГУЗТОРОУСКИЙ;Тогуз-Тороуский Центр общеврачебной практики имени Аманкана Жакишова;29;249;187;436;136;80;216;206;460;666;133;341;474
Джалал-Абадская обл.;4170300000000000;Тогуз-Тороуский р-н;41703223000000000;305721;ЦОВП ТОГУЗТОРОУСКИЙ;Тогуз-Тороуский Центр общеврачебной практики имени Аманкана Жакишова;30;224;221;445;116;108;224;195;477;672;158;416;574
Джалал-Абадская обл.;4170300000000000;Тогуз-Тороуский р-н;41703223000000000;305721;ЦОВП ТОГУЗТОРОУСКИЙ;Тогуз-Тороуский Центр общеврачебной практики имени Аманкана Жакишова;31;195;206;401;119;103;222;179;521;700;137;423;560
Джалал-Абадская обл.;4170300000000000;Тогуз-Тороуский р-н;41703223000000000;305721;ЦОВП ТОГУЗТОРОУСКИЙ;Тогуз-Тороуский Центр общеврачебной практики имени Аманкана Жакишова;32;223;231;454;150;126;276;202;361;563;168;306;474
Джалал-Абадская обл.;4170300000000000;Тогуз-Тороуский р-н;41703223000000000;305721;ЦОВП ТОГУЗТОРОУСКИЙ;Тогуз-Тороуский Центр общеврачебной практики имени Аманкана Жакишова;33;196;182;378;136;96;232;246;527;773;213;456;669
Джалал-Абадская обл.;4170300000000000;Тогуз-Тороуский р-н;41703223000000000;305721;ЦОВП ТОГУЗТОРОУСКИЙ;Тогуз-Тороуский Центр общеврачебной практики имени Аманкана Жакишова;34;207;209;416;143;123;266;194;432;626;145;362;507
Джалал-Абадская обл.;4170300000000000;Тогуз-Тороуский р-н;41703223000000000;305721;ЦОВП ТОГУЗТОРОУСКИЙ;Тогуз-Тороуский Центр общеврачебной практики имени Аманкана Жакишова;35;169;177;346;121;112;233;210;536;746;170;442;612
Джалал-Абадская обл.;4170300000000000;Тогуз-Тороуский р-н;41703223000000000;305721;ЦОВП ТОГУЗТОРОУСКИЙ;Тогуз-Тороуский Центр общеврачебной практики имени Аманкана Жакишова;36;182;193;375;146;130;276;244;475;719;228;404;632
Джалал-Абадская обл.;4170300000000000;Тогуз-Тороуский р-н;41703223000000000;305721;ЦОВП ТОГУЗТОРОУСКИЙ;Тогуз-Тороуский Центр общеврачебной практики имени Аманкана Жакишова;37;205;173;378;162;128;290;201;380;581;170;327;497
Джалал-Абадская обл.;4170300000000000;Тогуз-Тороуский р-н;41703223000000000;305721;ЦОВП ТОГУЗТОРОУСКИЙ;Тогуз-Тороуский Центр общеврачебной практики имени Аманкана Жакишова;38;178;146;324;132;103;235;127;385;512;116;342;458
Джалал-Абадская обл.;4170300000000000;Тогуз-Тороуский р-н;41703223000000000;305721;ЦОВП ТОГУЗТОРОУСКИЙ;Тогуз-Тороуский Центр общеврачебной практики имени Аманкана Жакишова;39;164;132;296;131;94;225;230;301;531;199;259;458
Джалал-Абадская обл.;4170300000000000;Тогуз-Тороуский р-н;41703223000000000;305721;ЦОВП ТОГУЗТОРОУСКИЙ;Тогуз-Тороуский Центр общеврачебной практики имени Аманкана Жакишова;40;155;150;305;121;111;232;167;286;453;151;237;388
Джалал-Абадская обл.;4170300000000000;Тогуз-Тороуский р-н;41703223000000000;305721;ЦОВП ТОГУЗТОРОУСКИЙ;Тогуз-Тороуский Центр общеврачебной практики имени Аманкана Жакишова;41;155;112;267;127;84;211;151;284;435;121;248;369
Джалал-Абадская обл.;4170300000000000;Тогуз-Тороуский р-н;41703223000000000;305721;ЦОВП ТОГУЗТОРОУСКИЙ;Тогуз-Тороуский Центр общеврачебной практики имени Аманкана Жакишова;42;128;134;262;98;106;204;195;318;513;167;295;462
Джалал-Абадская обл.;4170300000000000;Тогуз-Тороуский р-н;41703223000000000;305721;ЦОВП ТОГУЗТОРОУСКИЙ;Тогуз-Тороуский Центр общеврачебной практики имени Аманкана Жакишова;43;140;118;258;108;98;206;212;260;472;175;217;392
Джалал-Абадская обл.;4170300000000000;Тогуз-Тороуский р-н;41703223000000000;305721;ЦОВП ТОГУЗТОРОУСКИЙ;Тогуз-Тороуский Центр общеврачебной практики имени Аманкана Жакишова;44;124;115;239;98;89;187;138;272;410;121;215;336
Джалал-Абадская обл.;4170300000000000;Тогуз-Тороуский р-н;41703223000000000;305721;ЦОВП ТОГУЗТОРОУСКИЙ;Тогуз-Тороуский Центр общеврачебной практики имени Аманкана Жакишова;45;125;128;253;96;92;188;152;294;446;138;243;381
Джалал-Абадская обл.;4170300000000000;Тогуз-Тороуский р-н;41703223000000000;305721;ЦОВП ТОГУЗТОРОУСКИЙ;Тогуз-Тороуский Центр общеврачебной практики имени Аманкана Жакишова;46;113;99;212;94;63;157;246;289;535;217;241;458
Джалал-Абадская обл.;4170300000000000;Тогуз-Тороуский р-н;41703223000000000;305721;ЦОВП ТОГУЗТОРОУСКИЙ;Тогуз-Тороуский Центр общеврачебной практики имени Аманкана Жакишова;47;124;112;236;100;89;189;172;264;436;155;225;380
Джалал-Абадская обл.;4170300000000000;Тогуз-Тороуский р-н;41703223000000000;305721;ЦОВП ТОГУЗТОРОУСКИЙ;Тогуз-Тороуский Центр общеврачебной практики имени Аманкана Жакишова;48;122;134;256;96;103;199;157;319;476;130;287;417
Джалал-Абадская обл.;4170300000000000;Тогуз-Тороуский р-н;41703223000000000;305721;ЦОВП ТОГУЗТОРОУСКИЙ;Тогуз-Тороуский Центр общеврачебной практики имени Аманкана Жакишова;49;102;95;197;78;76;154;144;320;464;125;281;406
Джалал-Абадская обл.;4170300000000000;Тогуз-Тороуский р-н;41703223000000000;305721;ЦОВП ТОГУЗТОРОУСКИЙ;Тогуз-Тороуский Центр общеврачебной практики имени Аманкана Жакишова;50;103;99;202;74;85;159;116;354;470;80;281;361
Джалал-Абадская обл.;4170300000000000;Тогуз-Тороуский р-н;41703223000000000;305721;ЦОВП ТОГУЗТОРОУСКИЙ;Тогуз-Тороуский Центр общеврачебной практики имени Аманкана Жакишова;51;102;112;214;87;84;171;163;266;429;150;241;391
Джалал-Абадская обл.;4170300000000000;Тогуз-Тороуский р-н;41703223000000000;305721;ЦОВП ТОГУЗТОРОУСКИЙ;Тогуз-Тороуский Центр общеврачебной практики имени Аманкана Жакишова;52;97;97;194;78;77;155;103;252;355;86;204;290
Джалал-Абадская обл.;4170300000000000;Тогуз-Тороуский р-н;41703223000000000;305721;ЦОВП ТОГУЗТОРОУСКИЙ;Тогуз-Тороуский Центр общеврачебной практики имени Аманкана Жакишова;53;79;106;185;66;86;152;132;311;443;115;278;393
Джалал-Абадская обл.;4170300000000000;Тогуз-Тороуский р-н;41703223000000000;305721;ЦОВП ТОГУЗТОРОУСКИЙ;Тогуз-Тороуский Центр общеврачебной практики имени Аманкана Жакишова;54;129;91;220;104;72;176;174;321;495;156;288;444
Джалал-Абадская обл.;4170300000000000;Тогуз-Тороуский р-н;41703223000000000;305721;ЦОВП ТОГУЗТОРОУСКИЙ;Тогуз-Тороуский Центр общеврачебной практики имени Аманкана Жакишова;55;101;123;224;82;102;184;130;370;500;116;301;417
Джалал-Абадская обл.;4170300000000000;Тогуз-Тороуский р-н;41703223000000000;305721;ЦОВП ТОГУЗТОРОУСКИЙ;Тогуз-Тороуский Центр общеврачебной практики имени Аманкана Жакишова;56;85;104;189;72;87;159;226;304;530;180;270;450
Джалал-Абадская обл.;4170300000000000;Тогуз-Тороуский р-н;41703223000000000;305721;ЦОВП ТОГУЗТОРОУСКИЙ;Тогуз-Тороуский Центр общеврачебной практики имени Аманкана Жакишова;57;85;98;183;69;85;154;184;260;444;172;253;425
Джалал-Абадская обл.;4170300000000000;Тогуз-Тороуский р-н;41703223000000000;305721;ЦОВП ТОГУЗТОРОУСКИЙ;Тогуз-Тороуский Центр общеврачебной практики имени Аманкана Жакишова;58;79;102;181;65;90;155;138;192;330;129;180;309
Джалал-Абадская обл.;4170300000000000;Тогуз-Тороуский р-н;41703223000000000;305721;ЦОВП ТОГУЗТОРОУСКИЙ;Тогуз-Тороуский Центр общеврачебной практики имени Аманкана Жакишова;59;93;93;186;79;84;163;182;311;493;172;311;483
Джалал-Абадская обл.;4170300000000000;Тогуз-Тороуский р-н;41703223000000000;305721;ЦОВП ТОГУЗТОРОУСКИЙ;Тогуз-Тороуский Центр общеврачебной практики имени Аманкана Жакишова;60;96;102;198;80;94;174;142;263;405;95;259;354
Джалал-Абадская обл.;4170300000000000;Тогуз-Тороуский р-н;41703223000000000;305721;ЦОВП ТОГУЗТОРОУСКИЙ;Тогуз-Тороуский Центр общеврачебной практики имени Аманкана Жакишова;61;71;102;173;55;95;150;144;278;422;130;275;405
Джалал-Абадская обл.;4170300000000000;Тогуз-Тороуский р-н;41703223000000000;305721;ЦОВП ТОГУЗТОРОУСКИЙ;Тогуз-Тороуский Центр общеврачебной практики имени Аманкана Жакишова;62;85;104;189;74;96;170;142;265;407;131;262;393
Джалал-Абадская обл.;4170300000000000;Тогуз-Тороуский р-н;41703223000000000;305721;ЦОВП ТОГУЗТОРОУСКИЙ;Тогуз-Тороуский Центр общеврачебной практики имени Аманкана Жакишова;63;64;86;150;60;82;142;132;210;342;126;208;334
Джалал-Абадская обл.;4170300000000000;Тогуз-Тороуский р-н;41703223000000000;305721;ЦОВП ТОГУЗТОРОУСКИЙ;Тогуз-Тороуский Центр общеврачебной практики имени Аманкана Жакишова;64;88;87;175;79;82;161;113;264;377;111;256;367
Джалал-Абадская обл.;4170300000000000;Тогуз-Тороуский р-н;41703223000000000;305721;ЦОВП ТОГУЗТОРОУСКИЙ;Тогуз-Тороуский Центр общеврачебной практики имени Аманкана Жакишова;65;52;107;159;47;103;150;74;207;281;72;193;265
Джалал-Абадская обл.;4170300000000000;Тогуз-Тороуский р-н;41703223000000000;305721;ЦОВП ТОГУЗТОРОУСКИЙ;Тогуз-Тороуский Центр общеврачебной практики имени Аманкана Жакишова;66;55;83;138;53;79;132;83;216;299;76;206;282
Джалал-Абадская обл.;4170300000000000;Тогуз-Тороуский р-н;41703223000000000;305721;ЦОВП ТОГУЗТОРОУСКИЙ;Тогуз-Тороуский Центр общеврачебной практики имени Аманкана Жакишова;67;62;86;148;57;83;140;166;181;347;162;181;343
Джалал-Абадская обл.;4170300000000000;Тогуз-Тороуский р-н;41703223000000000;305721;ЦОВП ТОГУЗТОРОУСКИЙ;Тогуз-Тороуский Центр общеврачебной практики имени Аманкана Жакишова;68;49;63;112;45;61;106;75;157;232;73;156;229
Джалал-Абадская обл.;4170300000000000;Тогуз-Тороуский р-н;41703223000000000;305721;ЦОВП ТОГУЗТОРОУСКИЙ;Тогуз-Тороуский Центр общеврачебной практики имени Аманкана Жакишова;69;42;57;99;39;55;94;72;156;228;69;150;219
Джалал-Абадская обл.;4170300000000000;Тогуз-Тороуский р-н;41703223000000000;305721;ЦОВП ТОГУЗТОРОУСКИЙ;Тогуз-Тороуский Центр общеврачебной практики имени Аманкана Жакишова;70;48;47;95;47;45;92;92;113;205;91;113;204
Джалал-Абадская обл.;4170300000000000;Тогуз-Тороуский р-н;41703223000000000;305721;ЦОВП ТОГУЗТОРОУСКИЙ;Тогуз-Тороуский Центр общеврачебной практики имени Аманкана Жакишова;71;38;45;83;35;44;79;74;93;167;70;90;160
Джалал-Абадская обл.;4170300000000000;Тогуз-Тороуский р-н;41703223000000000;305721;ЦОВП ТОГУЗТОРОУСКИЙ;Тогуз-Тороуский Центр общеврачебной практики имени Аманкана Жакишова;72;24;46;70;23;44;67;49;114;163;49;109;158
Джалал-Абадская обл.;4170300000000000;Тогуз-Тороуский р-н;41703223000000000;305721;ЦОВП ТОГУЗТОРОУСКИЙ;Тогуз-Тороуский Центр общеврачебной практики имени Аманкана Жакишова;73;23;44;67;21;44;65;16;107;123;13;107;120
Джалал-Абадская обл.;4170300000000000;Тогуз-Тороуский р-н;41703223000000000;305721;ЦОВП ТОГУЗТОРОУСКИЙ;Тогуз-Тороуский Центр общеврачебной практики имени Аманкана Жакишова;74;18;44;62;15;43;58;45;95;140;44;94;138
Джалал-Абадская обл.;4170300000000000;Тогуз-Тороуский р-н;41703223000000000;305721;ЦОВП ТОГУЗТОРОУСКИЙ;Тогуз-Тороуский Центр общеврачебной практики имени Аманкана Жакишова;75;19;21;40;19;19;38;61;32;93;61;31;92
Джалал-Абадская обл.;4170300000000000;Тогуз-Тороуский р-н;41703223000000000;305721;ЦОВП ТОГУЗТОРОУСКИЙ;Тогуз-Тороуский Центр общеврачебной практики имени Аманкана Жакишова;76;14;25;39;13;23;36;34;22;56;34;20;54
Джалал-Абадская обл.;4170300000000000;Тогуз-Тороуский р-н;41703223000000000;305721;ЦОВП ТОГУЗТОРОУСКИЙ;Тогуз-Тороуский Центр общеврачебной практики имени Аманкана Жакишова;77;16;19;35;15;18;33;15;36;51;15;35;50
Джалал-Абадская обл.;4170300000000000;Тогуз-Тороуский р-н;41703223000000000;305721;ЦОВП ТОГУЗТОРОУСКИЙ;Тогуз-Тороуский Центр общеврачебной практики имени Аманкана Жакишова;78;3;12;15;3;12;15;2;8;10;2;8;10
Джалал-Абадская обл.;4170300000000000;Тогуз-Тороуский р-н;41703223000000000;305721;ЦОВП ТОГУЗТОРОУСКИЙ;Тогуз-Тороуский Центр общеврачебной практики имени Аманкана Жакишова;79;2;14;16;2;14;16;3;23;26;2;23;25
Джалал-Абадская обл.;4170300000000000;Тогуз-Тороуский р-н;41703223000000000;305721;ЦОВП ТОГУЗТОРОУСКИЙ;Тогуз-Тороуский Центр общеврачебной практики имени Аманкана Жакишова;80;3;6;9;2;6;8;14;6;20;10;6;16
Джалал-Абадская обл.;4170300000000000;Тогуз-Тороуский р-н;41703223000000000;305721;ЦОВП ТОГУЗТОРОУСКИЙ;Тогуз-Тороуский Центр общеврачебной практики имени Аманкана Жакишова;81;5;7;12;4;7;11;5;1;6;4;1;5
Джалал-Абадская обл.;4170300000000000;Тогуз-Тороуский р-н;41703223000000000;305721;ЦОВП ТОГУЗТОРОУСКИЙ;Тогуз-Тороуский Центр общеврачебной практики имени Аманкана Жакишова;82;7;15;22;6;15;21;15;37;52;15;36;51
Джалал-Абадская обл.;4170300000000000;Тогуз-Тороуский р-н;41703223000000000;305721;ЦОВП ТОГУЗТОРОУСКИЙ;Тогуз-Тороуский Центр общеврачебной практики имени Аманкана Жакишова;83;7;14;21;6;13;19;1;19;20;1;18;19
Джалал-Абадская обл.;4170300000000000;Тогуз-Тороуский р-н;41703223000000000;305721;ЦОВП ТОГУЗТОРОУСКИЙ;Тогуз-Тороуский Центр общеврачебной практики имени Аманкана Жакишова;84;7;20;27;7;20;27;5;11;16;5;11;16
Джалал-Абадская обл.;4170300000000000;Тогуз-Тороуский р-н;41703223000000000;305721;ЦОВП ТОГУЗТОРОУСКИЙ;Тогуз-Тороуский Центр общеврачебной практики имени Аманкана Жакишова;85;6;12;18;5;12;17;14;8;22;14;8;22
Джалал-Абадская обл.;4170300000000000;Тогуз-Тороуский р-н;41703223000000000;305721;ЦОВП ТОГУЗТОРОУСКИЙ;Тогуз-Тороуский Центр общеврачебной практики имени Аманкана Жакишова;86;6;23;29;6;22;28;7;22;29;7;17;24
Джалал-Абадская обл.;4170300000000000;Тогуз-Тороуский р-н;41703223000000000;305721;ЦОВП ТОГУЗТОРОУСКИЙ;Тогуз-Тороуский Центр общеврачебной практики имени Аманкана Жакишова;87;3;13;16;3;13;16;0;7;7;0;7;7
Джалал-Абадская обл.;4170300000000000;Тогуз-Тороуский р-н;41703223000000000;305721;ЦОВП ТОГУЗТОРОУСКИЙ;Тогуз-Тороуский Центр общеврачебной практики имени Аманкана Жакишова;88;2;9;11;2;9;11;1;2;3;1;2;3
Джалал-Абадская обл.;4170300000000000;Тогуз-Тороуский р-н;41703223000000000;305721;ЦОВП ТОГУЗТОРОУСКИЙ;Тогуз-Тороуский Центр общеврачебной практики имени Аманкана Жакишова;89;4;4;8;4;4;8;5;2;7;5;2;7
Джалал-Абадская обл.;4170300000000000;Тогуз-Тороуский р-н;41703223000000000;305721;ЦОВП ТОГУЗТОРОУСКИЙ;Тогуз-Тороуский Центр общеврачебной практики имени Аманкана Жакишова;90;1;12;13;1;12;13;1;5;6;1;5;6
Джалал-Абадская обл.;4170300000000000;Тогуз-Тороуский р-н;41703223000000000;305721;ЦОВП ТОГУЗТОРОУСКИЙ;Тогуз-Тороуский Центр общеврачебной практики имени Аманкана Жакишова;91;3;7;10;3;7;10;1;0;1;1;0;1
Джалал-Абадская обл.;4170300000000000;Тогуз-Тороуский р-н;41703223000000000;305721;ЦОВП ТОГУЗТОРОУСКИЙ;Тогуз-Тороуский Центр общеврачебной практики имени Аманкана Жакишова;92;0;8;8;0;8;8;0;7;7;0;7;7
Джалал-Абадская обл.;4170300000000000;Тогуз-Тороуский р-н;41703223000000000;305721;ЦОВП ТОГУЗТОРОУСКИЙ;Тогуз-Тороуский Центр общеврачебной практики имени Аманкана Жакишова;93;0;5;5;0;3;3;0;8;8;0;6;6
Джалал-Абадская обл.;4170300000000000;Тогуз-Тороуский р-н;41703223000000000;305721;ЦОВП ТОГУЗТОРОУСКИЙ;Тогуз-Тороуский Центр общеврачебной практики имени Аманкана Жакишова;94;0;5;5;0;5;5;0;9;9;0;9;9
Джалал-Абадская обл.;4170300000000000;Тогуз-Тороуский р-н;41703223000000000;305721;ЦОВП ТОГУЗТОРОУСКИЙ;Тогуз-Тороуский Центр общеврачебной практики имени Аманкана Жакишова;96;0;3;3;0;3;3;0;1;1;0;1;1
Джалал-Абадская обл.;4170300000000000;Тогуз-Тороуский р-н;41703223000000000;305721;ЦОВП ТОГУЗТОРОУСКИЙ;Тогуз-Тороуский Центр общеврачебной практики имени Аманкана Жакишова;100;0;1;1;0;1;1;0;6;6;0;6;6
Джалал-Абадская обл.;4170300000000000;Токтогульский р-н;41703225000000000;341901;ЦОВП ТОКТОГУЛЬСКОГО РАЙОНА;Центр общеврачебной практики Токтогульского района Жалал-Абадской области;0;280;277;557;280;277;557;2447;2185;4632;2447;2185;4632
Джалал-Абадская обл.;4170300000000000;Токтогульский р-н;41703225000000000;341901;ЦОВП ТОКТОГУЛЬСКОГО РАЙОНА;Центр общеврачебной практики Токтогульского района Жалал-Абадской области;1;566;528;1094;566;528;1094;1493;1485;2978;1493;1485;2978
Джалал-Абадская обл.;4170300000000000;Токтогульский р-н;41703225000000000;341901;ЦОВП ТОКТОГУЛЬСКОГО РАЙОНА;Центр общеврачебной практики Токтогульского района Жалал-Абадской области;2;630;659;1289;630;659;1289;1350;1351;2701;1350;1351;2701
Джалал-Абадская обл.;4170300000000000;Токтогульский р-н;41703225000000000;341901;ЦОВП ТОКТОГУЛЬСКОГО РАЙОНА;Центр общеврачебной практики Токтогульского района Жалал-Абадской области;3;689;691;1380;689;691;1380;1137;971;2108;1137;971;2108
Джалал-Абадская обл.;4170300000000000;Токтогульский р-н;41703225000000000;341901;ЦОВП ТОКТОГУЛЬСКОГО РАЙОНА;Центр общеврачебной практики Токтогульского района Жалал-Абадской области;4;721;704;1425;721;704;1425;904;851;1755;904;851;1755
Джалал-Абадская обл.;4170300000000000;Токтогульский р-н;41703225000000000;341901;ЦОВП ТОКТОГУЛЬСКОГО РАЙОНА;Центр общеврачебной практики Токтогульского района Жалал-Абадской области;5;641;754;1395;641;754;1395;1053;1008;2061;1053;1008;2061
Джалал-Абадская обл.;4170300000000000;Токтогульский р-н;41703225000000000;341901;ЦОВП ТОКТОГУЛЬСКОГО РАЙОНА;Центр общеврачебной практики Токтогульского района Жалал-Абадской области;6;693;745;1438;693;745;1438;1399;1334;2733;1399;1334;2733
Джалал-Абадская обл.;4170300000000000;Токтогульский р-н;41703225000000000;341901;ЦОВП ТОКТОГУЛЬСКОГО РАЙОНА;Центр общеврачебной практики Токтогульского района Жалал-Абадской области;7;636;699;1335;636;699;1335;814;805;1619;814;805;1619
Джалал-Абадская обл.;4170300000000000;Токтогульский р-н;41703225000000000;341901;ЦОВП ТОКТОГУЛЬСКОГО РАЙОНА;Центр общеврачебной практики Токтогульского района Жалал-Абадской области;8;676;763;1439;676;763;1439;695;596;1291;695;596;1291
Джалал-Абадская обл.;4170300000000000;Токтогульский р-н;41703225000000000;341901;ЦОВП ТОКТОГУЛЬСКОГО РАЙОНА;Центр общеврачебной практики Токтогульского района Жалал-Абадской области;9;653;841;1494;653;841;1494;648;603;1251;648;603;1251
Джалал-Абадская обл.;4170300000000000;Токтогульский р-н;41703225000000000;341901;ЦОВП ТОКТОГУЛЬСКОГО РАЙОНА;Центр общеврачебной практики Токтогульского района Жалал-Абадской области;10;677;937;1614;677;937;1614;624;625;1249;624;625;1249
Джалал-Абадская обл.;4170300000000000;Токтогульский р-н;41703225000000000;341901;ЦОВП ТОКТОГУЛЬСКОГО РАЙОНА;Центр общеврачебной практики Токтогульского района Жалал-Абадской области;11;680;961;1641;680;961;1641;643;555;1198;643;555;1198
Джалал-Абадская обл.;4170300000000000;Токтогульский р-н;41703225000000000;341901;ЦОВП ТОКТОГУЛЬСКОГО РАЙОНА;Центр общеврачебной практики Токтогульского района Жалал-Абадской области;12;638;978;1616;638;978;1616;535;490;1025;535;490;1025
Джалал-Абадская обл.;4170300000000000;Токтогульский р-н;41703225000000000;341901;ЦОВП ТОКТОГУЛЬСКОГО РАЙОНА;Центр общеврачебной практики Токтогульского района Жалал-Абадской области;13;632;954;1586;632;954;1586;570;559;1129;570;559;1129
Джалал-Абадская обл.;4170300000000000;Токтогульский р-н;41703225000000000;341901;ЦОВП ТОКТОГУЛЬСКОГО РАЙОНА;Центр общеврачебной практики Токтогульского района Жалал-Абадской области;14;655;922;1577;655;922;1577;787;696;1483;787;696;1483
Джалал-Абадская обл.;4170300000000000;Токтогульский р-н;41703225000000000;341901;ЦОВП ТОКТОГУЛЬСКОГО РАЙОНА;Центр общеврачебной практики Токтогульского района Жалал-Абадской области;15;695;859;1554;695;859;1554;1427;981;2408;1427;981;2408
Джалал-Абадская обл.;4170300000000000;Токтогульский р-н;41703225000000000;341901;ЦОВП ТОКТОГУЛЬСКОГО РАЙОНА;Центр общеврачебной практики Токтогульского района Жалал-Абадской области;16;613;829;1442;613;829;1442;997;895;1892;991;889;1880
Джалал-Абадская обл.;4170300000000000;Токтогульский р-н;41703225000000000;341901;ЦОВП ТОКТОГУЛЬСКОГО РАЙОНА;Центр общеврачебной практики Токтогульского района Жалал-Абадской области;17;645;841;1486;619;823;1442;1017;827;1844;928;768;1696
Джалал-Абадская обл.;4170300000000000;Токтогульский р-н;41703225000000000;341901;ЦОВП ТОКТОГУЛЬСКОГО РАЙОНА;Центр общеврачебной практики Токтогульского района Жалал-Абадской области;18;592;798;1390;543;745;1288;1286;1017;2303;1088;760;1848
Джалал-Абадская обл.;4170300000000000;Токтогульский р-н;41703225000000000;341901;ЦОВП ТОКТОГУЛЬСКОГО РАЙОНА;Центр общеврачебной практики Токтогульского района Жалал-Абадской области;19;474;709;1183;228;464;692;690;826;1516;172;269;441
Джалал-Абадская обл.;4170300000000000;Токтогульский р-н;41703225000000000;341901;ЦОВП ТОКТОГУЛЬСКОГО РАЙОНА;Центр общеврачебной практики Токтогульского района Жалал-Абадской области;20;521;521;1042;47;156;203;429;634;1063;47;133;180
Джалал-Абадская обл.;4170300000000000;Токтогульский р-н;41703225000000000;341901;ЦОВП ТОКТОГУЛЬСКОГО РАЙОНА;Центр общеврачебной практики Токтогульского района Жалал-Абадской области;21;426;481;907;28;95;123;309;615;924;50;138;188
Джалал-Абадская обл.;4170300000000000;Токтогульский р-н;41703225000000000;341901;ЦОВП ТОКТОГУЛЬСКОГО РАЙОНА;Центр общеврачебной практики Токтогульского района Жалал-Абадской области;22;479;534;1013;23;61;84;343;780;1123;26;263;289
Джалал-Абадская обл.;4170300000000000;Токтогульский р-н;41703225000000000;341901;ЦОВП ТОКТОГУЛЬСКОГО РАЙОНА;Центр общеврачебной практики Токтогульского района Жалал-Абадской области;23;472;550;1022;35;67;102;305;737;1042;41;253;294
Джалал-Абадская обл.;4170300000000000;Токтогульский р-н;41703225000000000;341901;ЦОВП ТОКТОГУЛЬСКОГО РАЙОНА;Центр общеврачебной практики Токтогульского района Жалал-Абадской области;24;473;428;901;38;95;133;322;704;1026;68;306;374
Джалал-Абадская обл.;4170300000000000;Токтогульский р-н;41703225000000000;341901;ЦОВП ТОКТОГУЛЬСКОГО РАЙОНА;Центр общеврачебной практики Токтогульского района Жалал-Абадской области;25;432;441;873;66;110;176;261;830;1091;67;403;470
Джалал-Абадская обл.;4170300000000000;Токтогульский р-н;41703225000000000;341901;ЦОВП ТОКТОГУЛЬСКОГО РАЙОНА;Центр общеврачебной практики Токтогульского района Жалал-Абадской области;26;460;461;921;86;148;234;350;867;1217;111;516;627
Джалал-Абадская обл.;4170300000000000;Токтогульский р-н;41703225000000000;341901;ЦОВП ТОКТОГУЛЬСКОГО РАЙОНА;Центр общеврачебной практики Токтогульского района Жалал-Абадской области;27;421;439;860;89;161;250;264;836;1100;75;479;554
Джалал-Абадская обл.;4170300000000000;Токтогульский р-н;41703225000000000;341901;ЦОВП ТОКТОГУЛЬСКОГО РАЙОНА;Центр общеврачебной практики Токтогульского района Жалал-Абадской области;28;506;439;945;133;180;313;279;920;1199;92;564;656
Джалал-Абадская обл.;4170300000000000;Токтогульский р-н;41703225000000000;341901;ЦОВП ТОКТОГУЛЬСКОГО РАЙОНА;Центр общеврачебной практики Токтогульского района Жалал-Абадской области;29;456;483;939;135;203;338;301;873;1174;177;562;739
Джалал-Абадская обл.;4170300000000000;Токтогульский р-н;41703225000000000;341901;ЦОВП ТОКТОГУЛЬСКОГО РАЙОНА;Центр общеврачебной практики Токтогульского района Жалал-Абадской области;30;519;453;972;197;228;425;322;826;1148;179;548;727
Джалал-Абадская обл.;4170300000000000;Токтогульский р-н;41703225000000000;341901;ЦОВП ТОКТОГУЛЬСКОГО РАЙОНА;Центр общеврачебной практики Токтогульского района Жалал-Абадской области;31;462;459;921;204;233;437;321;978;1299;228;762;990
Джалал-Абадская обл.;4170300000000000;Токтогульский р-н;41703225000000000;341901;ЦОВП ТОКТОГУЛЬСКОГО РАЙОНА;Центр общеврачебной практики Токтогульского района Жалал-Абадской области;32;470;487;957;253;273;526;323;996;1319;216;777;993
Джалал-Абадская обл.;4170300000000000;Токтогульский р-н;41703225000000000;341901;ЦОВП ТОКТОГУЛЬСКОГО РАЙОНА;Центр общеврачебной практики Токтогульского района Жалал-Абадской области;33;524;454;978;265;249;514;338;823;1161;234;602;836
Джалал-Абадская обл.;4170300000000000;Токтогульский р-н;41703225000000000;341901;ЦОВП ТОКТОГУЛЬСКОГО РАЙОНА;Центр общеврачебной практики Токтогульского района Жалал-Абадской области;34;470;489;959;234;267;501;348;942;1290;225;703;928
Джалал-Абадская обл.;4170300000000000;Токтогульский р-н;41703225000000000;341901;ЦОВП ТОКТОГУЛЬСКОГО РАЙОНА;Центр общеврачебной практики Токтогульского района Жалал-Абадской области;35;486;455;941;253;296;549;418;877;1295;262;726;988
Джалал-Абадская обл.;4170300000000000;Токтогульский р-н;41703225000000000;341901;ЦОВП ТОКТОГУЛЬСКОГО РАЙОНА;Центр общеврачебной практики Токтогульского района Жалал-Абадской области;36;422;415;837;254;271;525;405;962;1367;250;796;1046
Джалал-Абадская обл.;4170300000000000;Токтогульский р-н;41703225000000000;341901;ЦОВП ТОКТОГУЛЬСКОГО РАЙОНА;Центр общеврачебной практики Токтогульского района Жалал-Абадской области;37;447;447;894;251;289;540;282;834;1116;198;660;858
Джалал-Абадская обл.;4170300000000000;Токтогульский р-н;41703225000000000;341901;ЦОВП ТОКТОГУЛЬСКОГО РАЙОНА;Центр общеврачебной практики Токтогульского района Жалал-Абадской области;38;429;382;811;244;260;504;368;741;1109;269;636;905
Джалал-Абадская обл.;4170300000000000;Токтогульский р-н;41703225000000000;341901;ЦОВП ТОКТОГУЛЬСКОГО РАЙОНА;Центр общеврачебной практики Токтогульского района Жалал-Абадской области;39;431;425;856;267;278;545;349;829;1178;221;649;870
Джалал-Абадская обл.;4170300000000000;Токтогульский р-н;41703225000000000;341901;ЦОВП ТОКТОГУЛЬСКОГО РАЙОНА;Центр общеврачебной практики Токтогульского района Жалал-Абадской области;40;421;389;810;220;254;474;330;630;960;205;501;706
Джалал-Абадская обл.;4170300000000000;Токтогульский р-н;41703225000000000;341901;ЦОВП ТОКТОГУЛЬСКОГО РАЙОНА;Центр общеврачебной практики Токтогульского района Жалал-Абадской области;41;411;406;817;214;272;486;365;764;1129;242;647;889
Джалал-Абадская обл.;4170300000000000;Токтогульский р-н;41703225000000000;341901;ЦОВП ТОКТОГУЛЬСКОГО РАЙОНА;Центр общеврачебной практики Токтогульского района Жалал-Абадской области;42;383;349;732;202;229;431;391;709;1100;282;584;866
Джалал-Абадская обл.;4170300000000000;Токтогульский р-н;41703225000000000;341901;ЦОВП ТОКТОГУЛЬСКОГО РАЙОНА;Центр общеврачебной практики Токтогульского района Жалал-Абадской области;43;378;383;761;202;265;467;308;657;965;188;503;691
Джалал-Абадская обл.;4170300000000000;Токтогульский р-н;41703225000000000;341901;ЦОВП ТОКТОГУЛЬСКОГО РАЙОНА;Центр общеврачебной практики Токтогульского района Жалал-Абадской области;44;293;352;645;172;225;397;347;556;903;226;418;644
Джалал-Абадская обл.;4170300000000000;Токтогульский р-н;41703225000000000;341901;ЦОВП ТОКТОГУЛЬСКОГО РАЙОНА;Центр общеврачебной практики Токтогульского района Жалал-Абадской области;45;386;344;730;208;205;413;363;578;941;184;447;631
Джалал-Абадская обл.;4170300000000000;Токтогульский р-н;41703225000000000;341901;ЦОВП ТОКТОГУЛЬСКОГО РАЙОНА;Центр общеврачебной практики Токтогульского района Жалал-Абадской области;46;368;316;684;203;193;396;395;576;971;279;425;704
Джалал-Абадская обл.;4170300000000000;Токтогульский р-н;41703225000000000;341901;ЦОВП ТОКТОГУЛЬСКОГО РАЙОНА;Центр общеврачебной практики Токтогульского района Жалал-Абадской области;47;357;349;706;208;224;432;364;655;1019;263;503;766
Джалал-Абадская обл.;4170300000000000;Токтогульский р-н;41703225000000000;341901;ЦОВП ТОКТОГУЛЬСКОГО РАЙОНА;Центр общеврачебной практики Токтогульского района Жалал-Абадской области;48;341;349;690;182;208;390;297;550;847;208;402;610
Джалал-Абадская обл.;4170300000000000;Токтогульский р-н;41703225000000000;341901;ЦОВП ТОКТОГУЛЬСКОГО РАЙОНА;Центр общеврачебной практики Токтогульского района Жалал-Абадской области;49;325;311;636;176;199;375;315;562;877;174;438;612
Джалал-Абадская обл.;4170300000000000;Токтогульский р-н;41703225000000000;341901;ЦОВП ТОКТОГУЛЬСКОГО РАЙОНА;Центр общеврачебной практики Токтогульского района Жалал-Абадской области;50;300;277;577;177;173;350;343;555;898;220;460;680
Джалал-Абадская обл.;4170300000000000;Токтогульский р-н;41703225000000000;341901;ЦОВП ТОКТОГУЛЬСКОГО РАЙОНА;Центр общеврачебной практики Токтогульского района Жалал-Абадской области;51;290;286;576;175;193;368;353;572;925;219;458;677
Джалал-Абадская обл.;4170300000000000;Токтогульский р-н;41703225000000000;341901;ЦОВП ТОКТОГУЛЬСКОГО РАЙОНА;Центр общеврачебной практики Токтогульского района Жалал-Абадской области;52;262;283;545;169;176;345;229;568;797;167;459;626
Джалал-Абадская обл.;4170300000000000;Токтогульский р-н;41703225000000000;341901;ЦОВП ТОКТОГУЛЬСКОГО РАЙОНА;Центр общеврачебной практики Токтогульского района Жалал-Абадской области;53;293;262;555;177;187;364;298;602;900;220;470;690
Джалал-Абадская обл.;4170300000000000;Токтогульский р-н;41703225000000000;341901;ЦОВП ТОКТОГУЛЬСКОГО РАЙОНА;Центр общеврачебной практики Токтогульского района Жалал-Абадской области;54;229;270;499;148;195;343;276;632;908;232;518;750
Джалал-Абадская обл.;4170300000000000;Токтогульский р-н;41703225000000000;341901;ЦОВП ТОКТОГУЛЬСКОГО РАЙОНА;Центр общеврачебной практики Токтогульского района Жалал-Абадской области;55;218;277;495;141;176;317;294;633;927;219;516;735
Джалал-Абадская обл.;4170300000000000;Токтогульский р-н;41703225000000000;341901;ЦОВП ТОКТОГУЛЬСКОГО РАЙОНА;Центр общеврачебной практики Токтогульского района Жалал-Абадской области;56;239;279;518;146;194;340;299;657;956;209;566;775
Джалал-Абадская обл.;4170300000000000;Токтогульский р-н;41703225000000000;341901;ЦОВП ТОКТОГУЛЬСКОГО РАЙОНА;Центр общеврачебной практики Токтогульского района Жалал-Абадской области;57;221;265;486;158;188;346;320;633;953;249;542;791
Джалал-Абадская обл.;4170300000000000;Токтогульский р-н;41703225000000000;341901;ЦОВП ТОКТОГУЛЬСКОГО РАЙОНА;Центр общеврачебной практики Токтогульского района Жалал-Абадской области;58;233;286;519;150;218;368;256;565;821;211;506;717
Джалал-Абадская обл.;4170300000000000;Токтогульский р-н;41703225000000000;341901;ЦОВП ТОКТОГУЛЬСКОГО РАЙОНА;Центр общеврачебной практики Токтогульского района Жалал-Абадской области;59;223;275;498;153;224;377;347;631;978;278;602;880
Джалал-Абадская обл.;4170300000000000;Токтогульский р-н;41703225000000000;341901;ЦОВП ТОКТОГУЛЬСКОГО РАЙОНА;Центр общеврачебной практики Токтогульского района Жалал-Абадской области;60;195;261;456;129;226;355;310;671;981;258;635;893
Джалал-Абадская обл.;4170300000000000;Токтогульский р-н;41703225000000000;341901;ЦОВП ТОКТОГУЛЬСКОГО РАЙОНА;Центр общеврачебной практики Токтогульского района Жалал-Абадской области;61;203;269;472;150;237;387;350;588;938;301;552;853
Джалал-Абадская обл.;4170300000000000;Токтогульский р-н;41703225000000000;341901;ЦОВП ТОКТОГУЛЬСКОГО РАЙОНА;Центр общеврачебной практики Токтогульского района Жалал-Абадской области;62;190;262;452;143;235;378;362;597;959;306;572;878
Джалал-Абадская обл.;4170300000000000;Токтогульский р-н;41703225000000000;341901;ЦОВП ТОКТОГУЛЬСКОГО РАЙОНА;Центр общеврачебной практики Токтогульского района Жалал-Абадской области;63;188;265;453;152;241;393;308;679;987;292;650;942
Джалал-Абадская обл.;4170300000000000;Токтогульский р-н;41703225000000000;341901;ЦОВП ТОКТОГУЛЬСКОГО РАЙОНА;Центр общеврачебной практики Токтогульского района Жалал-Абадской области;64;204;280;484;184;263;447;318;606;924;304;594;898
Джалал-Абадская обл.;4170300000000000;Токтогульский р-н;41703225000000000;341901;ЦОВП ТОКТОГУЛЬСКОГО РАЙОНА;Центр общеврачебной практики Токтогульского района Жалал-Абадской области;65;177;260;437;162;252;414;256;630;886;233;620;853
Джалал-Абадская обл.;4170300000000000;Токтогульский р-н;41703225000000000;341901;ЦОВП ТОКТОГУЛЬСКОГО РАЙОНА;Центр общеврачебной практики Токтогульского района Жалал-Абадской области;66;165;269;434;154;261;415;242;690;932;239;688;927
Джалал-Абадская обл.;4170300000000000;Токтогульский р-н;41703225000000000;341901;ЦОВП ТОКТОГУЛЬСКОГО РАЙОНА;Центр общеврачебной практики Токтогульского района Жалал-Абадской области;67;150;245;395;134;243;377;217;528;745;200;524;724
Джалал-Абадская обл.;4170300000000000;Токтогульский р-н;41703225000000000;341901;ЦОВП ТОКТОГУЛЬСКОГО РАЙОНА;Центр общеврачебной практики Токтогульского района Жалал-Абадской области;68;136;210;346;130;208;338;261;341;602;241;331;572
Джалал-Абадская обл.;4170300000000000;Токтогульский р-н;41703225000000000;341901;ЦОВП ТОКТОГУЛЬСКОГО РАЙОНА;Центр общеврачебной практики Токтогульского района Жалал-Абадской области;69;123;208;331;120;206;326;197;388;585;190;384;574
Джалал-Абадская обл.;4170300000000000;Токтогульский р-н;41703225000000000;341901;ЦОВП ТОКТОГУЛЬСКОГО РАЙОНА;Центр общеврачебной практики Токтогульского района Жалал-Абадской области;70;123;172;295;118;169;287;214;323;537;213;322;535
Джалал-Абадская обл.;4170300000000000;Токтогульский р-н;41703225000000000;341901;ЦОВП ТОКТОГУЛЬСКОГО РАЙОНА;Центр общеврачебной практики Токтогульского района Жалал-Абадской области;71;98;192;290;96;191;287;142;393;535;138;391;529
Джалал-Абадская обл.;4170300000000000;Токтогульский р-н;41703225000000000;341901;ЦОВП ТОКТОГУЛЬСКОГО РАЙОНА;Центр общеврачебной практики Токтогульского района Жалал-Абадской области;72;103;145;248;103;143;246;148;303;451;146;298;444
Джалал-Абадская обл.;4170300000000000;Токтогульский р-н;41703225000000000;341901;ЦОВП ТОКТОГУЛЬСКОГО РАЙОНА;Центр общеврачебной практики Токтогульского района Жалал-Абадской области;73;91;136;227;88;134;222;123;237;360;119;223;342
Джалал-Абадская обл.;4170300000000000;Токтогульский р-н;41703225000000000;341901;ЦОВП ТОКТОГУЛЬСКОГО РАЙОНА;Центр общеврачебной практики Токтогульского района Жалал-Абадской области;74;65;110;175;65;109;174;118;220;338;113;216;329
Джалал-Абадская обл.;4170300000000000;Токтогульский р-н;41703225000000000;341901;ЦОВП ТОКТОГУЛЬСКОГО РАЙОНА;Центр общеврачебной практики Токтогульского района Жалал-Абадской области;75;58;109;167;56;109;165;107;192;299;97;192;289
Джалал-Абадская обл.;4170300000000000;Токтогульский р-н;41703225000000000;341901;ЦОВП ТОКТОГУЛЬСКОГО РАЙОНА;Центр общеврачебной практики Токтогульского района Жалал-Абадской области;76;57;99;156;57;98;155;73;155;228;72;154;226
Джалал-Абадская обл.;4170300000000000;Токтогульский р-н;41703225000000000;341901;ЦОВП ТОКТОГУЛЬСКОГО РАЙОНА;Центр общеврачебной практики Токтогульского района Жалал-Абадской области;77;51;116;167;51;115;166;56;147;203;56;140;196
Джалал-Абадская обл.;4170300000000000;Токтогульский р-н;41703225000000000;341901;ЦОВП ТОКТОГУЛЬСКОГО РАЙОНА;Центр общеврачебной практики Токтогульского района Жалал-Абадской области;78;19;50;69;19;49;68;29;40;69;29;39;68
Джалал-Абадская обл.;4170300000000000;Токтогульский р-н;41703225000000000;341901;ЦОВП ТОКТОГУЛЬСКОГО РАЙОНА;Центр общеврачебной практики Токтогульского района Жалал-Абадской области;79;14;24;38;14;24;38;11;22;33;11;22;33
Джалал-Абадская обл.;4170300000000000;Токтогульский р-н;41703225000000000;341901;ЦОВП ТОКТОГУЛЬСКОГО РАЙОНА;Центр общеврачебной практики Токтогульского района Жалал-Абадской области;80;11;35;46;10;34;44;9;14;23;8;14;22
Джалал-Абадская обл.;4170300000000000;Токтогульский р-н;41703225000000000;341901;ЦОВП ТОКТОГУЛЬСКОГО РАЙОНА;Центр общеврачебной практики Токтогульского района Жалал-Абадской области;81;11;25;36;11;24;35;10;30;40;10;22;32
Джалал-Абадская обл.;4170300000000000;Токтогульский р-н;41703225000000000;341901;ЦОВП ТОКТОГУЛЬСКОГО РАЙОНА;Центр общеврачебной практики Токтогульского района Жалал-Абадской области;82;34;43;77;34;43;77;22;38;60;21;37;58
Джалал-Абадская обл.;4170300000000000;Токтогульский р-н;41703225000000000;341901;ЦОВП ТОКТОГУЛЬСКОГО РАЙОНА;Центр общеврачебной практики Токтогульского района Жалал-Абадской области;83;22;49;71;22;49;71;19;38;57;18;37;55
Джалал-Абадская обл.;4170300000000000;Токтогульский р-н;41703225000000000;341901;ЦОВП ТОКТОГУЛЬСКОГО РАЙОНА;Центр общеврачебной практики Токтогульского района Жалал-Абадской области;84;24;94;118;24;93;117;21;24;45;19;19;38
Джалал-Абадская обл.;4170300000000000;Токтогульский р-н;41703225000000000;341901;ЦОВП ТОКТОГУЛЬСКОГО РАЙОНА;Центр общеврачебной практики Токтогульского района Жалал-Абадской области;85;16;74;90;14;74;88;21;40;61;21;40;61
Джалал-Абадская обл.;4170300000000000;Токтогульский р-н;41703225000000000;341901;ЦОВП ТОКТОГУЛЬСКОГО РАЙОНА;Центр общеврачебной практики Токтогульского района Жалал-Абадской области;86;14;77;91;14;77;91;9;38;47;9;38;47
Джалал-Абадская обл.;4170300000000000;Токтогульский р-н;41703225000000000;341901;ЦОВП ТОКТОГУЛЬСКОГО РАЙОНА;Центр общеврачебной практики Токтогульского района Жалал-Абадской области;87;16;67;83;16;67;83;21;39;60;21;39;60
Джалал-Абадская обл.;4170300000000000;Токтогульский р-н;41703225000000000;341901;ЦОВП ТОКТОГУЛЬСКОГО РАЙОНА;Центр общеврачебной практики Токтогульского района Жалал-Абадской области;88;16;68;84;16;67;83;22;29;51;22;27;49
Джалал-Абадская обл.;4170300000000000;Токтогульский р-н;41703225000000000;341901;ЦОВП ТОКТОГУЛЬСКОГО РАЙОНА;Центр общеврачебной практики Токтогульского района Жалал-Абадской области;89;11;61;72;11;60;71;24;24;48;23;24;47
Джалал-Абадская обл.;4170300000000000;Токтогульский р-н;41703225000000000;341901;ЦОВП ТОКТОГУЛЬСКОГО РАЙОНА;Центр общеврачебной практики Токтогульского района Жалал-Абадской области;90;10;49;59;10;49;59;1;19;20;1;19;20
Джалал-Абадская обл.;4170300000000000;Токтогульский р-н;41703225000000000;341901;ЦОВП ТОКТОГУЛЬСКОГО РАЙОНА;Центр общеврачебной практики Токтогульского района Жалал-Абадской области;91;4;40;44;4;40;44;0;6;6;0;6;6
Джалал-Абадская обл.;4170300000000000;Токтогульский р-н;41703225000000000;341901;ЦОВП ТОКТОГУЛЬСКОГО РАЙОНА;Центр общеврачебной практики Токтогульского района Жалал-Абадской области;92;6;47;53;6;47;53;4;1;5;4;1;5
Джалал-Абадская обл.;4170300000000000;Токтогульский р-н;41703225000000000;341901;ЦОВП ТОКТОГУЛЬСКОГО РАЙОНА;Центр общеврачебной практики Токтогульского района Жалал-Абадской области;93;5;22;27;5;21;26;3;3;6;3;3;6
Джалал-Абадская обл.;4170300000000000;Токтогульский р-н;41703225000000000;341901;ЦОВП ТОКТОГУЛЬСКОГО РАЙОНА;Центр общеврачебной практики Токтогульского района Жалал-Абадской области;94;4;57;61;4;57;61;1;8;9;1;8;9
Джалал-Абадская обл.;4170300000000000;Токтогульский р-н;41703225000000000;341901;ЦОВП ТОКТОГУЛЬСКОГО РАЙОНА;Центр общеврачебной практики Токтогульского района Жалал-Абадской области;96;4;49;53;4;49;53;3;5;8;3;5;8
Джалал-Абадская обл.;4170300000000000;Токтогульский р-н;41703225000000000;341901;ЦОВП ТОКТОГУЛЬСКОГО РАЙОНА;Центр общеврачебной практики Токтогульского района Жалал-Абадской области;97;2;17;19;2;17;19;0;4;4;0;4;4
Джалал-Абадская обл.;4170300000000000;Токтогульский р-н;41703225000000000;341901;ЦОВП ТОКТОГУЛЬСКОГО РАЙОНА;Центр общеврачебной практики Токтогульского района Жалал-Абадской области;98;3;18;21;3;18;21;0;1;1;0;1;1
Джалал-Абадская обл.;4170300000000000;Токтогульский р-н;41703225000000000;341901;ЦОВП ТОКТОГУЛЬСКОГО РАЙОНА;Центр общеврачебной практики Токтогульского района Жалал-Абадской области;99;0;8;8;0;7;7;0;1;1;0;0;0
Джалал-Абадская обл.;4170300000000000;Токтогульский р-н;41703225000000000;341901;ЦОВП ТОКТОГУЛЬСКОГО РАЙОНА;Центр общеврачебной практики Токтогульского района Жалал-Абадской области;103;0;6;6;0;5;5;0;1;1;0;1;1
Иссык-Кульская обл.;4170200000000000;Тонский р-н;41702220000000000;241451;ЦОВП ТОНСКОГО РАЙОНА;ЦЕНТР ОБЩЕВРАЧЕБНОЙ ПРАКТИКИ ТОНСКОГО РАЙОНА;0;263;255;518;263;255;518;1905;1643;3548;1905;1643;3548
Иссык-Кульская обл.;4170200000000000;Тонский р-н;41702220000000000;241451;ЦОВП ТОНСКОГО РАЙОНА;ЦЕНТР ОБЩЕВРАЧЕБНОЙ ПРАКТИКИ ТОНСКОГО РАЙОНА;1;431;359;790;431;359;790;832;635;1467;832;635;1467
Иссык-Кульская обл.;4170200000000000;Тонский р-н;41702220000000000;241451;ЦОВП ТОНСКОГО РАЙОНА;ЦЕНТР ОБЩЕВРАЧЕБНОЙ ПРАКТИКИ ТОНСКОГО РАЙОНА;2;460;412;872;460;412;872;703;650;1353;703;650;1353
Иссык-Кульская обл.;4170200000000000;Тонский р-н;41702220000000000;241451;ЦОВП ТОНСКОГО РАЙОНА;ЦЕНТР ОБЩЕВРАЧЕБНОЙ ПРАКТИКИ ТОНСКОГО РАЙОНА;3;480;475;955;480;475;955;507;548;1055;507;548;1055
Иссык-Кульская обл.;4170200000000000;Тонский р-н;41702220000000000;241451;ЦОВП ТОНСКОГО РАЙОНА;ЦЕНТР ОБЩЕВРАЧЕБНОЙ ПРАКТИКИ ТОНСКОГО РАЙОНА;4;555;493;1048;555;493;1048;583;475;1058;583;475;1058
Иссык-Кульская обл.;4170200000000000;Тонский р-н;41702220000000000;241451;ЦОВП ТОНСКОГО РАЙОНА;ЦЕНТР ОБЩЕВРАЧЕБНОЙ ПРАКТИКИ ТОНСКОГО РАЙОНА;5;535;523;1058;535;523;1058;676;607;1283;676;607;1283
Иссык-Кульская обл.;4170200000000000;Тонский р-н;41702220000000000;241451;ЦОВП ТОНСКОГО РАЙОНА;ЦЕНТР ОБЩЕВРАЧЕБНОЙ ПРАКТИКИ ТОНСКОГО РАЙОНА;6;544;623;1167;544;623;1167;642;625;1267;642;625;1267
Иссык-Кульская обл.;4170200000000000;Тонский р-н;41702220000000000;241451;ЦОВП ТОНСКОГО РАЙОНА;ЦЕНТР ОБЩЕВРАЧЕБНОЙ ПРАКТИКИ ТОНСКОГО РАЙОНА;7;554;580;1134;554;580;1134;480;396;876;480;396;876
Иссык-Кульская обл.;4170200000000000;Тонский р-н;41702220000000000;241451;ЦОВП ТОНСКОГО РАЙОНА;ЦЕНТР ОБЩЕВРАЧЕБНОЙ ПРАКТИКИ ТОНСКОГО РАЙОНА;8;587;657;1244;587;657;1244;494;549;1043;494;549;1043
Иссык-Кульская обл.;4170200000000000;Тонский р-н;41702220000000000;241451;ЦОВП ТОНСКОГО РАЙОНА;ЦЕНТР ОБЩЕВРАЧЕБНОЙ ПРАКТИКИ ТОНСКОГО РАЙОНА;9;571;697;1268;571;697;1268;339;383;722;339;383;722
Иссык-Кульская обл.;4170200000000000;Тонский р-н;41702220000000000;241451;ЦОВП ТОНСКОГО РАЙОНА;ЦЕНТР ОБЩЕВРАЧЕБНОЙ ПРАКТИКИ ТОНСКОГО РАЙОНА;10;529;697;1226;529;697;1226;377;330;707;377;330;707
Иссык-Кульская обл.;4170200000000000;Тонский р-н;41702220000000000;241451;ЦОВП ТОНСКОГО РАЙОНА;ЦЕНТР ОБЩЕВРАЧЕБНОЙ ПРАКТИКИ ТОНСКОГО РАЙОНА;11;550;613;1163;550;613;1163;469;402;871;469;402;871
Иссык-Кульская обл.;4170200000000000;Тонский р-н;41702220000000000;241451;ЦОВП ТОНСКОГО РАЙОНА;ЦЕНТР ОБЩЕВРАЧЕБНОЙ ПРАКТИКИ ТОНСКОГО РАЙОНА;12;554;630;1184;554;630;1184;321;284;605;321;284;605
Иссык-Кульская обл.;4170200000000000;Тонский р-н;41702220000000000;241451;ЦОВП ТОНСКОГО РАЙОНА;ЦЕНТР ОБЩЕВРАЧЕБНОЙ ПРАКТИКИ ТОНСКОГО РАЙОНА;13;524;629;1153;524;629;1153;330;277;607;330;277;607
Иссык-Кульская обл.;4170200000000000;Тонский р-н;41702220000000000;241451;ЦОВП ТОНСКОГО РАЙОНА;ЦЕНТР ОБЩЕВРАЧЕБНОЙ ПРАКТИКИ ТОНСКОГО РАЙОНА;14;505;543;1048;505;543;1048;457;367;824;457;367;824
Иссык-Кульская обл.;4170200000000000;Тонский р-н;41702220000000000;241451;ЦОВП ТОНСКОГО РАЙОНА;ЦЕНТР ОБЩЕВРАЧЕБНОЙ ПРАКТИКИ ТОНСКОГО РАЙОНА;15;491;609;1100;491;609;1100;802;356;1158;802;356;1158
Иссык-Кульская обл.;4170200000000000;Тонский р-н;41702220000000000;241451;ЦОВП ТОНСКОГО РАЙОНА;ЦЕНТР ОБЩЕВРАЧЕБНОЙ ПРАКТИКИ ТОНСКОГО РАЙОНА;16;515;579;1094;515;579;1094;474;457;931;466;446;912
Иссык-Кульская обл.;4170200000000000;Тонский р-н;41702220000000000;241451;ЦОВП ТОНСКОГО РАЙОНА;ЦЕНТР ОБЩЕВРАЧЕБНОЙ ПРАКТИКИ ТОНСКОГО РАЙОНА;17;471;513;984;434;482;916;467;569;1036;404;489;893
Иссык-Кульская обл.;4170200000000000;Тонский р-н;41702220000000000;241451;ЦОВП ТОНСКОГО РАЙОНА;ЦЕНТР ОБЩЕВРАЧЕБНОЙ ПРАКТИКИ ТОНСКОГО РАЙОНА;18;413;503;916;371;472;843;818;764;1582;672;600;1272
Иссык-Кульская обл.;4170200000000000;Тонский р-н;41702220000000000;241451;ЦОВП ТОНСКОГО РАЙОНА;ЦЕНТР ОБЩЕВРАЧЕБНОЙ ПРАКТИКИ ТОНСКОГО РАЙОНА;19;387;532;919;246;417;663;410;607;1017;198;313;511
Иссык-Кульская обл.;4170200000000000;Тонский р-н;41702220000000000;241451;ЦОВП ТОНСКОГО РАЙОНА;ЦЕНТР ОБЩЕВРАЧЕБНОЙ ПРАКТИКИ ТОНСКОГО РАЙОНА;20;403;554;957;212;397;609;355;599;954;172;218;390
Иссык-Кульская обл.;4170200000000000;Тонский р-н;41702220000000000;241451;ЦОВП ТОНСКОГО РАЙОНА;ЦЕНТР ОБЩЕВРАЧЕБНОЙ ПРАКТИКИ ТОНСКОГО РАЙОНА;21;397;510;907;151;236;387;271;395;666;106;199;305
Иссык-Кульская обл.;4170200000000000;Тонский р-н;41702220000000000;241451;ЦОВП ТОНСКОГО РАЙОНА;ЦЕНТР ОБЩЕВРАЧЕБНОЙ ПРАКТИКИ ТОНСКОГО РАЙОНА;22;348;468;816;188;364;552;296;316;612;87;149;236
Иссык-Кульская обл.;4170200000000000;Тонский р-н;41702220000000000;241451;ЦОВП ТОНСКОГО РАЙОНА;ЦЕНТР ОБЩЕВРАЧЕБНОЙ ПРАКТИКИ ТОНСКОГО РАЙОНА;23;323;462;785;55;298;353;179;381;560;32;154;186
Иссык-Кульская обл.;4170200000000000;Тонский р-н;41702220000000000;241451;ЦОВП ТОНСКОГО РАЙОНА;ЦЕНТР ОБЩЕВРАЧЕБНОЙ ПРАКТИКИ ТОНСКОГО РАЙОНА;24;310;542;852;62;257;319;135;360;495;27;180;207
Иссык-Кульская обл.;4170200000000000;Тонский р-н;41702220000000000;241451;ЦОВП ТОНСКОГО РАЙОНА;ЦЕНТР ОБЩЕВРАЧЕБНОЙ ПРАКТИКИ ТОНСКОГО РАЙОНА;25;342;523;865;78;109;187;209;369;578;53;188;241
Иссык-Кульская обл.;4170200000000000;Тонский р-н;41702220000000000;241451;ЦОВП ТОНСКОГО РАЙОНА;ЦЕНТР ОБЩЕВРАЧЕБНОЙ ПРАКТИКИ ТОНСКОГО РАЙОНА;26;376;507;883;90;144;234;241;444;685;89;316;405
Иссык-Кульская обл.;4170200000000000;Тонский р-н;41702220000000000;241451;ЦОВП ТОНСКОГО РАЙОНА;ЦЕНТР ОБЩЕВРАЧЕБНОЙ ПРАКТИКИ ТОНСКОГО РАЙОНА;27;336;451;787;91;123;214;210;292;502;61;186;247
Иссык-Кульская обл.;4170200000000000;Тонский р-н;41702220000000000;241451;ЦОВП ТОНСКОГО РАЙОНА;ЦЕНТР ОБЩЕВРАЧЕБНОЙ ПРАКТИКИ ТОНСКОГО РАЙОНА;28;340;464;804;114;165;279;201;385;586;90;273;363
Иссык-Кульская обл.;4170200000000000;Тонский р-н;41702220000000000;241451;ЦОВП ТОНСКОГО РАЙОНА;ЦЕНТР ОБЩЕВРАЧЕБНОЙ ПРАКТИКИ ТОНСКОГО РАЙОНА;29;370;454;824;159;168;327;232;408;640;110;274;384
Иссык-Кульская обл.;4170200000000000;Тонский р-н;41702220000000000;241451;ЦОВП ТОНСКОГО РАЙОНА;ЦЕНТР ОБЩЕВРАЧЕБНОЙ ПРАКТИКИ ТОНСКОГО РАЙОНА;30;338;431;769;187;177;364;290;478;768;189;275;464
Иссык-Кульская обл.;4170200000000000;Тонский р-н;41702220000000000;241451;ЦОВП ТОНСКОГО РАЙОНА;ЦЕНТР ОБЩЕВРАЧЕБНОЙ ПРАКТИКИ ТОНСКОГО РАЙОНА;31;367;440;807;220;182;402;265;429;694;188;321;509
Иссык-Кульская обл.;4170200000000000;Тонский р-н;41702220000000000;241451;ЦОВП ТОНСКОГО РАЙОНА;ЦЕНТР ОБЩЕВРАЧЕБНОЙ ПРАКТИКИ ТОНСКОГО РАЙОНА;32;376;438;814;239;193;432;223;476;699;151;372;523
Иссык-Кульская обл.;4170200000000000;Тонский р-н;41702220000000000;241451;ЦОВП ТОНСКОГО РАЙОНА;ЦЕНТР ОБЩЕВРАЧЕБНОЙ ПРАКТИКИ ТОНСКОГО РАЙОНА;33;338;395;733;223;185;408;179;468;647;140;347;487
Иссык-Кульская обл.;4170200000000000;Тонский р-н;41702220000000000;241451;ЦОВП ТОНСКОГО РАЙОНА;ЦЕНТР ОБЩЕВРАЧЕБНОЙ ПРАКТИКИ ТОНСКОГО РАЙОНА;34;362;386;748;223;191;414;255;351;606;167;295;462
Иссык-Кульская обл.;4170200000000000;Тонский р-н;41702220000000000;241451;ЦОВП ТОНСКОГО РАЙОНА;ЦЕНТР ОБЩЕВРАЧЕБНОЙ ПРАКТИКИ ТОНСКОГО РАЙОНА;35;379;339;718;263;219;482;307;416;723;245;355;600
Иссык-Кульская обл.;4170200000000000;Тонский р-н;41702220000000000;241451;ЦОВП ТОНСКОГО РАЙОНА;ЦЕНТР ОБЩЕВРАЧЕБНОЙ ПРАКТИКИ ТОНСКОГО РАЙОНА;36;383;303;686;276;204;480;271;415;686;218;337;555
Иссык-Кульская обл.;4170200000000000;Тонский р-н;41702220000000000;241451;ЦОВП ТОНСКОГО РАЙОНА;ЦЕНТР ОБЩЕВРАЧЕБНОЙ ПРАКТИКИ ТОНСКОГО РАЙОНА;37;377;324;701;247;222;469;271;371;642;199;294;493
Иссык-Кульская обл.;4170200000000000;Тонский р-н;41702220000000000;241451;ЦОВП ТОНСКОГО РАЙОНА;ЦЕНТР ОБЩЕВРАЧЕБНОЙ ПРАКТИКИ ТОНСКОГО РАЙОНА;38;397;324;721;297;207;504;246;317;563;203;241;444
Иссык-Кульская обл.;4170200000000000;Тонский р-н;41702220000000000;241451;ЦОВП ТОНСКОГО РАЙОНА;ЦЕНТР ОБЩЕВРАЧЕБНОЙ ПРАКТИКИ ТОНСКОГО РАЙОНА;39;310;277;587;212;184;396;222;320;542;154;273;427
Иссык-Кульская обл.;4170200000000000;Тонский р-н;41702220000000000;241451;ЦОВП ТОНСКОГО РАЙОНА;ЦЕНТР ОБЩЕВРАЧЕБНОЙ ПРАКТИКИ ТОНСКОГО РАЙОНА;40;308;297;605;208;203;411;223;355;578;159;264;423
Иссык-Кульская обл.;4170200000000000;Тонский р-н;41702220000000000;241451;ЦОВП ТОНСКОГО РАЙОНА;ЦЕНТР ОБЩЕВРАЧЕБНОЙ ПРАКТИКИ ТОНСКОГО РАЙОНА;41;279;250;529;211;161;372;185;256;441;142;212;354
Иссык-Кульская обл.;4170200000000000;Тонский р-н;41702220000000000;241451;ЦОВП ТОНСКОГО РАЙОНА;ЦЕНТР ОБЩЕВРАЧЕБНОЙ ПРАКТИКИ ТОНСКОГО РАЙОНА;42;249;283;532;174;178;352;179;268;447;138;213;351
Иссык-Кульская обл.;4170200000000000;Тонский р-н;41702220000000000;241451;ЦОВП ТОНСКОГО РАЙОНА;ЦЕНТР ОБЩЕВРАЧЕБНОЙ ПРАКТИКИ ТОНСКОГО РАЙОНА;43;246;277;523;171;194;365;172;304;476;129;252;381
Иссык-Кульская обл.;4170200000000000;Тонский р-н;41702220000000000;241451;ЦОВП ТОНСКОГО РАЙОНА;ЦЕНТР ОБЩЕВРАЧЕБНОЙ ПРАКТИКИ ТОНСКОГО РАЙОНА;44;271;270;541;192;180;372;172;274;446;129;216;345
Иссык-Кульская обл.;4170200000000000;Тонский р-н;41702220000000000;241451;ЦОВП ТОНСКОГО РАЙОНА;ЦЕНТР ОБЩЕВРАЧЕБНОЙ ПРАКТИКИ ТОНСКОГО РАЙОНА;45;278;267;545;175;173;348;194;275;469;147;219;366
Иссык-Кульская обл.;4170200000000000;Тонский р-н;41702220000000000;241451;ЦОВП ТОНСКОГО РАЙОНА;ЦЕНТР ОБЩЕВРАЧЕБНОЙ ПРАКТИКИ ТОНСКОГО РАЙОНА;46;260;244;504;188;145;333;185;237;422;141;147;288
Иссык-Кульская обл.;4170200000000000;Тонский р-н;41702220000000000;241451;ЦОВП ТОНСКОГО РАЙОНА;ЦЕНТР ОБЩЕВРАЧЕБНОЙ ПРАКТИКИ ТОНСКОГО РАЙОНА;47;245;259;504;167;160;327;167;277;444;122;192;314
Иссык-Кульская обл.;4170200000000000;Тонский р-н;41702220000000000;241451;ЦОВП ТОНСКОГО РАЙОНА;ЦЕНТР ОБЩЕВРАЧЕБНОЙ ПРАКТИКИ ТОНСКОГО РАЙОНА;48;256;276;532;157;167;324;187;279;466;129;226;355
Иссык-Кульская обл.;4170200000000000;Тонский р-н;41702220000000000;241451;ЦОВП ТОНСКОГО РАЙОНА;ЦЕНТР ОБЩЕВРАЧЕБНОЙ ПРАКТИКИ ТОНСКОГО РАЙОНА;49;218;243;461;138;155;293;166;243;409;119;188;307
Иссык-Кульская обл.;4170200000000000;Тонский р-н;41702220000000000;241451;ЦОВП ТОНСКОГО РАЙОНА;ЦЕНТР ОБЩЕВРАЧЕБНОЙ ПРАКТИКИ ТОНСКОГО РАЙОНА;50;261;244;505;172;161;333;185;256;441;128;204;332
Иссык-Кульская обл.;4170200000000000;Тонский р-н;41702220000000000;241451;ЦОВП ТОНСКОГО РАЙОНА;ЦЕНТР ОБЩЕВРАЧЕБНОЙ ПРАКТИКИ ТОНСКОГО РАЙОНА;51;239;262;501;146;151;297;212;321;533;149;191;340
Иссык-Кульская обл.;4170200000000000;Тонский р-н;41702220000000000;241451;ЦОВП ТОНСКОГО РАЙОНА;ЦЕНТР ОБЩЕВРАЧЕБНОЙ ПРАКТИКИ ТОНСКОГО РАЙОНА;52;249;238;487;165;148;313;188;257;445;149;189;338
Иссык-Кульская обл.;4170200000000000;Тонский р-н;41702220000000000;241451;ЦОВП ТОНСКОГО РАЙОНА;ЦЕНТР ОБЩЕВРАЧЕБНОЙ ПРАКТИКИ ТОНСКОГО РАЙОНА;53;238;240;478;153;157;310;178;260;438;127;204;331
Иссык-Кульская обл.;4170200000000000;Тонский р-н;41702220000000000;241451;ЦОВП ТОНСКОГО РАЙОНА;ЦЕНТР ОБЩЕВРАЧЕБНОЙ ПРАКТИКИ ТОНСКОГО РАЙОНА;54;257;255;512;171;172;343;204;235;439;161;192;353
Иссык-Кульская обл.;4170200000000000;Тонский р-н;41702220000000000;241451;ЦОВП ТОНСКОГО РАЙОНА;ЦЕНТР ОБЩЕВРАЧЕБНОЙ ПРАКТИКИ ТОНСКОГО РАЙОНА;55;238;210;448;166;140;306;191;274;465;150;232;382
Иссык-Кульская обл.;4170200000000000;Тонский р-н;41702220000000000;241451;ЦОВП ТОНСКОГО РАЙОНА;ЦЕНТР ОБЩЕВРАЧЕБНОЙ ПРАКТИКИ ТОНСКОГО РАЙОНА;56;223;261;484;152;188;340;194;329;523;157;291;448
Иссык-Кульская обл.;4170200000000000;Тонский р-н;41702220000000000;241451;ЦОВП ТОНСКОГО РАЙОНА;ЦЕНТР ОБЩЕВРАЧЕБНОЙ ПРАКТИКИ ТОНСКОГО РАЙОНА;57;213;241;454;140;180;320;202;288;490;159;247;406
Иссык-Кульская обл.;4170200000000000;Тонский р-н;41702220000000000;241451;ЦОВП ТОНСКОГО РАЙОНА;ЦЕНТР ОБЩЕВРАЧЕБНОЙ ПРАКТИКИ ТОНСКОГО РАЙОНА;58;248;212;460;169;148;317;188;237;425;150;186;336
Иссык-Кульская обл.;4170200000000000;Тонский р-н;41702220000000000;241451;ЦОВП ТОНСКОГО РАЙОНА;ЦЕНТР ОБЩЕВРАЧЕБНОЙ ПРАКТИКИ ТОНСКОГО РАЙОНА;59;190;251;441;145;197;342;185;266;451;149;236;385
Иссык-Кульская обл.;4170200000000000;Тонский р-н;41702220000000000;241451;ЦОВП ТОНСКОГО РАЙОНА;ЦЕНТР ОБЩЕВРАЧЕБНОЙ ПРАКТИКИ ТОНСКОГО РАЙОНА;60;218;241;459;169;186;355;190;283;473;158;236;394
Иссык-Кульская обл.;4170200000000000;Тонский р-н;41702220000000000;241451;ЦОВП ТОНСКОГО РАЙОНА;ЦЕНТР ОБЩЕВРАЧЕБНОЙ ПРАКТИКИ ТОНСКОГО РАЙОНА;61;215;223;438;156;174;330;165;248;413;132;210;342
Иссык-Кульская обл.;4170200000000000;Тонский р-н;41702220000000000;241451;ЦОВП ТОНСКОГО РАЙОНА;ЦЕНТР ОБЩЕВРАЧЕБНОЙ ПРАКТИКИ ТОНСКОГО РАЙОНА;62;203;255;458;152;219;371;241;339;580;206;306;512
Иссык-Кульская обл.;4170200000000000;Тонский р-н;41702220000000000;241451;ЦОВП ТОНСКОГО РАЙОНА;ЦЕНТР ОБЩЕВРАЧЕБНОЙ ПРАКТИКИ ТОНСКОГО РАЙОНА;63;228;254;482;186;210;396;162;304;466;134;272;406
Иссык-Кульская обл.;4170200000000000;Тонский р-н;41702220000000000;241451;ЦОВП ТОНСКОГО РАЙОНА;ЦЕНТР ОБЩЕВРАЧЕБНОЙ ПРАКТИКИ ТОНСКОГО РАЙОНА;64;181;241;422;142;216;358;161;326;487;135;302;437
Иссык-Кульская обл.;4170200000000000;Тонский р-н;41702220000000000;241451;ЦОВП ТОНСКОГО РАЙОНА;ЦЕНТР ОБЩЕВРАЧЕБНОЙ ПРАКТИКИ ТОНСКОГО РАЙОНА;65;159;206;365;141;198;339;132;274;406;121;264;385
Иссык-Кульская обл.;4170200000000000;Тонский р-н;41702220000000000;241451;ЦОВП ТОНСКОГО РАЙОНА;ЦЕНТР ОБЩЕВРАЧЕБНОЙ ПРАКТИКИ ТОНСКОГО РАЙОНА;66;163;230;393;143;219;362;192;273;465;173;268;441
Иссык-Кульская обл.;4170200000000000;Тонский р-н;41702220000000000;241451;ЦОВП ТОНСКОГО РАЙОНА;ЦЕНТР ОБЩЕВРАЧЕБНОЙ ПРАКТИКИ ТОНСКОГО РАЙОНА;67;146;196;342;129;188;317;136;193;329;126;189;315
Иссык-Кульская обл.;4170200000000000;Тонский р-н;41702220000000000;241451;ЦОВП ТОНСКОГО РАЙОНА;ЦЕНТР ОБЩЕВРАЧЕБНОЙ ПРАКТИКИ ТОНСКОГО РАЙОНА;68;140;167;307;130;157;287;150;226;376;136;218;354
Иссык-Кульская обл.;4170200000000000;Тонский р-н;41702220000000000;241451;ЦОВП ТОНСКОГО РАЙОНА;ЦЕНТР ОБЩЕВРАЧЕБНОЙ ПРАКТИКИ ТОНСКОГО РАЙОНА;69;130;168;298;111;158;269;116;185;301;110;179;289
Иссык-Кульская обл.;4170200000000000;Тонский р-н;41702220000000000;241451;ЦОВП ТОНСКОГО РАЙОНА;ЦЕНТР ОБЩЕВРАЧЕБНОЙ ПРАКТИКИ ТОНСКОГО РАЙОНА;70;84;163;247;79;155;234;68;181;249;64;175;239
Иссык-Кульская обл.;4170200000000000;Тонский р-н;41702220000000000;241451;ЦОВП ТОНСКОГО РАЙОНА;ЦЕНТР ОБЩЕВРАЧЕБНОЙ ПРАКТИКИ ТОНСКОГО РАЙОНА;71;86;127;213;85;124;209;73;202;275;67;188;255
Иссык-Кульская обл.;4170200000000000;Тонский р-н;41702220000000000;241451;ЦОВП ТОНСКОГО РАЙОНА;ЦЕНТР ОБЩЕВРАЧЕБНОЙ ПРАКТИКИ ТОНСКОГО РАЙОНА;72;93;152;245;87;148;235;93;169;262;87;167;254
Иссык-Кульская обл.;4170200000000000;Тонский р-н;41702220000000000;241451;ЦОВП ТОНСКОГО РАЙОНА;ЦЕНТР ОБЩЕВРАЧЕБНОЙ ПРАКТИКИ ТОНСКОГО РАЙОНА;73;79;130;209;77;122;199;66;148;214;57;142;199
Иссык-Кульская обл.;4170200000000000;Тонский р-н;41702220000000000;241451;ЦОВП ТОНСКОГО РАЙОНА;ЦЕНТР ОБЩЕВРАЧЕБНОЙ ПРАКТИКИ ТОНСКОГО РАЙОНА;74;65;88;153;60;81;141;56;91;147;52;82;134
Иссык-Кульская обл.;4170200000000000;Тонский р-н;41702220000000000;241451;ЦОВП ТОНСКОГО РАЙОНА;ЦЕНТР ОБЩЕВРАЧЕБНОЙ ПРАКТИКИ ТОНСКОГО РАЙОНА;75;46;109;155;46;104;150;62;113;175;59;104;163
Иссык-Кульская обл.;4170200000000000;Тонский р-н;41702220000000000;241451;ЦОВП ТОНСКОГО РАЙОНА;ЦЕНТР ОБЩЕВРАЧЕБНОЙ ПРАКТИКИ ТОНСКОГО РАЙОНА;76;48;91;139;47;88;135;70;77;147;65;69;134
Иссык-Кульская обл.;4170200000000000;Тонский р-н;41702220000000000;241451;ЦОВП ТОНСКОГО РАЙОНА;ЦЕНТР ОБЩЕВРАЧЕБНОЙ ПРАКТИКИ ТОНСКОГО РАЙОНА;77;61;70;131;57;69;126;62;89;151;58;84;142
Иссык-Кульская обл.;4170200000000000;Тонский р-н;41702220000000000;241451;ЦОВП ТОНСКОГО РАЙОНА;ЦЕНТР ОБЩЕВРАЧЕБНОЙ ПРАКТИКИ ТОНСКОГО РАЙОНА;78;28;71;99;26;68;94;21;55;76;16;53;69
Иссык-Кульская обл.;4170200000000000;Тонский р-н;41702220000000000;241451;ЦОВП ТОНСКОГО РАЙОНА;ЦЕНТР ОБЩЕВРАЧЕБНОЙ ПРАКТИКИ ТОНСКОГО РАЙОНА;79;16;40;56;16;38;54;18;47;65;18;44;62
Иссык-Кульская обл.;4170200000000000;Тонский р-н;41702220000000000;241451;ЦОВП ТОНСКОГО РАЙОНА;ЦЕНТР ОБЩЕВРАЧЕБНОЙ ПРАКТИКИ ТОНСКОГО РАЙОНА;80;8;36;44;8;34;42;12;23;35;12;17;29
Иссык-Кульская обл.;4170200000000000;Тонский р-н;41702220000000000;241451;ЦОВП ТОНСКОГО РАЙОНА;ЦЕНТР ОБЩЕВРАЧЕБНОЙ ПРАКТИКИ ТОНСКОГО РАЙОНА;81;17;36;53;17;33;50;19;39;58;18;37;55
Иссык-Кульская обл.;4170200000000000;Тонский р-н;41702220000000000;241451;ЦОВП ТОНСКОГО РАЙОНА;ЦЕНТР ОБЩЕВРАЧЕБНОЙ ПРАКТИКИ ТОНСКОГО РАЙОНА;82;41;97;138;37;92;129;31;71;102;30;66;96
Иссык-Кульская обл.;4170200000000000;Тонский р-н;41702220000000000;241451;ЦОВП ТОНСКОГО РАЙОНА;ЦЕНТР ОБЩЕВРАЧЕБНОЙ ПРАКТИКИ ТОНСКОГО РАЙОНА;83;21;56;77;18;54;72;12;48;60;11;45;56
Иссык-Кульская обл.;4170200000000000;Тонский р-н;41702220000000000;241451;ЦОВП ТОНСКОГО РАЙОНА;ЦЕНТР ОБЩЕВРАЧЕБНОЙ ПРАКТИКИ ТОНСКОГО РАЙОНА;84;23;57;80;21;56;77;26;42;68;20;39;59
Иссык-Кульская обл.;4170200000000000;Тонский р-н;41702220000000000;241451;ЦОВП ТОНСКОГО РАЙОНА;ЦЕНТР ОБЩЕВРАЧЕБНОЙ ПРАКТИКИ ТОНСКОГО РАЙОНА;85;23;58;81;23;55;78;14;45;59;13;38;51
Иссык-Кульская обл.;4170200000000000;Тонский р-н;41702220000000000;241451;ЦОВП ТОНСКОГО РАЙОНА;ЦЕНТР ОБЩЕВРАЧЕБНОЙ ПРАКТИКИ ТОНСКОГО РАЙОНА;86;8;47;55;7;41;48;14;33;47;13;29;42
Иссык-Кульская обл.;4170200000000000;Тонский р-н;41702220000000000;241451;ЦОВП ТОНСКОГО РАЙОНА;ЦЕНТР ОБЩЕВРАЧЕБНОЙ ПРАКТИКИ ТОНСКОГО РАЙОНА;87;19;41;60;16;39;55;15;27;42;12;21;33
Иссык-Кульская обл.;4170200000000000;Тонский р-н;41702220000000000;241451;ЦОВП ТОНСКОГО РАЙОНА;ЦЕНТР ОБЩЕВРАЧЕБНОЙ ПРАКТИКИ ТОНСКОГО РАЙОНА;88;9;37;46;9;33;42;4;12;16;4;4;8
Иссык-Кульская обл.;4170200000000000;Тонский р-н;41702220000000000;241451;ЦОВП ТОНСКОГО РАЙОНА;ЦЕНТР ОБЩЕВРАЧЕБНОЙ ПРАКТИКИ ТОНСКОГО РАЙОНА;89;6;17;23;6;16;22;2;9;11;2;8;10
Иссык-Кульская обл.;4170200000000000;Тонский р-н;41702220000000000;241451;ЦОВП ТОНСКОГО РАЙОНА;ЦЕНТР ОБЩЕВРАЧЕБНОЙ ПРАКТИКИ ТОНСКОГО РАЙОНА;90;7;22;29;7;21;28;2;6;8;1;4;5
Иссык-Кульская обл.;4170200000000000;Тонский р-н;41702220000000000;241451;ЦОВП ТОНСКОГО РАЙОНА;ЦЕНТР ОБЩЕВРАЧЕБНОЙ ПРАКТИКИ ТОНСКОГО РАЙОНА;91;1;17;18;1;17;18;1;7;8;1;7;8
Иссык-Кульская обл.;4170200000000000;Тонский р-н;41702220000000000;241451;ЦОВП ТОНСКОГО РАЙОНА;ЦЕНТР ОБЩЕВРАЧЕБНОЙ ПРАКТИКИ ТОНСКОГО РАЙОНА;92;3;21;24;3;21;24;2;5;7;2;4;6
Иссык-Кульская обл.;4170200000000000;Тонский р-н;41702220000000000;241451;ЦОВП ТОНСКОГО РАЙОНА;ЦЕНТР ОБЩЕВРАЧЕБНОЙ ПРАКТИКИ ТОНСКОГО РАЙОНА;93;1;8;9;1;7;8;1;4;5;1;4;5
Иссык-Кульская обл.;4170200000000000;Тонский р-н;41702220000000000;241451;ЦОВП ТОНСКОГО РАЙОНА;ЦЕНТР ОБЩЕВРАЧЕБНОЙ ПРАКТИКИ ТОНСКОГО РАЙОНА;94;1;13;14;1;13;14;1;4;5;1;4;5
Иссык-Кульская обл.;4170200000000000;Тонский р-н;41702220000000000;241451;ЦОВП ТОНСКОГО РАЙОНА;ЦЕНТР ОБЩЕВРАЧЕБНОЙ ПРАКТИКИ ТОНСКОГО РАЙОНА;95;3;5;8;3;5;8;3;0;3;3;0;3
Иссык-Кульская обл.;4170200000000000;Тонский р-н;41702220000000000;241451;ЦОВП ТОНСКОГО РАЙОНА;ЦЕНТР ОБЩЕВРАЧЕБНОЙ ПРАКТИКИ ТОНСКОГО РАЙОНА;96;0;13;13;0;12;12;0;3;3;0;3;3
Иссык-Кульская обл.;4170200000000000;Тонский р-н;41702220000000000;241451;ЦОВП ТОНСКОГО РАЙОНА;ЦЕНТР ОБЩЕВРАЧЕБНОЙ ПРАКТИКИ ТОНСКОГО РАЙОНА;97;0;6;6;0;5;5;0;1;1;0;0;0
Иссык-Кульская обл.;4170200000000000;Тонский р-н;41702220000000000;241451;ЦОВП ТОНСКОГО РАЙОНА;ЦЕНТР ОБЩЕВРАЧЕБНОЙ ПРАКТИКИ ТОНСКОГО РАЙОНА;100;0;2;2;0;2;2;0;1;1;0;0;0
Иссык-Кульская обл.;4170200000000000;Тонский р-н;41702220000000000;241451;ЦОВП ТОНСКОГО РАЙОНА;ЦЕНТР ОБЩЕВРАЧЕБНОЙ ПРАКТИКИ ТОНСКОГО РАЙОНА;101;0;1;1;0;1;1;0;2;2;0;0;0
Иссык-Кульская обл.;4170200000000000;Тюпский р-н;41702225000000000;241461;ЦОВП ТЮПСКОГО РАЙОНА;ЦЕНТР ОБЩЕВРАЧЕБНОЙ ТЮПСКОГО РАЙОНА;0;335;334;669;335;334;669;2399;2421;4820;2399;2421;4820
Иссык-Кульская обл.;4170200000000000;Тюпский р-н;41702225000000000;241461;ЦОВП ТЮПСКОГО РАЙОНА;ЦЕНТР ОБЩЕВРАЧЕБНОЙ ТЮПСКОГО РАЙОНА;1;502;482;984;502;482;984;1315;1101;2416;1315;1101;2416
Иссык-Кульская обл.;4170200000000000;Тюпский р-н;41702225000000000;241461;ЦОВП ТЮПСКОГО РАЙОНА;ЦЕНТР ОБЩЕВРАЧЕБНОЙ ТЮПСКОГО РАЙОНА;2;582;569;1151;582;569;1151;1112;1098;2210;1112;1098;2210
Иссык-Кульская обл.;4170200000000000;Тюпский р-н;41702225000000000;241461;ЦОВП ТЮПСКОГО РАЙОНА;ЦЕНТР ОБЩЕВРАЧЕБНОЙ ТЮПСКОГО РАЙОНА;3;623;541;1164;623;541;1164;887;775;1662;887;775;1662
Иссык-Кульская обл.;4170200000000000;Тюпский р-н;41702225000000000;241461;ЦОВП ТЮПСКОГО РАЙОНА;ЦЕНТР ОБЩЕВРАЧЕБНОЙ ТЮПСКОГО РАЙОНА;4;612;577;1189;612;577;1189;747;712;1459;747;712;1459
Иссык-Кульская обл.;4170200000000000;Тюпский р-н;41702225000000000;241461;ЦОВП ТЮПСКОГО РАЙОНА;ЦЕНТР ОБЩЕВРАЧЕБНОЙ ТЮПСКОГО РАЙОНА;5;512;569;1081;512;569;1081;917;803;1720;917;803;1720
Иссык-Кульская обл.;4170200000000000;Тюпский р-н;41702225000000000;241461;ЦОВП ТЮПСКОГО РАЙОНА;ЦЕНТР ОБЩЕВРАЧЕБНОЙ ТЮПСКОГО РАЙОНА;6;612;711;1323;612;711;1323;1021;913;1934;1021;913;1934
Иссык-Кульская обл.;4170200000000000;Тюпский р-н;41702225000000000;241461;ЦОВП ТЮПСКОГО РАЙОНА;ЦЕНТР ОБЩЕВРАЧЕБНОЙ ТЮПСКОГО РАЙОНА;7;638;693;1331;638;693;1331;823;710;1533;823;710;1533
Иссык-Кульская обл.;4170200000000000;Тюпский р-н;41702225000000000;241461;ЦОВП ТЮПСКОГО РАЙОНА;ЦЕНТР ОБЩЕВРАЧЕБНОЙ ТЮПСКОГО РАЙОНА;8;622;824;1446;622;824;1446;714;663;1377;714;663;1377
Иссык-Кульская обл.;4170200000000000;Тюпский р-н;41702225000000000;241461;ЦОВП ТЮПСКОГО РАЙОНА;ЦЕНТР ОБЩЕВРАЧЕБНОЙ ТЮПСКОГО РАЙОНА;9;637;765;1402;637;765;1402;652;529;1181;652;529;1181
Иссык-Кульская обл.;4170200000000000;Тюпский р-н;41702225000000000;241461;ЦОВП ТЮПСКОГО РАЙОНА;ЦЕНТР ОБЩЕВРАЧЕБНОЙ ТЮПСКОГО РАЙОНА;10;622;838;1460;622;838;1460;744;650;1394;744;650;1394
Иссык-Кульская обл.;4170200000000000;Тюпский р-н;41702225000000000;241461;ЦОВП ТЮПСКОГО РАЙОНА;ЦЕНТР ОБЩЕВРАЧЕБНОЙ ТЮПСКОГО РАЙОНА;11;621;797;1418;621;797;1418;722;688;1410;722;688;1410
Иссык-Кульская обл.;4170200000000000;Тюпский р-н;41702225000000000;241461;ЦОВП ТЮПСКОГО РАЙОНА;ЦЕНТР ОБЩЕВРАЧЕБНОЙ ТЮПСКОГО РАЙОНА;12;622;821;1443;622;821;1443;616;607;1223;616;607;1223
Иссык-Кульская обл.;4170200000000000;Тюпский р-н;41702225000000000;241461;ЦОВП ТЮПСКОГО РАЙОНА;ЦЕНТР ОБЩЕВРАЧЕБНОЙ ТЮПСКОГО РАЙОНА;13;635;760;1395;635;760;1395;716;680;1396;716;680;1396
Иссык-Кульская обл.;4170200000000000;Тюпский р-н;41702225000000000;241461;ЦОВП ТЮПСКОГО РАЙОНА;ЦЕНТР ОБЩЕВРАЧЕБНОЙ ТЮПСКОГО РАЙОНА;14;692;790;1482;692;790;1482;981;843;1824;981;843;1824
Иссык-Кульская обл.;4170200000000000;Тюпский р-н;41702225000000000;241461;ЦОВП ТЮПСКОГО РАЙОНА;ЦЕНТР ОБЩЕВРАЧЕБНОЙ ТЮПСКОГО РАЙОНА;15;689;768;1457;689;768;1457;1256;758;2014;1256;758;2014
Иссык-Кульская обл.;4170200000000000;Тюпский р-н;41702225000000000;241461;ЦОВП ТЮПСКОГО РАЙОНА;ЦЕНТР ОБЩЕВРАЧЕБНОЙ ТЮПСКОГО РАЙОНА;16;640;774;1414;640;774;1414;735;809;1544;715;766;1481
Иссык-Кульская обл.;4170200000000000;Тюпский р-н;41702225000000000;241461;ЦОВП ТЮПСКОГО РАЙОНА;ЦЕНТР ОБЩЕВРАЧЕБНОЙ ТЮПСКОГО РАЙОНА;17;534;659;1193;446;592;1038;705;676;1381;567;544;1111
Иссык-Кульская обл.;4170200000000000;Тюпский р-н;41702225000000000;241461;ЦОВП ТЮПСКОГО РАЙОНА;ЦЕНТР ОБЩЕВРАЧЕБНОЙ ТЮПСКОГО РАЙОНА;18;508;667;1175;424;580;1004;898;887;1785;694;678;1372
Иссык-Кульская обл.;4170200000000000;Тюпский р-н;41702225000000000;241461;ЦОВП ТЮПСКОГО РАЙОНА;ЦЕНТР ОБЩЕВРАЧЕБНОЙ ТЮПСКОГО РАЙОНА;19;516;638;1154;335;463;798;613;798;1411;369;454;823
Иссык-Кульская обл.;4170200000000000;Тюпский р-н;41702225000000000;241461;ЦОВП ТЮПСКОГО РАЙОНА;ЦЕНТР ОБЩЕВРАЧЕБНОЙ ТЮПСКОГО РАЙОНА;20;543;573;1116;325;389;714;429;711;1140;237;375;612
Иссык-Кульская обл.;4170200000000000;Тюпский р-н;41702225000000000;241461;ЦОВП ТЮПСКОГО РАЙОНА;ЦЕНТР ОБЩЕВРАЧЕБНОЙ ТЮПСКОГО РАЙОНА;21;473;637;1110;263;382;645;415;709;1124;213;440;653
Иссык-Кульская обл.;4170200000000000;Тюпский р-н;41702225000000000;241461;ЦОВП ТЮПСКОГО РАЙОНА;ЦЕНТР ОБЩЕВРАЧЕБНОЙ ТЮПСКОГО РАЙОНА;22;468;561;1029;264;320;584;376;661;1037;188;337;525
Иссык-Кульская обл.;4170200000000000;Тюпский р-н;41702225000000000;241461;ЦОВП ТЮПСКОГО РАЙОНА;ЦЕНТР ОБЩЕВРАЧЕБНОЙ ТЮПСКОГО РАЙОНА;23;480;553;1033;147;261;408;356;657;1013;118;309;427
Иссык-Кульская обл.;4170200000000000;Тюпский р-н;41702225000000000;241461;ЦОВП ТЮПСКОГО РАЙОНА;ЦЕНТР ОБЩЕВРАЧЕБНОЙ ТЮПСКОГО РАЙОНА;24;446;541;987;71;171;242;286;649;935;37;305;342
Иссык-Кульская обл.;4170200000000000;Тюпский р-н;41702225000000000;241461;ЦОВП ТЮПСКОГО РАЙОНА;ЦЕНТР ОБЩЕВРАЧЕБНОЙ ТЮПСКОГО РАЙОНА;25;449;523;972;84;156;240;289;512;801;66;244;310
Иссык-Кульская обл.;4170200000000000;Тюпский р-н;41702225000000000;241461;ЦОВП ТЮПСКОГО РАЙОНА;ЦЕНТР ОБЩЕВРАЧЕБНОЙ ТЮПСКОГО РАЙОНА;26;469;452;921;106;153;259;314;555;869;89;304;393
Иссык-Кульская обл.;4170200000000000;Тюпский р-н;41702225000000000;241461;ЦОВП ТЮПСКОГО РАЙОНА;ЦЕНТР ОБЩЕВРАЧЕБНОЙ ТЮПСКОГО РАЙОНА;27;413;466;879;115;125;240;295;453;748;106;211;317
Иссык-Кульская обл.;4170200000000000;Тюпский р-н;41702225000000000;241461;ЦОВП ТЮПСКОГО РАЙОНА;ЦЕНТР ОБЩЕВРАЧЕБНОЙ ТЮПСКОГО РАЙОНА;28;436;463;899;132;145;277;294;609;903;87;360;447
Иссык-Кульская обл.;4170200000000000;Тюпский р-н;41702225000000000;241461;ЦОВП ТЮПСКОГО РАЙОНА;ЦЕНТР ОБЩЕВРАЧЕБНОЙ ТЮПСКОГО РАЙОНА;29;464;498;962;156;190;346;309;555;864;120;378;498
Иссык-Кульская обл.;4170200000000000;Тюпский р-н;41702225000000000;241461;ЦОВП ТЮПСКОГО РАЙОНА;ЦЕНТР ОБЩЕВРАЧЕБНОЙ ТЮПСКОГО РАЙОНА;30;518;463;981;230;202;432;379;592;971;199;360;559
Иссык-Кульская обл.;4170200000000000;Тюпский р-н;41702225000000000;241461;ЦОВП ТЮПСКОГО РАЙОНА;ЦЕНТР ОБЩЕВРАЧЕБНОЙ ТЮПСКОГО РАЙОНА;31;495;453;948;252;199;451;393;617;1010;245;349;594
Иссык-Кульская обл.;4170200000000000;Тюпский р-н;41702225000000000;241461;ЦОВП ТЮПСКОГО РАЙОНА;ЦЕНТР ОБЩЕВРАЧЕБНОЙ ТЮПСКОГО РАЙОНА;32;492;453;945;228;193;421;369;574;943;202;370;572
Иссык-Кульская обл.;4170200000000000;Тюпский р-н;41702225000000000;241461;ЦОВП ТЮПСКОГО РАЙОНА;ЦЕНТР ОБЩЕВРАЧЕБНОЙ ТЮПСКОГО РАЙОНА;33;477;442;919;237;203;440;363;558;921;204;345;549
Иссык-Кульская обл.;4170200000000000;Тюпский р-н;41702225000000000;241461;ЦОВП ТЮПСКОГО РАЙОНА;ЦЕНТР ОБЩЕВРАЧЕБНОЙ ТЮПСКОГО РАЙОНА;34;461;420;881;253;190;443;405;516;921;263;327;590
Иссык-Кульская обл.;4170200000000000;Тюпский р-н;41702225000000000;241461;ЦОВП ТЮПСКОГО РАЙОНА;ЦЕНТР ОБЩЕВРАЧЕБНОЙ ТЮПСКОГО РАЙОНА;35;476;415;891;257;203;460;366;641;1007;199;430;629
Иссык-Кульская обл.;4170200000000000;Тюпский р-н;41702225000000000;241461;ЦОВП ТЮПСКОГО РАЙОНА;ЦЕНТР ОБЩЕВРАЧЕБНОЙ ТЮПСКОГО РАЙОНА;36;445;408;853;253;230;483;325;628;953;208;398;606
Иссык-Кульская обл.;4170200000000000;Тюпский р-н;41702225000000000;241461;ЦОВП ТЮПСКОГО РАЙОНА;ЦЕНТР ОБЩЕВРАЧЕБНОЙ ТЮПСКОГО РАЙОНА;37;415;417;832;218;213;431;357;580;937;181;375;556
Иссык-Кульская обл.;4170200000000000;Тюпский р-н;41702225000000000;241461;ЦОВП ТЮПСКОГО РАЙОНА;ЦЕНТР ОБЩЕВРАЧЕБНОЙ ТЮПСКОГО РАЙОНА;38;444;364;808;239;208;447;373;580;953;212;418;630
Иссык-Кульская обл.;4170200000000000;Тюпский р-н;41702225000000000;241461;ЦОВП ТЮПСКОГО РАЙОНА;ЦЕНТР ОБЩЕВРАЧЕБНОЙ ТЮПСКОГО РАЙОНА;39;372;397;769;193;213;406;267;588;855;154;424;578
Иссык-Кульская обл.;4170200000000000;Тюпский р-н;41702225000000000;241461;ЦОВП ТЮПСКОГО РАЙОНА;ЦЕНТР ОБЩЕВРАЧЕБНОЙ ТЮПСКОГО РАЙОНА;40;365;353;718;191;209;400;306;499;805;181;371;552
Иссык-Кульская обл.;4170200000000000;Тюпский р-н;41702225000000000;241461;ЦОВП ТЮПСКОГО РАЙОНА;ЦЕНТР ОБЩЕВРАЧЕБНОЙ ТЮПСКОГО РАЙОНА;41;346;352;698;185;193;378;313;506;819;196;373;569
Иссык-Кульская обл.;4170200000000000;Тюпский р-н;41702225000000000;241461;ЦОВП ТЮПСКОГО РАЙОНА;ЦЕНТР ОБЩЕВРАЧЕБНОЙ ТЮПСКОГО РАЙОНА;42;374;340;714;195;198;393;286;433;719;166;311;477
Иссык-Кульская обл.;4170200000000000;Тюпский р-н;41702225000000000;241461;ЦОВП ТЮПСКОГО РАЙОНА;ЦЕНТР ОБЩЕВРАЧЕБНОЙ ТЮПСКОГО РАЙОНА;43;315;341;656;159;196;355;259;495;754;147;363;510
Иссык-Кульская обл.;4170200000000000;Тюпский р-н;41702225000000000;241461;ЦОВП ТЮПСКОГО РАЙОНА;ЦЕНТР ОБЩЕВРАЧЕБНОЙ ТЮПСКОГО РАЙОНА;44;273;304;577;145;172;317;259;400;659;129;273;402
Иссык-Кульская обл.;4170200000000000;Тюпский р-н;41702225000000000;241461;ЦОВП ТЮПСКОГО РАЙОНА;ЦЕНТР ОБЩЕВРАЧЕБНОЙ ТЮПСКОГО РАЙОНА;45;313;299;612;155;153;308;255;366;621;131;254;385
Иссык-Кульская обл.;4170200000000000;Тюпский р-н;41702225000000000;241461;ЦОВП ТЮПСКОГО РАЙОНА;ЦЕНТР ОБЩЕВРАЧЕБНОЙ ТЮПСКОГО РАЙОНА;46;307;315;622;161;158;319;367;434;801;192;293;485
Иссык-Кульская обл.;4170200000000000;Тюпский р-н;41702225000000000;241461;ЦОВП ТЮПСКОГО РАЙОНА;ЦЕНТР ОБЩЕВРАЧЕБНОЙ ТЮПСКОГО РАЙОНА;47;299;292;591;160;165;325;297;402;699;179;264;443
Иссык-Кульская обл.;4170200000000000;Тюпский р-н;41702225000000000;241461;ЦОВП ТЮПСКОГО РАЙОНА;ЦЕНТР ОБЩЕВРАЧЕБНОЙ ТЮПСКОГО РАЙОНА;48;294;342;636;142;181;323;251;452;703;141;315;456
Иссык-Кульская обл.;4170200000000000;Тюпский р-н;41702225000000000;241461;ЦОВП ТЮПСКОГО РАЙОНА;ЦЕНТР ОБЩЕВРАЧЕБНОЙ ТЮПСКОГО РАЙОНА;49;292;322;614;155;173;328;305;537;842;178;355;533
Иссык-Кульская обл.;4170200000000000;Тюпский р-н;41702225000000000;241461;ЦОВП ТЮПСКОГО РАЙОНА;ЦЕНТР ОБЩЕВРАЧЕБНОЙ ТЮПСКОГО РАЙОНА;50;307;364;671;158;195;353;340;513;853;192;310;502
Иссык-Кульская обл.;4170200000000000;Тюпский р-н;41702225000000000;241461;ЦОВП ТЮПСКОГО РАЙОНА;ЦЕНТР ОБЩЕВРАЧЕБНОЙ ТЮПСКОГО РАЙОНА;51;309;293;602;159;154;313;347;487;834;201;279;480
Иссык-Кульская обл.;4170200000000000;Тюпский р-н;41702225000000000;241461;ЦОВП ТЮПСКОГО РАЙОНА;ЦЕНТР ОБЩЕВРАЧЕБНОЙ ТЮПСКОГО РАЙОНА;52;313;339;652;162;181;343;347;475;822;203;298;501
Иссык-Кульская обл.;4170200000000000;Тюпский р-н;41702225000000000;241461;ЦОВП ТЮПСКОГО РАЙОНА;ЦЕНТР ОБЩЕВРАЧЕБНОЙ ТЮПСКОГО РАЙОНА;53;296;293;589;155;162;317;312;458;770;191;317;508
Иссык-Кульская обл.;4170200000000000;Тюпский р-н;41702225000000000;241461;ЦОВП ТЮПСКОГО РАЙОНА;ЦЕНТР ОБЩЕВРАЧЕБНОЙ ТЮПСКОГО РАЙОНА;54;299;327;626;165;182;347;328;443;771;203;285;488
Иссык-Кульская обл.;4170200000000000;Тюпский р-н;41702225000000000;241461;ЦОВП ТЮПСКОГО РАЙОНА;ЦЕНТР ОБЩЕВРАЧЕБНОЙ ТЮПСКОГО РАЙОНА;55;252;262;514;135;150;285;259;430;689;164;308;472
Иссык-Кульская обл.;4170200000000000;Тюпский р-н;41702225000000000;241461;ЦОВП ТЮПСКОГО РАЙОНА;ЦЕНТР ОБЩЕВРАЧЕБНОЙ ТЮПСКОГО РАЙОНА;56;282;308;590;152;190;342;330;531;861;217;407;624
Иссык-Кульская обл.;4170200000000000;Тюпский р-н;41702225000000000;241461;ЦОВП ТЮПСКОГО РАЙОНА;ЦЕНТР ОБЩЕВРАЧЕБНОЙ ТЮПСКОГО РАЙОНА;57;261;292;553;149;186;335;293;490;783;196;339;535
Иссык-Кульская обл.;4170200000000000;Тюпский р-н;41702225000000000;241461;ЦОВП ТЮПСКОГО РАЙОНА;ЦЕНТР ОБЩЕВРАЧЕБНОЙ ТЮПСКОГО РАЙОНА;58;295;269;564;163;185;348;367;468;835;233;364;597
Иссык-Кульская обл.;4170200000000000;Тюпский р-н;41702225000000000;241461;ЦОВП ТЮПСКОГО РАЙОНА;ЦЕНТР ОБЩЕВРАЧЕБНОЙ ТЮПСКОГО РАЙОНА;59;291;316;607;189;210;399;359;475;834;221;356;577
Иссык-Кульская обл.;4170200000000000;Тюпский р-н;41702225000000000;241461;ЦОВП ТЮПСКОГО РАЙОНА;ЦЕНТР ОБЩЕВРАЧЕБНОЙ ТЮПСКОГО РАЙОНА;60;278;273;551;182;185;367;383;497;880;253;361;614
Иссык-Кульская обл.;4170200000000000;Тюпский р-н;41702225000000000;241461;ЦОВП ТЮПСКОГО РАЙОНА;ЦЕНТР ОБЩЕВРАЧЕБНОЙ ТЮПСКОГО РАЙОНА;61;244;273;517;149;192;341;342;511;853;241;388;629
Иссык-Кульская обл.;4170200000000000;Тюпский р-н;41702225000000000;241461;ЦОВП ТЮПСКОГО РАЙОНА;ЦЕНТР ОБЩЕВРАЧЕБНОЙ ТЮПСКОГО РАЙОНА;62;248;298;546;164;222;386;311;576;887;226;488;714
Иссык-Кульская обл.;4170200000000000;Тюпский р-н;41702225000000000;241461;ЦОВП ТЮПСКОГО РАЙОНА;ЦЕНТР ОБЩЕВРАЧЕБНОЙ ТЮПСКОГО РАЙОНА;63;253;282;535;164;227;391;353;516;869;233;438;671
Иссык-Кульская обл.;4170200000000000;Тюпский р-н;41702225000000000;241461;ЦОВП ТЮПСКОГО РАЙОНА;ЦЕНТР ОБЩЕВРАЧЕБНОЙ ТЮПСКОГО РАЙОНА;64;239;275;514;164;225;389;315;480;795;233;402;635
Иссык-Кульская обл.;4170200000000000;Тюпский р-н;41702225000000000;241461;ЦОВП ТЮПСКОГО РАЙОНА;ЦЕНТР ОБЩЕВРАЧЕБНОЙ ТЮПСКОГО РАЙОНА;65;227;254;481;170;226;396;344;479;823;298;436;734
Иссык-Кульская обл.;4170200000000000;Тюпский р-н;41702225000000000;241461;ЦОВП ТЮПСКОГО РАЙОНА;ЦЕНТР ОБЩЕВРАЧЕБНОЙ ТЮПСКОГО РАЙОНА;66;199;251;450;169;223;392;242;496;738;192;448;640
Иссык-Кульская обл.;4170200000000000;Тюпский р-н;41702225000000000;241461;ЦОВП ТЮПСКОГО РАЙОНА;ЦЕНТР ОБЩЕВРАЧЕБНОЙ ТЮПСКОГО РАЙОНА;67;184;226;410;150;201;351;246;343;589;206;299;505
Иссык-Кульская обл.;4170200000000000;Тюпский р-н;41702225000000000;241461;ЦОВП ТЮПСКОГО РАЙОНА;ЦЕНТР ОБЩЕВРАЧЕБНОЙ ТЮПСКОГО РАЙОНА;68;156;218;374;136;187;323;257;389;646;228;339;567
Иссык-Кульская обл.;4170200000000000;Тюпский р-н;41702225000000000;241461;ЦОВП ТЮПСКОГО РАЙОНА;ЦЕНТР ОБЩЕВРАЧЕБНОЙ ТЮПСКОГО РАЙОНА;69;146;199;345;126;174;300;214;332;546;182;303;485
Иссык-Кульская обл.;4170200000000000;Тюпский р-н;41702225000000000;241461;ЦОВП ТЮПСКОГО РАЙОНА;ЦЕНТР ОБЩЕВРАЧЕБНОЙ ТЮПСКОГО РАЙОНА;70;119;204;323;99;186;285;180;337;517;147;305;452
Иссык-Кульская обл.;4170200000000000;Тюпский р-н;41702225000000000;241461;ЦОВП ТЮПСКОГО РАЙОНА;ЦЕНТР ОБЩЕВРАЧЕБНОЙ ТЮПСКОГО РАЙОНА;71;94;162;256;86;153;239;138;287;425;118;259;377
Иссык-Кульская обл.;4170200000000000;Тюпский р-н;41702225000000000;241461;ЦОВП ТЮПСКОГО РАЙОНА;ЦЕНТР ОБЩЕВРАЧЕБНОЙ ТЮПСКОГО РАЙОНА;72;91;136;227;79;126;205;159;270;429;145;226;371
Иссык-Кульская обл.;4170200000000000;Тюпский р-н;41702225000000000;241461;ЦОВП ТЮПСКОГО РАЙОНА;ЦЕНТР ОБЩЕВРАЧЕБНОЙ ТЮПСКОГО РАЙОНА;73;94;134;228;88;121;209;145;293;438;134;267;401
Иссык-Кульская обл.;4170200000000000;Тюпский р-н;41702225000000000;241461;ЦОВП ТЮПСКОГО РАЙОНА;ЦЕНТР ОБЩЕВРАЧЕБНОЙ ТЮПСКОГО РАЙОНА;74;84;146;230;76;138;214;130;225;355;120;212;332
Иссык-Кульская обл.;4170200000000000;Тюпский р-н;41702225000000000;241461;ЦОВП ТЮПСКОГО РАЙОНА;ЦЕНТР ОБЩЕВРАЧЕБНОЙ ТЮПСКОГО РАЙОНА;75;52;89;141;49;75;124;55;185;240;52;160;212
Иссык-Кульская обл.;4170200000000000;Тюпский р-н;41702225000000000;241461;ЦОВП ТЮПСКОГО РАЙОНА;ЦЕНТР ОБЩЕВРАЧЕБНОЙ ТЮПСКОГО РАЙОНА;76;55;97;152;49;87;136;69;141;210;61;128;189
Иссык-Кульская обл.;4170200000000000;Тюпский р-н;41702225000000000;241461;ЦОВП ТЮПСКОГО РАЙОНА;ЦЕНТР ОБЩЕВРАЧЕБНОЙ ТЮПСКОГО РАЙОНА;77;49;79;128;44;73;117;64;184;248;59;154;213
Иссык-Кульская обл.;4170200000000000;Тюпский р-н;41702225000000000;241461;ЦОВП ТЮПСКОГО РАЙОНА;ЦЕНТР ОБЩЕВРАЧЕБНОЙ ТЮПСКОГО РАЙОНА;78;36;68;104;31;64;95;64;72;136;54;69;123
Иссык-Кульская обл.;4170200000000000;Тюпский р-н;41702225000000000;241461;ЦОВП ТЮПСКОГО РАЙОНА;ЦЕНТР ОБЩЕВРАЧЕБНОЙ ТЮПСКОГО РАЙОНА;79;15;32;47;14;28;42;11;41;52;10;32;42
Иссык-Кульская обл.;4170200000000000;Тюпский р-н;41702225000000000;241461;ЦОВП ТЮПСКОГО РАЙОНА;ЦЕНТР ОБЩЕВРАЧЕБНОЙ ТЮПСКОГО РАЙОНА;80;7;30;37;7;25;32;7;44;51;7;37;44
Иссык-Кульская обл.;4170200000000000;Тюпский р-н;41702225000000000;241461;ЦОВП ТЮПСКОГО РАЙОНА;ЦЕНТР ОБЩЕВРАЧЕБНОЙ ТЮПСКОГО РАЙОНА;81;17;43;60;15;38;53;31;69;100;23;65;88
Иссык-Кульская обл.;4170200000000000;Тюпский р-н;41702225000000000;241461;ЦОВП ТЮПСКОГО РАЙОНА;ЦЕНТР ОБЩЕВРАЧЕБНОЙ ТЮПСКОГО РАЙОНА;82;28;55;83;27;52;79;33;38;71;30;33;63
Иссык-Кульская обл.;4170200000000000;Тюпский р-н;41702225000000000;241461;ЦОВП ТЮПСКОГО РАЙОНА;ЦЕНТР ОБЩЕВРАЧЕБНОЙ ТЮПСКОГО РАЙОНА;83;14;47;61;13;44;57;14;57;71;10;51;61
Иссык-Кульская обл.;4170200000000000;Тюпский р-н;41702225000000000;241461;ЦОВП ТЮПСКОГО РАЙОНА;ЦЕНТР ОБЩЕВРАЧЕБНОЙ ТЮПСКОГО РАЙОНА;84;21;62;83;18;54;72;25;101;126;18;71;89
Иссык-Кульская обл.;4170200000000000;Тюпский р-н;41702225000000000;241461;ЦОВП ТЮПСКОГО РАЙОНА;ЦЕНТР ОБЩЕВРАЧЕБНОЙ ТЮПСКОГО РАЙОНА;85;14;54;68;14;50;64;21;49;70;21;39;60
Иссык-Кульская обл.;4170200000000000;Тюпский р-н;41702225000000000;241461;ЦОВП ТЮПСКОГО РАЙОНА;ЦЕНТР ОБЩЕВРАЧЕБНОЙ ТЮПСКОГО РАЙОНА;86;20;43;63;19;42;61;25;19;44;23;17;40
Иссык-Кульская обл.;4170200000000000;Тюпский р-н;41702225000000000;241461;ЦОВП ТЮПСКОГО РАЙОНА;ЦЕНТР ОБЩЕВРАЧЕБНОЙ ТЮПСКОГО РАЙОНА;87;16;46;62;16;41;57;24;56;80;17;45;62
Иссык-Кульская обл.;4170200000000000;Тюпский р-н;41702225000000000;241461;ЦОВП ТЮПСКОГО РАЙОНА;ЦЕНТР ОБЩЕВРАЧЕБНОЙ ТЮПСКОГО РАЙОНА;88;13;36;49;9;35;44;20;25;45;19;15;34
Иссык-Кульская обл.;4170200000000000;Тюпский р-н;41702225000000000;241461;ЦОВП ТЮПСКОГО РАЙОНА;ЦЕНТР ОБЩЕВРАЧЕБНОЙ ТЮПСКОГО РАЙОНА;89;5;24;29;4;22;26;4;28;32;4;25;29
Иссык-Кульская обл.;4170200000000000;Тюпский р-н;41702225000000000;241461;ЦОВП ТЮПСКОГО РАЙОНА;ЦЕНТР ОБЩЕВРАЧЕБНОЙ ТЮПСКОГО РАЙОНА;90;7;22;29;6;20;26;7;6;13;3;4;7
Иссык-Кульская обл.;4170200000000000;Тюпский р-н;41702225000000000;241461;ЦОВП ТЮПСКОГО РАЙОНА;ЦЕНТР ОБЩЕВРАЧЕБНОЙ ТЮПСКОГО РАЙОНА;91;4;21;25;3;18;21;0;17;17;0;14;14
Иссык-Кульская обл.;4170200000000000;Тюпский р-н;41702225000000000;241461;ЦОВП ТЮПСКОГО РАЙОНА;ЦЕНТР ОБЩЕВРАЧЕБНОЙ ТЮПСКОГО РАЙОНА;92;3;13;16;3;12;15;6;9;15;6;5;11
Иссык-Кульская обл.;4170200000000000;Тюпский р-н;41702225000000000;241461;ЦОВП ТЮПСКОГО РАЙОНА;ЦЕНТР ОБЩЕВРАЧЕБНОЙ ТЮПСКОГО РАЙОНА;93;3;11;14;3;11;14;3;7;10;3;7;10
Иссык-Кульская обл.;4170200000000000;Тюпский р-н;41702225000000000;241461;ЦОВП ТЮПСКОГО РАЙОНА;ЦЕНТР ОБЩЕВРАЧЕБНОЙ ТЮПСКОГО РАЙОНА;94;3;20;23;1;18;19;2;12;14;0;10;10
Иссык-Кульская обл.;4170200000000000;Тюпский р-н;41702225000000000;241461;ЦОВП ТЮПСКОГО РАЙОНА;ЦЕНТР ОБЩЕВРАЧЕБНОЙ ТЮПСКОГО РАЙОНА;95;0;10;10;0;10;10;0;2;2;0;2;2
Иссык-Кульская обл.;4170200000000000;Тюпский р-н;41702225000000000;241461;ЦОВП ТЮПСКОГО РАЙОНА;ЦЕНТР ОБЩЕВРАЧЕБНОЙ ТЮПСКОГО РАЙОНА;96;1;5;6;1;5;6;0;1;1;0;1;1
Иссык-Кульская обл.;4170200000000000;Тюпский р-н;41702225000000000;241461;ЦОВП ТЮПСКОГО РАЙОНА;ЦЕНТР ОБЩЕВРАЧЕБНОЙ ТЮПСКОГО РАЙОНА;97;0;3;3;0;3;3;0;3;3;0;3;3
Иссык-Кульская обл.;4170200000000000;Тюпский р-н;41702225000000000;241461;ЦОВП ТЮПСКОГО РАЙОНА;ЦЕНТР ОБЩЕВРАЧЕБНОЙ ТЮПСКОГО РАЙОНА;101;0;1;1;0;1;1;0;1;1;0;1;1
Иссык-Кульская обл.;4170200000000000;Тюпский р-н;41702225000000000;241461;ЦОВП ТЮПСКОГО РАЙОНА;ЦЕНТР ОБЩЕВРАЧЕБНОЙ ТЮПСКОГО РАЙОНА;102;0;2;2;0;2;2;0;1;1;0;1;1
Иссык-Кульская обл.;4170200000000000;Тюпский р-н;41702225000000000;241461;ЦОВП ТЮПСКОГО РАЙОНА;ЦЕНТР ОБЩЕВРАЧЕБНОЙ ТЮПСКОГО РАЙОНА;108;0;1;1;0;1;1;0;2;2;0;2;2
Иссык-Кульская обл.;4170200000000000;Тюпский р-н;41702225000000000;241461;ЦОВП ТЮПСКОГО РАЙОНА;ЦЕНТР ОБЩЕВРАЧЕБНОЙ ТЮПСКОГО РАЙОНА;109;0;1;1;0;1;1;0;1;1;0;1;1
Ошская обл.;4170600000000000;Узгенский р-н;41706255000000000;641501;ЦОВП УЗГЕН;"Учреждение ""Центр общеврачебной практики Узгенского района Ошской области""";0;1014;1020;2034;1014;1020;2034;4132;4132;8264;4132;4132;8264
Ошская обл.;4170600000000000;Узгенский р-н;41706255000000000;641501;ЦОВП УЗГЕН;"Учреждение ""Центр общеврачебной практики Узгенского района Ошской области""";1;1845;1714;3559;1845;1714;3559;1501;1459;2960;1501;1459;2960
Ошская обл.;4170600000000000;Узгенский р-н;41706255000000000;641501;ЦОВП УЗГЕН;"Учреждение ""Центр общеврачебной практики Узгенского района Ошской области""";2;1835;1810;3645;1835;1810;3645;927;833;1760;927;833;1760
Ошская обл.;4170600000000000;Узгенский р-н;41706255000000000;641501;ЦОВП УЗГЕН;"Учреждение ""Центр общеврачебной практики Узгенского района Ошской области""";3;1880;1903;3783;1880;1903;3783;580;449;1029;580;449;1029
Ошская обл.;4170600000000000;Узгенский р-н;41706255000000000;641501;ЦОВП УЗГЕН;"Учреждение ""Центр общеврачебной практики Узгенского района Ошской области""";4;1832;1760;3592;1832;1760;3592;433;433;866;433;433;866
Ошская обл.;4170600000000000;Узгенский р-н;41706255000000000;641501;ЦОВП УЗГЕН;"Учреждение ""Центр общеврачебной практики Узгенского района Ошской области""";5;1768;1717;3485;1768;1717;3485;513;485;998;513;485;998
Ошская обл.;4170600000000000;Узгенский р-н;41706255000000000;641501;ЦОВП УЗГЕН;"Учреждение ""Центр общеврачебной практики Узгенского района Ошской области""";6;1803;1809;3612;1803;1809;3612;501;529;1030;501;529;1030
Ошская обл.;4170600000000000;Узгенский р-н;41706255000000000;641501;ЦОВП УЗГЕН;"Учреждение ""Центр общеврачебной практики Узгенского района Ошской области""";7;1706;1671;3377;1706;1671;3377;294;225;519;294;225;519
Ошская обл.;4170600000000000;Узгенский р-н;41706255000000000;641501;ЦОВП УЗГЕН;"Учреждение ""Центр общеврачебной практики Узгенского района Ошской области""";8;1689;1660;3349;1689;1660;3349;270;183;453;270;183;453
Ошская обл.;4170600000000000;Узгенский р-н;41706255000000000;641501;ЦОВП УЗГЕН;"Учреждение ""Центр общеврачебной практики Узгенского района Ошской области""";9;1683;1782;3465;1683;1782;3465;197;191;388;197;191;388
Ошская обл.;4170600000000000;Узгенский р-н;41706255000000000;641501;ЦОВП УЗГЕН;"Учреждение ""Центр общеврачебной практики Узгенского района Ошской области""";10;1568;1600;3168;1568;1600;3168;188;191;379;188;191;379
Ошская обл.;4170600000000000;Узгенский р-н;41706255000000000;641501;ЦОВП УЗГЕН;"Учреждение ""Центр общеврачебной практики Узгенского района Ошской области""";11;1599;1534;3133;1599;1534;3133;217;185;402;217;185;402
Ошская обл.;4170600000000000;Узгенский р-н;41706255000000000;641501;ЦОВП УЗГЕН;"Учреждение ""Центр общеврачебной практики Узгенского района Ошской области""";12;1564;1591;3155;1564;1591;3155;165;178;343;165;178;343
Ошская обл.;4170600000000000;Узгенский р-н;41706255000000000;641501;ЦОВП УЗГЕН;"Учреждение ""Центр общеврачебной практики Узгенского района Ошской области""";13;1464;1452;2916;1464;1452;2916;239;193;432;239;193;432
Ошская обл.;4170600000000000;Узгенский р-н;41706255000000000;641501;ЦОВП УЗГЕН;"Учреждение ""Центр общеврачебной практики Узгенского района Ошской области""";14;1566;1619;3185;1566;1619;3185;270;260;530;270;260;530
Ошская обл.;4170600000000000;Узгенский р-н;41706255000000000;641501;ЦОВП УЗГЕН;"Учреждение ""Центр общеврачебной практики Узгенского района Ошской области""";15;1419;1432;2851;1419;1432;2851;273;262;535;273;262;535
Ошская обл.;4170600000000000;Узгенский р-н;41706255000000000;641501;ЦОВП УЗГЕН;"Учреждение ""Центр общеврачебной практики Узгенского района Ошской области""";16;1346;1339;2685;1346;1339;2685;260;259;519;258;250;508
Ошская обл.;4170600000000000;Узгенский р-н;41706255000000000;641501;ЦОВП УЗГЕН;"Учреждение ""Центр общеврачебной практики Узгенского района Ошской области""";17;1283;1266;2549;1229;1218;2447;469;381;850;338;289;627
Ошская обл.;4170600000000000;Узгенский р-н;41706255000000000;641501;ЦОВП УЗГЕН;"Учреждение ""Центр общеврачебной практики Узгенского района Ошской области""";18;1155;1156;2311;951;960;1911;527;1142;1669;349;572;921
Ошская обл.;4170600000000000;Узгенский р-н;41706255000000000;641501;ЦОВП УЗГЕН;"Учреждение ""Центр общеврачебной практики Узгенского района Ошской области""";19;1141;1056;2197;347;368;715;297;1392;1689;52;349;401
Ошская обл.;4170600000000000;Узгенский р-н;41706255000000000;641501;ЦОВП УЗГЕН;"Учреждение ""Центр общеврачебной практики Узгенского района Ошской области""";20;1061;963;2024;93;241;334;268;1327;1595;37;601;638
Ошская обл.;4170600000000000;Узгенский р-н;41706255000000000;641501;ЦОВП УЗГЕН;"Учреждение ""Центр общеврачебной практики Узгенского района Ошской области""";21;993;851;1844;95;268;363;206;1369;1575;22;671;693
Ошская обл.;4170600000000000;Узгенский р-н;41706255000000000;641501;ЦОВП УЗГЕН;"Учреждение ""Центр общеврачебной практики Узгенского района Ошской области""";22;1012;893;1905;88;301;389;200;1253;1453;36;675;711
Ошская обл.;4170600000000000;Узгенский р-н;41706255000000000;641501;ЦОВП УЗГЕН;"Учреждение ""Центр общеврачебной практики Узгенского района Ошской области""";23;980;864;1844;112;314;426;212;1225;1437;61;628;689
Ошская обл.;4170600000000000;Узгенский р-н;41706255000000000;641501;ЦОВП УЗГЕН;"Учреждение ""Центр общеврачебной практики Узгенского района Ошской области""";24;918;869;1787;89;331;420;182;1031;1213;45;481;526
Ошская обл.;4170600000000000;Узгенский р-н;41706255000000000;641501;ЦОВП УЗГЕН;"Учреждение ""Центр общеврачебной практики Узгенского района Ошской области""";25;1056;956;2012;133;373;506;231;1251;1482;42;646;688
Ошская обл.;4170600000000000;Узгенский р-н;41706255000000000;641501;ЦОВП УЗГЕН;"Учреждение ""Центр общеврачебной практики Узгенского района Ошской области""";26;1056;941;1997;132;389;521;221;1306;1527;39;641;680
Ошская обл.;4170600000000000;Узгенский р-н;41706255000000000;641501;ЦОВП УЗГЕН;"Учреждение ""Центр общеврачебной практики Узгенского района Ошской области""";27;1033;975;2008;133;389;522;229;1242;1471;64;675;739
Ошская обл.;4170600000000000;Узгенский р-н;41706255000000000;641501;ЦОВП УЗГЕН;"Учреждение ""Центр общеврачебной практики Узгенского района Ошской области""";28;1124;1013;2137;175;397;572;228;1189;1417;55;567;622
Ошская обл.;4170600000000000;Узгенский р-н;41706255000000000;641501;ЦОВП УЗГЕН;"Учреждение ""Центр общеврачебной практики Узгенского района Ошской области""";29;1146;1099;2245;244;454;698;244;1270;1514;115;741;856
Ошская обл.;4170600000000000;Узгенский р-н;41706255000000000;641501;ЦОВП УЗГЕН;"Учреждение ""Центр общеврачебной практики Узгенского района Ошской области""";30;1242;1121;2363;604;607;1211;258;1290;1548;152;956;1108
Ошская обл.;4170600000000000;Узгенский р-н;41706255000000000;641501;ЦОВП УЗГЕН;"Учреждение ""Центр общеврачебной практики Узгенского района Ошской области""";31;1183;1126;2309;611;708;1319;274;1261;1535;181;837;1018
Ошская обл.;4170600000000000;Узгенский р-н;41706255000000000;641501;ЦОВП УЗГЕН;"Учреждение ""Центр общеврачебной практики Узгенского района Ошской области""";32;1147;1099;2246;642;681;1323;240;1116;1356;161;747;908
Ошская обл.;4170600000000000;Узгенский р-н;41706255000000000;641501;ЦОВП УЗГЕН;"Учреждение ""Центр общеврачебной практики Узгенского района Ошской области""";33;1129;996;2125;640;638;1278;225;1124;1349;147;818;965
Ошская обл.;4170600000000000;Узгенский р-н;41706255000000000;641501;ЦОВП УЗГЕН;"Учреждение ""Центр общеврачебной практики Узгенского района Ошской области""";34;1177;1104;2281;704;732;1436;248;954;1202;155;724;879
Ошская обл.;4170600000000000;Узгенский р-н;41706255000000000;641501;ЦОВП УЗГЕН;"Учреждение ""Центр общеврачебной практики Узгенского района Ошской области""";35;1018;1038;2056;627;704;1331;307;885;1192;213;649;862
Ошская обл.;4170600000000000;Узгенский р-н;41706255000000000;641501;ЦОВП УЗГЕН;"Учреждение ""Центр общеврачебной практики Узгенского района Ошской области""";36;1059;941;2000;692;651;1343;248;903;1151;170;680;850
Ошская обл.;4170600000000000;Узгенский р-н;41706255000000000;641501;ЦОВП УЗГЕН;"Учреждение ""Центр общеврачебной практики Узгенского района Ошской области""";37;1092;1046;2138;687;717;1404;226;892;1118;161;678;839
Ошская обл.;4170600000000000;Узгенский р-н;41706255000000000;641501;ЦОВП УЗГЕН;"Учреждение ""Центр общеврачебной практики Узгенского района Ошской области""";38;966;966;1932;608;668;1276;223;633;856;169;460;629
Ошская обл.;4170600000000000;Узгенский р-н;41706255000000000;641501;ЦОВП УЗГЕН;"Учреждение ""Центр общеврачебной практики Узгенского района Ошской области""";39;926;860;1786;607;606;1213;261;623;884;204;470;674
Ошская обл.;4170600000000000;Узгенский р-н;41706255000000000;641501;ЦОВП УЗГЕН;"Учреждение ""Центр общеврачебной практики Узгенского района Ошской области""";40;849;801;1650;544;537;1081;267;614;881;203;425;628
Ошская обл.;4170600000000000;Узгенский р-н;41706255000000000;641501;ЦОВП УЗГЕН;"Учреждение ""Центр общеврачебной практики Узгенского района Ошской области""";41;784;803;1587;466;566;1032;166;465;631;125;352;477
Ошская обл.;4170600000000000;Узгенский р-н;41706255000000000;641501;ЦОВП УЗГЕН;"Учреждение ""Центр общеврачебной практики Узгенского района Ошской области""";42;716;734;1450;442;497;939;187;405;592;109;292;401
Ошская обл.;4170600000000000;Узгенский р-н;41706255000000000;641501;ЦОВП УЗГЕН;"Учреждение ""Центр общеврачебной практики Узгенского района Ошской области""";43;721;708;1429;446;457;903;149;440;589;105;336;441
Ошская обл.;4170600000000000;Узгенский р-н;41706255000000000;641501;ЦОВП УЗГЕН;"Учреждение ""Центр общеврачебной практики Узгенского района Ошской области""";44;647;677;1324;373;459;832;216;405;621;143;319;462
Ошская обл.;4170600000000000;Узгенский р-н;41706255000000000;641501;ЦОВП УЗГЕН;"Учреждение ""Центр общеврачебной практики Узгенского района Ошской области""";45;643;658;1301;346;403;749;175;394;569;100;267;367
Ошская обл.;4170600000000000;Узгенский р-н;41706255000000000;641501;ЦОВП УЗГЕН;"Учреждение ""Центр общеврачебной практики Узгенского района Ошской области""";46;669;596;1265;368;365;733;233;446;679;151;324;475
Ошская обл.;4170600000000000;Узгенский р-н;41706255000000000;641501;ЦОВП УЗГЕН;"Учреждение ""Центр общеврачебной практики Узгенского района Ошской области""";47;621;586;1207;306;323;629;197;397;594;145;268;413
Ошская обл.;4170600000000000;Узгенский р-н;41706255000000000;641501;ЦОВП УЗГЕН;"Учреждение ""Центр общеврачебной практики Узгенского района Ошской области""";48;577;592;1169;286;319;605;184;360;544;109;244;353
Ошская обл.;4170600000000000;Узгенский р-н;41706255000000000;641501;ЦОВП УЗГЕН;"Учреждение ""Центр общеврачебной практики Узгенского района Ошской области""";49;546;559;1105;234;283;517;169;389;558;85;214;299
Ошская обл.;4170600000000000;Узгенский р-н;41706255000000000;641501;ЦОВП УЗГЕН;"Учреждение ""Центр общеврачебной практики Узгенского района Ошской области""";50;509;545;1054;241;279;520;232;495;727;144;323;467
Ошская обл.;4170600000000000;Узгенский р-н;41706255000000000;641501;ЦОВП УЗГЕН;"Учреждение ""Центр общеврачебной практики Узгенского района Ошской области""";51;582;533;1115;251;284;535;194;500;694;113;353;466
Ошская обл.;4170600000000000;Узгенский р-н;41706255000000000;641501;ЦОВП УЗГЕН;"Учреждение ""Центр общеврачебной практики Узгенского района Ошской области""";52;482;514;996;191;289;480;182;492;674;98;372;470
Ошская обл.;4170600000000000;Узгенский р-н;41706255000000000;641501;ЦОВП УЗГЕН;"Учреждение ""Центр общеврачебной практики Узгенского района Ошской области""";53;533;571;1104;248;316;564;221;508;729;117;333;450
Ошская обл.;4170600000000000;Узгенский р-н;41706255000000000;641501;ЦОВП УЗГЕН;"Учреждение ""Центр общеврачебной практики Узгенского района Ошской области""";54;477;585;1062;208;317;525;191;462;653;100;321;421
Ошская обл.;4170600000000000;Узгенский р-н;41706255000000000;641501;ЦОВП УЗГЕН;"Учреждение ""Центр общеврачебной практики Узгенского района Ошской области""";55;533;566;1099;246;350;596;206;589;795;127;439;566
Ошская обл.;4170600000000000;Узгенский р-н;41706255000000000;641501;ЦОВП УЗГЕН;"Учреждение ""Центр общеврачебной практики Узгенского района Ошской области""";56;545;554;1099;244;357;601;224;571;795;143;397;540
Ошская обл.;4170600000000000;Узгенский р-н;41706255000000000;641501;ЦОВП УЗГЕН;"Учреждение ""Центр общеврачебной практики Узгенского района Ошской области""";57;507;525;1032;268;354;622;247;569;816;165;428;593
Ошская обл.;4170600000000000;Узгенский р-н;41706255000000000;641501;ЦОВП УЗГЕН;"Учреждение ""Центр общеврачебной практики Узгенского района Ошской области""";58;477;570;1047;256;403;659;296;547;843;183;415;598
Ошская обл.;4170600000000000;Узгенский р-н;41706255000000000;641501;ЦОВП УЗГЕН;"Учреждение ""Центр общеврачебной практики Узгенского района Ошской области""";59;522;557;1079;312;452;764;304;596;900;220;523;743
Ошская обл.;4170600000000000;Узгенский р-н;41706255000000000;641501;ЦОВП УЗГЕН;"Учреждение ""Центр общеврачебной практики Узгенского района Ошской области""";60;461;556;1017;283;468;751;307;525;832;232;471;703
Ошская обл.;4170600000000000;Узгенский р-н;41706255000000000;641501;ЦОВП УЗГЕН;"Учреждение ""Центр общеврачебной практики Узгенского района Ошской области""";61;496;545;1041;342;472;814;296;524;820;243;471;714
Ошская обл.;4170600000000000;Узгенский р-н;41706255000000000;641501;ЦОВП УЗГЕН;"Учреждение ""Центр общеврачебной практики Узгенского района Ошской области""";62;439;570;1009;324;515;839;346;606;952;295;562;857
Ошская обл.;4170600000000000;Узгенский р-н;41706255000000000;641501;ЦОВП УЗГЕН;"Учреждение ""Центр общеврачебной практики Узгенского района Ошской области""";63;451;520;971;332;483;815;326;656;982;278;635;913
Ошская обл.;4170600000000000;Узгенский р-н;41706255000000000;641501;ЦОВП УЗГЕН;"Учреждение ""Центр общеврачебной практики Узгенского района Ошской области""";64;454;572;1026;352;544;896;291;574;865;232;559;791
Ошская обл.;4170600000000000;Узгенский р-н;41706255000000000;641501;ЦОВП УЗГЕН;"Учреждение ""Центр общеврачебной практики Узгенского района Ошской области""";65;368;420;788;313;415;728;242;504;746;207;498;705
Ошская обл.;4170600000000000;Узгенский р-н;41706255000000000;641501;ЦОВП УЗГЕН;"Учреждение ""Центр общеврачебной практики Узгенского района Ошской области""";66;337;484;821;287;479;766;228;452;680;194;443;637
Ошская обл.;4170600000000000;Узгенский р-н;41706255000000000;641501;ЦОВП УЗГЕН;"Учреждение ""Центр общеврачебной практики Узгенского района Ошской области""";67;283;394;677;242;390;632;238;360;598;227;358;585
Ошская обл.;4170600000000000;Узгенский р-н;41706255000000000;641501;ЦОВП УЗГЕН;"Учреждение ""Центр общеврачебной практики Узгенского района Ошской области""";68;295;381;676;271;378;649;227;391;618;209;381;590
Ошская обл.;4170600000000000;Узгенский р-н;41706255000000000;641501;ЦОВП УЗГЕН;"Учреждение ""Центр общеврачебной практики Узгенского района Ошской области""";69;200;307;507;182;302;484;185;381;566;177;377;554
Ошская обл.;4170600000000000;Узгенский р-н;41706255000000000;641501;ЦОВП УЗГЕН;"Учреждение ""Центр общеврачебной практики Узгенского района Ошской области""";70;205;290;495;188;286;474;179;321;500;171;319;490
Ошская обл.;4170600000000000;Узгенский р-н;41706255000000000;641501;ЦОВП УЗГЕН;"Учреждение ""Центр общеврачебной практики Узгенского района Ошской области""";71;194;253;447;191;252;443;170;241;411;165;240;405
Ошская обл.;4170600000000000;Узгенский р-н;41706255000000000;641501;ЦОВП УЗГЕН;"Учреждение ""Центр общеврачебной практики Узгенского района Ошской области""";72;141;209;350;141;207;348;163;274;437;155;267;422
Ошская обл.;4170600000000000;Узгенский р-н;41706255000000000;641501;ЦОВП УЗГЕН;"Учреждение ""Центр общеврачебной практики Узгенского района Ошской области""";73;123;200;323;123;196;319;120;214;334;120;205;325
Ошская обл.;4170600000000000;Узгенский р-н;41706255000000000;641501;ЦОВП УЗГЕН;"Учреждение ""Центр общеврачебной практики Узгенского района Ошской области""";74;131;183;314;131;178;309;70;174;244;70;169;239
Ошская обл.;4170600000000000;Узгенский р-н;41706255000000000;641501;ЦОВП УЗГЕН;"Учреждение ""Центр общеврачебной практики Узгенского района Ошской области""";75;110;156;266;110;155;265;56;143;199;55;140;195
Ошская обл.;4170600000000000;Узгенский р-н;41706255000000000;641501;ЦОВП УЗГЕН;"Учреждение ""Центр общеврачебной практики Узгенского района Ошской области""";76;96;114;210;94;111;205;89;106;195;89;103;192
Ошская обл.;4170600000000000;Узгенский р-н;41706255000000000;641501;ЦОВП УЗГЕН;"Учреждение ""Центр общеврачебной практики Узгенского района Ошской области""";77;78;101;179;76;100;176;91;84;175;91;84;175
Ошская обл.;4170600000000000;Узгенский р-н;41706255000000000;641501;ЦОВП УЗГЕН;"Учреждение ""Центр общеврачебной практики Узгенского района Ошской области""";78;51;75;126;50;74;124;34;51;85;34;51;85
Ошская обл.;4170600000000000;Узгенский р-н;41706255000000000;641501;ЦОВП УЗГЕН;"Учреждение ""Центр общеврачебной практики Узгенского района Ошской области""";79;28;46;74;28;46;74;13;48;61;13;46;59
Ошская обл.;4170600000000000;Узгенский р-н;41706255000000000;641501;ЦОВП УЗГЕН;"Учреждение ""Центр общеврачебной практики Узгенского района Ошской области""";80;26;31;57;26;30;56;10;28;38;10;24;34
Ошская обл.;4170600000000000;Узгенский р-н;41706255000000000;641501;ЦОВП УЗГЕН;"Учреждение ""Центр общеврачебной практики Узгенского района Ошской области""";81;23;35;58;23;35;58;13;58;71;13;55;68
Ошская обл.;4170600000000000;Узгенский р-н;41706255000000000;641501;ЦОВП УЗГЕН;"Учреждение ""Центр общеврачебной практики Узгенского района Ошской области""";82;41;56;97;39;56;95;17;21;38;16;20;36
Ошская обл.;4170600000000000;Узгенский р-н;41706255000000000;641501;ЦОВП УЗГЕН;"Учреждение ""Центр общеврачебной практики Узгенского района Ошской области""";83;30;51;81;30;48;78;33;67;100;33;65;98
Ошская обл.;4170600000000000;Узгенский р-н;41706255000000000;641501;ЦОВП УЗГЕН;"Учреждение ""Центр общеврачебной практики Узгенского района Ошской области""";84;52;82;134;50;81;131;29;25;54;29;25;54
Ошская обл.;4170600000000000;Узгенский р-н;41706255000000000;641501;ЦОВП УЗГЕН;"Учреждение ""Центр общеврачебной практики Узгенского района Ошской области""";85;22;47;69;22;47;69;20;28;48;19;26;45
Ошская обл.;4170600000000000;Узгенский р-н;41706255000000000;641501;ЦОВП УЗГЕН;"Учреждение ""Центр общеврачебной практики Узгенского района Ошской области""";86;17;54;71;17;53;70;6;29;35;6;27;33
Ошская обл.;4170600000000000;Узгенский р-н;41706255000000000;641501;ЦОВП УЗГЕН;"Учреждение ""Центр общеврачебной практики Узгенского района Ошской области""";87;15;27;42;15;26;41;6;16;22;6;16;22
Ошская обл.;4170600000000000;Узгенский р-н;41706255000000000;641501;ЦОВП УЗГЕН;"Учреждение ""Центр общеврачебной практики Узгенского района Ошской области""";88;12;28;40;12;28;40;2;13;15;2;10;12
Ошская обл.;4170600000000000;Узгенский р-н;41706255000000000;641501;ЦОВП УЗГЕН;"Учреждение ""Центр общеврачебной практики Узгенского района Ошской области""";89;11;23;34;11;21;32;2;4;6;2;4;6
Ошская обл.;4170600000000000;Узгенский р-н;41706255000000000;641501;ЦОВП УЗГЕН;"Учреждение ""Центр общеврачебной практики Узгенского района Ошской области""";90;6;16;22;5;16;21;0;2;2;0;2;2
Ошская обл.;4170600000000000;Узгенский р-н;41706255000000000;641501;ЦОВП УЗГЕН;"Учреждение ""Центр общеврачебной практики Узгенского района Ошской области""";91;3;9;12;3;9;12;7;3;10;7;3;10
Ошская обл.;4170600000000000;Узгенский р-н;41706255000000000;641501;ЦОВП УЗГЕН;"Учреждение ""Центр общеврачебной практики Узгенского района Ошской области""";92;2;16;18;2;16;18;2;1;3;2;1;3
Ошская обл.;4170600000000000;Узгенский р-н;41706255000000000;641501;ЦОВП УЗГЕН;"Учреждение ""Центр общеврачебной практики Узгенского района Ошской области""";93;4;8;12;4;8;12;3;1;4;3;1;4
Ошская обл.;4170600000000000;Узгенский р-н;41706255000000000;641501;ЦОВП УЗГЕН;"Учреждение ""Центр общеврачебной практики Узгенского района Ошской области""";94;2;10;12;1;9;10;1;3;4;1;3;4
Ошская обл.;4170600000000000;Узгенский р-н;41706255000000000;641501;ЦОВП УЗГЕН;"Учреждение ""Центр общеврачебной практики Узгенского района Ошской области""";96;3;1;4;3;1;4;1;0;1;1;0;1
Ошская обл.;4170600000000000;Узгенский р-н;41706255000000000;641501;ЦОВП УЗГЕН;"Учреждение ""Центр общеврачебной практики Узгенского района Ошской области""";97;2;2;4;2;2;4;0;3;3;0;3;3
Ошская обл.;4170600000000000;Узгенский р-н;41706255000000000;641501;ЦОВП УЗГЕН;"Учреждение ""Центр общеврачебной практики Узгенского района Ошской области""";101;0;1;1;0;1;1;0;1;1;0;1;1
Джалал-Абадская обл.;4170300000000000;Токтогульский р-н;41703225000000000;306211;ЦОВП Уч-Терек им. Ч.Орозова;Центр общеврачебной практики имени Ч.Орозова села Уч-Терек Токтогульского района Жалал-Абадской области;0;26;42;68;26;42;68;77;104;181;77;104;181
Джалал-Абадская обл.;4170300000000000;Токтогульский р-н;41703225000000000;306211;ЦОВП Уч-Терек им. Ч.Орозова;Центр общеврачебной практики имени Ч.Орозова села Уч-Терек Токтогульского района Жалал-Абадской области;1;77;73;150;77;73;150;20;34;54;20;34;54
Джалал-Абадская обл.;4170300000000000;Токтогульский р-н;41703225000000000;306211;ЦОВП Уч-Терек им. Ч.Орозова;Центр общеврачебной практики имени Ч.Орозова села Уч-Терек Токтогульского района Жалал-Абадской области;2;82;94;176;82;94;176;11;18;29;11;18;29
Джалал-Абадская обл.;4170300000000000;Токтогульский р-н;41703225000000000;306211;ЦОВП Уч-Терек им. Ч.Орозова;Центр общеврачебной практики имени Ч.Орозова села Уч-Терек Токтогульского района Жалал-Абадской области;3;74;105;179;74;105;179;15;15;30;15;15;30
Джалал-Абадская обл.;4170300000000000;Токтогульский р-н;41703225000000000;306211;ЦОВП Уч-Терек им. Ч.Орозова;Центр общеврачебной практики имени Ч.Орозова села Уч-Терек Токтогульского района Жалал-Абадской области;4;94;112;206;94;112;206;11;19;30;11;19;30
Джалал-Абадская обл.;4170300000000000;Токтогульский р-н;41703225000000000;306211;ЦОВП Уч-Терек им. Ч.Орозова;Центр общеврачебной практики имени Ч.Орозова села Уч-Терек Токтогульского района Жалал-Абадской области;5;77;99;176;77;99;176;10;17;27;10;17;27
Джалал-Абадская обл.;4170300000000000;Токтогульский р-н;41703225000000000;306211;ЦОВП Уч-Терек им. Ч.Орозова;Центр общеврачебной практики имени Ч.Орозова села Уч-Терек Токтогульского района Жалал-Абадской области;6;98;121;219;98;121;219;13;2;15;13;2;15
Джалал-Абадская обл.;4170300000000000;Токтогульский р-н;41703225000000000;306211;ЦОВП Уч-Терек им. Ч.Орозова;Центр общеврачебной практики имени Ч.Орозова села Уч-Терек Токтогульского района Жалал-Абадской области;7;96;127;223;96;127;223;17;18;35;17;18;35
Джалал-Абадская обл.;4170300000000000;Токтогульский р-н;41703225000000000;306211;ЦОВП Уч-Терек им. Ч.Орозова;Центр общеврачебной практики имени Ч.Орозова села Уч-Терек Токтогульского района Жалал-Абадской области;8;82;150;232;82;150;232;6;0;6;6;0;6
Джалал-Абадская обл.;4170300000000000;Токтогульский р-н;41703225000000000;306211;ЦОВП Уч-Терек им. Ч.Орозова;Центр общеврачебной практики имени Ч.Орозова села Уч-Терек Токтогульского района Жалал-Абадской области;9;113;129;242;113;129;242;3;4;7;3;4;7
Джалал-Абадская обл.;4170300000000000;Токтогульский р-н;41703225000000000;306211;ЦОВП Уч-Терек им. Ч.Орозова;Центр общеврачебной практики имени Ч.Орозова села Уч-Терек Токтогульского района Жалал-Абадской области;10;106;136;242;106;136;242;7;6;13;7;6;13
Джалал-Абадская обл.;4170300000000000;Токтогульский р-н;41703225000000000;306211;ЦОВП Уч-Терек им. Ч.Орозова;Центр общеврачебной практики имени Ч.Орозова села Уч-Терек Токтогульского района Жалал-Абадской области;11;121;166;287;121;166;287;11;18;29;11;18;29
Джалал-Абадская обл.;4170300000000000;Токтогульский р-н;41703225000000000;306211;ЦОВП Уч-Терек им. Ч.Орозова;Центр общеврачебной практики имени Ч.Орозова села Уч-Терек Токтогульского района Жалал-Абадской области;12;125;148;273;125;148;273;12;3;15;12;3;15
Джалал-Абадская обл.;4170300000000000;Токтогульский р-н;41703225000000000;306211;ЦОВП Уч-Терек им. Ч.Орозова;Центр общеврачебной практики имени Ч.Орозова села Уч-Терек Токтогульского района Жалал-Абадской области;13;123;165;288;123;165;288;14;19;33;14;19;33
Джалал-Абадская обл.;4170300000000000;Токтогульский р-н;41703225000000000;306211;ЦОВП Уч-Терек им. Ч.Орозова;Центр общеврачебной практики имени Ч.Орозова села Уч-Терек Токтогульского района Жалал-Абадской области;14;139;135;274;139;135;274;38;31;69;38;31;69
Джалал-Абадская обл.;4170300000000000;Токтогульский р-н;41703225000000000;306211;ЦОВП Уч-Терек им. Ч.Орозова;Центр общеврачебной практики имени Ч.Орозова села Уч-Терек Токтогульского района Жалал-Абадской области;15;114;162;276;114;162;276;83;92;175;83;92;175
Джалал-Абадская обл.;4170300000000000;Токтогульский р-н;41703225000000000;306211;ЦОВП Уч-Терек им. Ч.Орозова;Центр общеврачебной практики имени Ч.Орозова села Уч-Терек Токтогульского района Жалал-Абадской области;16;113;144;257;113;144;257;56;55;111;56;55;111
Джалал-Абадская обл.;4170300000000000;Токтогульский р-н;41703225000000000;306211;ЦОВП Уч-Терек им. Ч.Орозова;Центр общеврачебной практики имени Ч.Орозова села Уч-Терек Токтогульского района Жалал-Абадской области;17;114;139;253;112;139;251;113;132;245;111;132;243
Джалал-Абадская обл.;4170300000000000;Токтогульский р-н;41703225000000000;306211;ЦОВП Уч-Терек им. Ч.Орозова;Центр общеврачебной практики имени Ч.Орозова села Уч-Терек Токтогульского района Жалал-Абадской области;18;107;120;227;107;118;225;136;157;293;133;156;289
Джалал-Абадская обл.;4170300000000000;Токтогульский р-н;41703225000000000;306211;ЦОВП Уч-Терек им. Ч.Орозова;Центр общеврачебной практики имени Ч.Орозова села Уч-Терек Токтогульского района Жалал-Абадской области;19;82;100;182;68;89;157;86;88;174;75;65;140
Джалал-Абадская обл.;4170300000000000;Токтогульский р-н;41703225000000000;306211;ЦОВП Уч-Терек им. Ч.Орозова;Центр общеврачебной практики имени Ч.Орозова села Уч-Терек Токтогульского района Жалал-Абадской области;20;104;98;202;76;76;152;87;49;136;61;24;85
Джалал-Абадская обл.;4170300000000000;Токтогульский р-н;41703225000000000;306211;ЦОВП Уч-Терек им. Ч.Орозова;Центр общеврачебной практики имени Ч.Орозова села Уч-Терек Токтогульского района Жалал-Абадской области;21;69;105;174;32;45;77;45;43;88;20;8;28
Джалал-Абадская обл.;4170300000000000;Токтогульский р-н;41703225000000000;306211;ЦОВП Уч-Терек им. Ч.Орозова;Центр общеврачебной практики имени Ч.Орозова села Уч-Терек Токтогульского района Жалал-Абадской области;22;97;88;185;2;3;5;44;56;100;0;2;2
Джалал-Абадская обл.;4170300000000000;Токтогульский р-н;41703225000000000;306211;ЦОВП Уч-Терек им. Ч.Орозова;Центр общеврачебной практики имени Ч.Орозова села Уч-Терек Токтогульского района Жалал-Абадской области;23;82;94;176;4;18;22;38;47;85;1;11;12
Джалал-Абадская обл.;4170300000000000;Токтогульский р-н;41703225000000000;306211;ЦОВП Уч-Терек им. Ч.Орозова;Центр общеврачебной практики имени Ч.Орозова села Уч-Терек Токтогульского района Жалал-Абадской области;24;68;93;161;4;15;19;41;53;94;10;14;24
Джалал-Абадская обл.;4170300000000000;Токтогульский р-н;41703225000000000;306211;ЦОВП Уч-Терек им. Ч.Орозова;Центр общеврачебной практики имени Ч.Орозова села Уч-Терек Токтогульского района Жалал-Абадской области;25;88;85;173;14;15;29;42;64;106;20;7;27
Джалал-Абадская обл.;4170300000000000;Токтогульский р-н;41703225000000000;306211;ЦОВП Уч-Терек им. Ч.Орозова;Центр общеврачебной практики имени Ч.Орозова села Уч-Терек Токтогульского района Жалал-Абадской области;26;87;75;162;8;12;20;20;56;76;6;25;31
Джалал-Абадская обл.;4170300000000000;Токтогульский р-н;41703225000000000;306211;ЦОВП Уч-Терек им. Ч.Орозова;Центр общеврачебной практики имени Ч.Орозова села Уч-Терек Токтогульского района Жалал-Абадской области;27;82;93;175;20;24;44;17;67;84;4;16;20
Джалал-Абадская обл.;4170300000000000;Токтогульский р-н;41703225000000000;306211;ЦОВП Уч-Терек им. Ч.Орозова;Центр общеврачебной практики имени Ч.Орозова села Уч-Терек Токтогульского района Жалал-Абадской области;28;110;75;185;17;19;36;32;80;112;6;26;32
Джалал-Абадская обл.;4170300000000000;Токтогульский р-н;41703225000000000;306211;ЦОВП Уч-Терек им. Ч.Орозова;Центр общеврачебной практики имени Ч.Орозова села Уч-Терек Токтогульского района Жалал-Абадской области;29;91;69;160;30;22;52;28;56;84;16;32;48
Джалал-Абадская обл.;4170300000000000;Токтогульский р-н;41703225000000000;306211;ЦОВП Уч-Терек им. Ч.Орозова;Центр общеврачебной практики имени Ч.Орозова села Уч-Терек Токтогульского района Жалал-Абадской области;30;104;73;177;52;37;89;37;88;125;24;66;90
Джалал-Абадская обл.;4170300000000000;Токтогульский р-н;41703225000000000;306211;ЦОВП Уч-Терек им. Ч.Орозова;Центр общеврачебной практики имени Ч.Орозова села Уч-Терек Токтогульского района Жалал-Абадской области;31;88;86;174;45;40;85;42;72;114;24;42;66
Джалал-Абадская обл.;4170300000000000;Токтогульский р-н;41703225000000000;306211;ЦОВП Уч-Терек им. Ч.Орозова;Центр общеврачебной практики имени Ч.Орозова села Уч-Терек Токтогульского района Жалал-Абадской области;32;85;83;168;47;36;83;24;72;96;19;43;62
Джалал-Абадская обл.;4170300000000000;Токтогульский р-н;41703225000000000;306211;ЦОВП Уч-Терек им. Ч.Орозова;Центр общеврачебной практики имени Ч.Орозова села Уч-Терек Токтогульского района Жалал-Абадской области;33;73;73;146;42;40;82;39;61;100;34;48;82
Джалал-Абадская обл.;4170300000000000;Токтогульский р-н;41703225000000000;306211;ЦОВП Уч-Терек им. Ч.Орозова;Центр общеврачебной практики имени Ч.Орозова села Уч-Терек Токтогульского района Жалал-Абадской области;34;73;72;145;44;27;71;35;38;73;29;28;57
Джалал-Абадская обл.;4170300000000000;Токтогульский р-н;41703225000000000;306211;ЦОВП Уч-Терек им. Ч.Орозова;Центр общеврачебной практики имени Ч.Орозова села Уч-Терек Токтогульского района Жалал-Абадской области;35;72;69;141;46;40;86;59;58;117;35;53;88
Джалал-Абадская обл.;4170300000000000;Токтогульский р-н;41703225000000000;306211;ЦОВП Уч-Терек им. Ч.Орозова;Центр общеврачебной практики имени Ч.Орозова села Уч-Терек Токтогульского района Жалал-Абадской области;36;69;50;119;47;27;74;38;72;110;33;68;101
Джалал-Абадская обл.;4170300000000000;Токтогульский р-н;41703225000000000;306211;ЦОВП Уч-Терек им. Ч.Орозова;Центр общеврачебной практики имени Ч.Орозова села Уч-Терек Токтогульского района Жалал-Абадской области;37;75;79;154;55;55;110;50;95;145;40;80;120
Джалал-Абадская обл.;4170300000000000;Токтогульский р-н;41703225000000000;306211;ЦОВП Уч-Терек им. Ч.Орозова;Центр общеврачебной практики имени Ч.Орозова села Уч-Терек Токтогульского района Жалал-Абадской области;38;83;74;157;58;48;106;27;83;110;25;66;91
Джалал-Абадская обл.;4170300000000000;Токтогульский р-н;41703225000000000;306211;ЦОВП Уч-Терек им. Ч.Орозова;Центр общеврачебной практики имени Ч.Орозова села Уч-Терек Токтогульского района Жалал-Абадской области;39;56;89;145;33;57;90;8;97;105;6;80;86
Джалал-Абадская обл.;4170300000000000;Токтогульский р-н;41703225000000000;306211;ЦОВП Уч-Терек им. Ч.Орозова;Центр общеврачебной практики имени Ч.Орозова села Уч-Терек Токтогульского района Жалал-Абадской области;40;60;62;122;41;40;81;41;57;98;22;39;61
Джалал-Абадская обл.;4170300000000000;Токтогульский р-н;41703225000000000;306211;ЦОВП Уч-Терек им. Ч.Орозова;Центр общеврачебной практики имени Ч.Орозова села Уч-Терек Токтогульского района Жалал-Абадской области;41;68;71;139;42;49;91;24;84;108;18;75;93
Джалал-Абадская обл.;4170300000000000;Токтогульский р-н;41703225000000000;306211;ЦОВП Уч-Терек им. Ч.Орозова;Центр общеврачебной практики имени Ч.Орозова села Уч-Терек Токтогульского района Жалал-Абадской области;42;46;66;112;37;37;74;15;55;70;11;47;58
Джалал-Абадская обл.;4170300000000000;Токтогульский р-н;41703225000000000;306211;ЦОВП Уч-Терек им. Ч.Орозова;Центр общеврачебной практики имени Ч.Орозова села Уч-Терек Токтогульского района Жалал-Абадской области;43;56;43;99;35;28;63;27;30;57;19;28;47
Джалал-Абадская обл.;4170300000000000;Токтогульский р-н;41703225000000000;306211;ЦОВП Уч-Терек им. Ч.Орозова;Центр общеврачебной практики имени Ч.Орозова села Уч-Терек Токтогульского района Жалал-Абадской области;44;69;54;123;46;34;80;29;55;84;13;45;58
Джалал-Абадская обл.;4170300000000000;Токтогульский р-н;41703225000000000;306211;ЦОВП Уч-Терек им. Ч.Орозова;Центр общеврачебной практики имени Ч.Орозова села Уч-Терек Токтогульского района Жалал-Абадской области;45;51;54;105;34;35;69;27;39;66;16;31;47
Джалал-Абадская обл.;4170300000000000;Токтогульский р-н;41703225000000000;306211;ЦОВП Уч-Терек им. Ч.Орозова;Центр общеврачебной практики имени Ч.Орозова села Уч-Терек Токтогульского района Жалал-Абадской области;46;54;46;100;29;24;53;20;42;62;15;32;47
Джалал-Абадская обл.;4170300000000000;Токтогульский р-н;41703225000000000;306211;ЦОВП Уч-Терек им. Ч.Орозова;Центр общеврачебной практики имени Ч.Орозова села Уч-Терек Токтогульского района Жалал-Абадской области;47;53;54;107;38;34;72;28;42;70;19;28;47
Джалал-Абадская обл.;4170300000000000;Токтогульский р-н;41703225000000000;306211;ЦОВП Уч-Терек им. Ч.Орозова;Центр общеврачебной практики имени Ч.Орозова села Уч-Терек Токтогульского района Жалал-Абадской области;48;52;53;105;37;31;68;28;91;119;26;78;104
Джалал-Абадская обл.;4170300000000000;Токтогульский р-н;41703225000000000;306211;ЦОВП Уч-Терек им. Ч.Орозова;Центр общеврачебной практики имени Ч.Орозова села Уч-Терек Токтогульского района Жалал-Абадской области;49;46;46;92;34;25;59;29;77;106;29;62;91
Джалал-Абадская обл.;4170300000000000;Токтогульский р-н;41703225000000000;306211;ЦОВП Уч-Терек им. Ч.Орозова;Центр общеврачебной практики имени Ч.Орозова села Уч-Терек Токтогульского района Жалал-Абадской области;50;42;58;100;30;34;64;31;46;77;23;41;64
Джалал-Абадская обл.;4170300000000000;Токтогульский р-н;41703225000000000;306211;ЦОВП Уч-Терек им. Ч.Орозова;Центр общеврачебной практики имени Ч.Орозова села Уч-Терек Токтогульского района Жалал-Абадской области;51;42;53;95;31;40;71;15;36;51;14;31;45
Джалал-Абадская обл.;4170300000000000;Токтогульский р-н;41703225000000000;306211;ЦОВП Уч-Терек им. Ч.Орозова;Центр общеврачебной практики имени Ч.Орозова села Уч-Терек Токтогульского района Жалал-Абадской области;52;40;43;83;31;28;59;14;26;40;11;23;34
Джалал-Абадская обл.;4170300000000000;Токтогульский р-н;41703225000000000;306211;ЦОВП Уч-Терек им. Ч.Орозова;Центр общеврачебной практики имени Ч.Орозова села Уч-Терек Токтогульского района Жалал-Абадской области;53;51;40;91;34;28;62;40;30;70;35;29;64
Джалал-Абадская обл.;4170300000000000;Токтогульский р-н;41703225000000000;306211;ЦОВП Уч-Терек им. Ч.Орозова;Центр общеврачебной практики имени Ч.Орозова села Уч-Терек Токтогульского района Жалал-Абадской области;54;40;35;75;30;27;57;31;45;76;30;41;71
Джалал-Абадская обл.;4170300000000000;Токтогульский р-н;41703225000000000;306211;ЦОВП Уч-Терек им. Ч.Орозова;Центр общеврачебной практики имени Ч.Орозова села Уч-Терек Токтогульского района Жалал-Абадской области;55;46;41;87;38;26;64;29;65;94;26;57;83
Джалал-Абадская обл.;4170300000000000;Токтогульский р-н;41703225000000000;306211;ЦОВП Уч-Терек им. Ч.Орозова;Центр общеврачебной практики имени Ч.Орозова села Уч-Терек Токтогульского района Жалал-Абадской области;56;37;53;90;31;39;70;42;66;108;31;60;91
Джалал-Абадская обл.;4170300000000000;Токтогульский р-н;41703225000000000;306211;ЦОВП Уч-Терек им. Ч.Орозова;Центр общеврачебной практики имени Ч.Орозова села Уч-Терек Токтогульского района Жалал-Абадской области;57;36;35;71;28;27;55;40;62;102;28;59;87
Джалал-Абадская обл.;4170300000000000;Токтогульский р-н;41703225000000000;306211;ЦОВП Уч-Терек им. Ч.Орозова;Центр общеврачебной практики имени Ч.Орозова села Уч-Терек Токтогульского района Жалал-Абадской области;58;39;35;74;27;30;57;36;44;80;34;42;76
Джалал-Абадская обл.;4170300000000000;Токтогульский р-н;41703225000000000;306211;ЦОВП Уч-Терек им. Ч.Орозова;Центр общеврачебной практики имени Ч.Орозова села Уч-Терек Токтогульского района Жалал-Абадской области;59;47;39;86;38;30;68;34;49;83;31;38;69
Джалал-Абадская обл.;4170300000000000;Токтогульский р-н;41703225000000000;306211;ЦОВП Уч-Терек им. Ч.Орозова;Центр общеврачебной практики имени Ч.Орозова села Уч-Терек Токтогульского района Жалал-Абадской области;60;36;37;73;29;27;56;21;47;68;17;45;62
Джалал-Абадская обл.;4170300000000000;Токтогульский р-н;41703225000000000;306211;ЦОВП Уч-Терек им. Ч.Орозова;Центр общеврачебной практики имени Ч.Орозова села Уч-Терек Токтогульского района Жалал-Абадской области;61;27;57;84;23;49;72;31;63;94;29;61;90
Джалал-Абадская обл.;4170300000000000;Токтогульский р-н;41703225000000000;306211;ЦОВП Уч-Терек им. Ч.Орозова;Центр общеврачебной практики имени Ч.Орозова села Уч-Терек Токтогульского района Жалал-Абадской области;62;47;36;83;40;31;71;28;39;67;24;31;55
Джалал-Абадская обл.;4170300000000000;Токтогульский р-н;41703225000000000;306211;ЦОВП Уч-Терек им. Ч.Орозова;Центр общеврачебной практики имени Ч.Орозова села Уч-Терек Токтогульского района Жалал-Абадской области;63;22;35;57;20;31;51;32;41;73;30;41;71
Джалал-Абадская обл.;4170300000000000;Токтогульский р-н;41703225000000000;306211;ЦОВП Уч-Терек им. Ч.Орозова;Центр общеврачебной практики имени Ч.Орозова села Уч-Терек Токтогульского района Жалал-Абадской области;64;24;48;72;22;45;67;29;79;108;26;78;104
Джалал-Абадская обл.;4170300000000000;Токтогульский р-н;41703225000000000;306211;ЦОВП Уч-Терек им. Ч.Орозова;Центр общеврачебной практики имени Ч.Орозова села Уч-Терек Токтогульского района Жалал-Абадской области;65;26;39;65;22;37;59;25;34;59;24;34;58
Джалал-Абадская обл.;4170300000000000;Токтогульский р-н;41703225000000000;306211;ЦОВП Уч-Терек им. Ч.Орозова;Центр общеврачебной практики имени Ч.Орозова села Уч-Терек Токтогульского района Жалал-Абадской области;66;28;32;60;27;31;58;8;45;53;7;43;50
Джалал-Абадская обл.;4170300000000000;Токтогульский р-н;41703225000000000;306211;ЦОВП Уч-Терек им. Ч.Орозова;Центр общеврачебной практики имени Ч.Орозова села Уч-Терек Токтогульского района Жалал-Абадской области;67;22;52;74;21;49;70;27;50;77;27;50;77
Джалал-Абадская обл.;4170300000000000;Токтогульский р-н;41703225000000000;306211;ЦОВП Уч-Терек им. Ч.Орозова;Центр общеврачебной практики имени Ч.Орозова села Уч-Терек Токтогульского района Жалал-Абадской области;68;24;29;53;24;28;52;17;23;40;17;23;40
Джалал-Абадская обл.;4170300000000000;Токтогульский р-н;41703225000000000;306211;ЦОВП Уч-Терек им. Ч.Орозова;Центр общеврачебной практики имени Ч.Орозова села Уч-Терек Токтогульского района Жалал-Абадской области;69;24;29;53;23;29;52;19;24;43;19;24;43
Джалал-Абадская обл.;4170300000000000;Токтогульский р-н;41703225000000000;306211;ЦОВП Уч-Терек им. Ч.Орозова;Центр общеврачебной практики имени Ч.Орозова села Уч-Терек Токтогульского района Жалал-Абадской области;70;21;20;41;21;19;40;26;18;44;26;18;44
Джалал-Абадская обл.;4170300000000000;Токтогульский р-н;41703225000000000;306211;ЦОВП Уч-Терек им. Ч.Орозова;Центр общеврачебной практики имени Ч.Орозова села Уч-Терек Токтогульского района Жалал-Абадской области;71;21;25;46;21;25;46;11;19;30;11;19;30
Джалал-Абадская обл.;4170300000000000;Токтогульский р-н;41703225000000000;306211;ЦОВП Уч-Терек им. Ч.Орозова;Центр общеврачебной практики имени Ч.Орозова села Уч-Терек Токтогульского района Жалал-Абадской области;72;7;21;28;7;20;27;6;12;18;6;12;18
Джалал-Абадская обл.;4170300000000000;Токтогульский р-н;41703225000000000;306211;ЦОВП Уч-Терек им. Ч.Орозова;Центр общеврачебной практики имени Ч.Орозова села Уч-Терек Токтогульского района Жалал-Абадской области;73;15;20;35;15;20;35;8;18;26;8;18;26
Джалал-Абадская обл.;4170300000000000;Токтогульский р-н;41703225000000000;306211;ЦОВП Уч-Терек им. Ч.Орозова;Центр общеврачебной практики имени Ч.Орозова села Уч-Терек Токтогульского района Жалал-Абадской области;74;8;21;29;8;21;29;6;18;24;6;18;24
Джалал-Абадская обл.;4170300000000000;Токтогульский р-н;41703225000000000;306211;ЦОВП Уч-Терек им. Ч.Орозова;Центр общеврачебной практики имени Ч.Орозова села Уч-Терек Токтогульского района Жалал-Абадской области;75;5;16;21;5;16;21;2;17;19;2;17;19
Джалал-Абадская обл.;4170300000000000;Токтогульский р-н;41703225000000000;306211;ЦОВП Уч-Терек им. Ч.Орозова;Центр общеврачебной практики имени Ч.Орозова села Уч-Терек Токтогульского района Жалал-Абадской области;76;4;9;13;4;9;13;12;3;15;12;3;15
Джалал-Абадская обл.;4170300000000000;Токтогульский р-н;41703225000000000;306211;ЦОВП Уч-Терек им. Ч.Орозова;Центр общеврачебной практики имени Ч.Орозова села Уч-Терек Токтогульского района Жалал-Абадской области;77;5;12;17;5;12;17;0;9;9;0;9;9
Джалал-Абадская обл.;4170300000000000;Токтогульский р-н;41703225000000000;306211;ЦОВП Уч-Терек им. Ч.Орозова;Центр общеврачебной практики имени Ч.Орозова села Уч-Терек Токтогульского района Жалал-Абадской области;78;2;7;9;2;7;9;4;1;5;4;1;5
Джалал-Абадская обл.;4170300000000000;Токтогульский р-н;41703225000000000;306211;ЦОВП Уч-Терек им. Ч.Орозова;Центр общеврачебной практики имени Ч.Орозова села Уч-Терек Токтогульского района Жалал-Абадской области;80;0;0;0;0;0;0;1;2;3;1;2;3
Джалал-Абадская обл.;4170300000000000;Токтогульский р-н;41703225000000000;306211;ЦОВП Уч-Терек им. Ч.Орозова;Центр общеврачебной практики имени Ч.Орозова села Уч-Терек Токтогульского района Жалал-Абадской области;81;3;5;8;3;5;8;2;11;13;2;11;13
Джалал-Абадская обл.;4170300000000000;Токтогульский р-н;41703225000000000;306211;ЦОВП Уч-Терек им. Ч.Орозова;Центр общеврачебной практики имени Ч.Орозова села Уч-Терек Токтогульского района Жалал-Абадской области;82;7;9;16;7;9;16;6;2;8;6;2;8
Джалал-Абадская обл.;4170300000000000;Токтогульский р-н;41703225000000000;306211;ЦОВП Уч-Терек им. Ч.Орозова;Центр общеврачебной практики имени Ч.Орозова села Уч-Терек Токтогульского района Жалал-Абадской области;83;2;6;8;2;6;8;0;7;7;0;7;7
Джалал-Абадская обл.;4170300000000000;Токтогульский р-н;41703225000000000;306211;ЦОВП Уч-Терек им. Ч.Орозова;Центр общеврачебной практики имени Ч.Орозова села Уч-Терек Токтогульского района Жалал-Абадской области;85;2;15;17;2;15;17;1;3;4;1;3;4
Джалал-Абадская обл.;4170300000000000;Токтогульский р-н;41703225000000000;306211;ЦОВП Уч-Терек им. Ч.Орозова;Центр общеврачебной практики имени Ч.Орозова села Уч-Терек Токтогульского района Жалал-Абадской области;86;2;15;17;2;15;17;0;2;2;0;2;2
Джалал-Абадская обл.;4170300000000000;Токтогульский р-н;41703225000000000;306211;ЦОВП Уч-Терек им. Ч.Орозова;Центр общеврачебной практики имени Ч.Орозова села Уч-Терек Токтогульского района Жалал-Абадской области;88;2;13;15;2;13;15;0;2;2;0;2;2
Джалал-Абадская обл.;4170300000000000;Токтогульский р-н;41703225000000000;306211;ЦОВП Уч-Терек им. Ч.Орозова;Центр общеврачебной практики имени Ч.Орозова села Уч-Терек Токтогульского района Жалал-Абадской области;90;0;7;7;0;7;7;0;3;3;0;3;3
Джалал-Абадская обл.;4170300000000000;Токтогульский р-н;41703225000000000;306211;ЦОВП Уч-Терек им. Ч.Орозова;Центр общеврачебной практики имени Ч.Орозова села Уч-Терек Токтогульского района Жалал-Абадской области;91;1;11;12;1;11;12;0;3;3;0;3;3
Джалал-Абадская обл.;4170300000000000;Токтогульский р-н;41703225000000000;306211;ЦОВП Уч-Терек им. Ч.Орозова;Центр общеврачебной практики имени Ч.Орозова села Уч-Терек Токтогульского района Жалал-Абадской области;94;0;5;5;0;5;5;0;1;1;0;1;1
Джалал-Абадская обл.;4170300000000000;Чаткальский р-н;41703230000000000;305731;ЦОВП ЧАТКАЛЬСКИЙ;Чаткальский районный центр общеврачебной практики;0;99;88;187;99;88;187;760;762;1522;760;762;1522
Джалал-Абадская обл.;4170300000000000;Чаткальский р-н;41703230000000000;305731;ЦОВП ЧАТКАЛЬСКИЙ;Чаткальский районный центр общеврачебной практики;1;187;191;378;187;191;378;408;375;783;408;375;783
Джалал-Абадская обл.;4170300000000000;Чаткальский р-н;41703230000000000;305731;ЦОВП ЧАТКАЛЬСКИЙ;Чаткальский районный центр общеврачебной практики;2;198;221;419;198;221;419;278;286;564;278;286;564
Джалал-Абадская обл.;4170300000000000;Чаткальский р-н;41703230000000000;305731;ЦОВП ЧАТКАЛЬСКИЙ;Чаткальский районный центр общеврачебной практики;3;213;178;391;213;178;391;271;193;464;271;193;464
Джалал-Абадская обл.;4170300000000000;Чаткальский р-н;41703230000000000;305731;ЦОВП ЧАТКАЛЬСКИЙ;Чаткальский районный центр общеврачебной практики;4;229;232;461;229;232;461;189;216;405;189;216;405
Джалал-Абадская обл.;4170300000000000;Чаткальский р-н;41703230000000000;305731;ЦОВП ЧАТКАЛЬСКИЙ;Чаткальский районный центр общеврачебной практики;5;190;227;417;190;227;417;216;186;402;216;186;402
Джалал-Абадская обл.;4170300000000000;Чаткальский р-н;41703230000000000;305731;ЦОВП ЧАТКАЛЬСКИЙ;Чаткальский районный центр общеврачебной практики;6;252;215;467;252;215;467;301;235;536;301;235;536
Джалал-Абадская обл.;4170300000000000;Чаткальский р-н;41703230000000000;305731;ЦОВП ЧАТКАЛЬСКИЙ;Чаткальский районный центр общеврачебной практики;7;165;224;389;165;224;389;203;156;359;203;156;359
Джалал-Абадская обл.;4170300000000000;Чаткальский р-н;41703230000000000;305731;ЦОВП ЧАТКАЛЬСКИЙ;Чаткальский районный центр общеврачебной практики;8;219;263;482;219;263;482;91;103;194;91;103;194
Джалал-Абадская обл.;4170300000000000;Чаткальский р-н;41703230000000000;305731;ЦОВП ЧАТКАЛЬСКИЙ;Чаткальский районный центр общеврачебной практики;9;222;289;511;222;289;511;64;62;126;64;62;126
Джалал-Абадская обл.;4170300000000000;Чаткальский р-н;41703230000000000;305731;ЦОВП ЧАТКАЛЬСКИЙ;Чаткальский районный центр общеврачебной практики;10;179;288;467;179;288;467;72;104;176;72;104;176
Джалал-Абадская обл.;4170300000000000;Чаткальский р-н;41703230000000000;305731;ЦОВП ЧАТКАЛЬСКИЙ;Чаткальский районный центр общеврачебной практики;11;197;270;467;197;270;467;145;88;233;145;88;233
Джалал-Абадская обл.;4170300000000000;Чаткальский р-н;41703230000000000;305731;ЦОВП ЧАТКАЛЬСКИЙ;Чаткальский районный центр общеврачебной практики;12;210;268;478;210;268;478;51;50;101;51;50;101
Джалал-Абадская обл.;4170300000000000;Чаткальский р-н;41703230000000000;305731;ЦОВП ЧАТКАЛЬСКИЙ;Чаткальский районный центр общеврачебной практики;13;189;286;475;189;286;475;63;86;149;63;86;149
Джалал-Абадская обл.;4170300000000000;Чаткальский р-н;41703230000000000;305731;ЦОВП ЧАТКАЛЬСКИЙ;Чаткальский районный центр общеврачебной практики;14;192;260;452;192;260;452;75;89;164;75;89;164
Джалал-Абадская обл.;4170300000000000;Чаткальский р-н;41703230000000000;305731;ЦОВП ЧАТКАЛЬСКИЙ;Чаткальский районный центр общеврачебной практики;15;136;225;361;136;225;361;120;98;218;120;98;218
Джалал-Абадская обл.;4170300000000000;Чаткальский р-н;41703230000000000;305731;ЦОВП ЧАТКАЛЬСКИЙ;Чаткальский районный центр общеврачебной практики;16;163;216;379;163;216;379;102;105;207;101;104;205
Джалал-Абадская обл.;4170300000000000;Чаткальский р-н;41703230000000000;305731;ЦОВП ЧАТКАЛЬСКИЙ;Чаткальский районный центр общеврачебной практики;17;121;196;317;116;193;309;75;69;144;70;69;139
Джалал-Абадская обл.;4170300000000000;Чаткальский р-н;41703230000000000;305731;ЦОВП ЧАТКАЛЬСКИЙ;Чаткальский районный центр общеврачебной практики;18;144;187;331;136;184;320;70;121;191;66;110;176
Джалал-Абадская обл.;4170300000000000;Чаткальский р-н;41703230000000000;305731;ЦОВП ЧАТКАЛЬСКИЙ;Чаткальский районный центр общеврачебной практики;19;86;146;232;71;113;184;65;117;182;41;43;84
Джалал-Абадская обл.;4170300000000000;Чаткальский р-н;41703230000000000;305731;ЦОВП ЧАТКАЛЬСКИЙ;Чаткальский районный центр общеврачебной практики;20;104;166;270;12;70;82;52;133;185;7;9;16
Джалал-Абадская обл.;4170300000000000;Чаткальский р-н;41703230000000000;305731;ЦОВП ЧАТКАЛЬСКИЙ;Чаткальский районный центр общеврачебной практики;21;128;154;282;10;19;29;66;123;189;29;25;54
Джалал-Абадская обл.;4170300000000000;Чаткальский р-н;41703230000000000;305731;ЦОВП ЧАТКАЛЬСКИЙ;Чаткальский районный центр общеврачебной практики;22;112;156;268;16;17;33;28;91;119;3;25;28
Джалал-Абадская обл.;4170300000000000;Чаткальский р-н;41703230000000000;305731;ЦОВП ЧАТКАЛЬСКИЙ;Чаткальский районный центр общеврачебной практики;23;92;167;259;15;66;81;23;103;126;6;44;50
Джалал-Абадская обл.;4170300000000000;Чаткальский р-н;41703230000000000;305731;ЦОВП ЧАТКАЛЬСКИЙ;Чаткальский районный центр общеврачебной практики;24;91;142;233;12;54;66;30;92;122;3;50;53
Джалал-Абадская обл.;4170300000000000;Чаткальский р-н;41703230000000000;305731;ЦОВП ЧАТКАЛЬСКИЙ;Чаткальский районный центр общеврачебной практики;25;122;137;259;28;41;69;28;86;114;7;37;44
Джалал-Абадская обл.;4170300000000000;Чаткальский р-н;41703230000000000;305731;ЦОВП ЧАТКАЛЬСКИЙ;Чаткальский районный центр общеврачебной практики;26;125;131;256;36;38;74;76;113;189;25;48;73
Джалал-Абадская обл.;4170300000000000;Чаткальский р-н;41703230000000000;305731;ЦОВП ЧАТКАЛЬСКИЙ;Чаткальский районный центр общеврачебной практики;27;115;155;270;44;51;95;54;114;168;30;67;97
Джалал-Абадская обл.;4170300000000000;Чаткальский р-н;41703230000000000;305731;ЦОВП ЧАТКАЛЬСКИЙ;Чаткальский районный центр общеврачебной практики;28;153;129;282;79;52;131;44;144;188;24;92;116
Джалал-Абадская обл.;4170300000000000;Чаткальский р-н;41703230000000000;305731;ЦОВП ЧАТКАЛЬСКИЙ;Чаткальский районный центр общеврачебной практики;29;125;163;288;59;74;133;26;119;145;22;75;97
Джалал-Абадская обл.;4170300000000000;Чаткальский р-н;41703230000000000;305731;ЦОВП ЧАТКАЛЬСКИЙ;Чаткальский районный центр общеврачебной практики;30;151;164;315;89;73;162;68;133;201;52;93;145
Джалал-Абадская обл.;4170300000000000;Чаткальский р-н;41703230000000000;305731;ЦОВП ЧАТКАЛЬСКИЙ;Чаткальский районный центр общеврачебной практики;31;167;162;329;96;70;166;61;139;200;57;96;153
Джалал-Абадская обл.;4170300000000000;Чаткальский р-н;41703230000000000;305731;ЦОВП ЧАТКАЛЬСКИЙ;Чаткальский районный центр общеврачебной практики;32;165;164;329;120;91;211;69;135;204;54;104;158
Джалал-Абадская обл.;4170300000000000;Чаткальский р-н;41703230000000000;305731;ЦОВП ЧАТКАЛЬСКИЙ;Чаткальский районный центр общеврачебной практики;33;140;166;306;98;77;175;61;117;178;54;84;138
Джалал-Абадская обл.;4170300000000000;Чаткальский р-н;41703230000000000;305731;ЦОВП ЧАТКАЛЬСКИЙ;Чаткальский районный центр общеврачебной практики;34;148;179;327;103;89;192;64;133;197;56;100;156
Джалал-Абадская обл.;4170300000000000;Чаткальский р-н;41703230000000000;305731;ЦОВП ЧАТКАЛЬСКИЙ;Чаткальский районный центр общеврачебной практики;35;145;149;294;100;99;199;60;140;200;51;122;173
Джалал-Абадская обл.;4170300000000000;Чаткальский р-н;41703230000000000;305731;ЦОВП ЧАТКАЛЬСКИЙ;Чаткальский районный центр общеврачебной практики;36;135;129;264;106;88;194;68;155;223;53;130;183
Джалал-Абадская обл.;4170300000000000;Чаткальский р-н;41703230000000000;305731;ЦОВП ЧАТКАЛЬСКИЙ;Чаткальский районный центр общеврачебной практики;37;153;161;314;117;117;234;77;139;216;64;120;184
Джалал-Абадская обл.;4170300000000000;Чаткальский р-н;41703230000000000;305731;ЦОВП ЧАТКАЛЬСКИЙ;Чаткальский районный центр общеврачебной практики;38;124;121;245;96;102;198;61;129;190;44;112;156
Джалал-Абадская обл.;4170300000000000;Чаткальский р-н;41703230000000000;305731;ЦОВП ЧАТКАЛЬСКИЙ;Чаткальский районный центр общеврачебной практики;39;122;119;241;92;85;177;50;124;174;41;104;145
Джалал-Абадская обл.;4170300000000000;Чаткальский р-н;41703230000000000;305731;ЦОВП ЧАТКАЛЬСКИЙ;Чаткальский районный центр общеврачебной практики;40;111;103;214;85;72;157;37;115;152;27;96;123
Джалал-Абадская обл.;4170300000000000;Чаткальский р-н;41703230000000000;305731;ЦОВП ЧАТКАЛЬСКИЙ;Чаткальский районный центр общеврачебной практики;41;116;98;214;92;77;169;47;126;173;42;113;155
Джалал-Абадская обл.;4170300000000000;Чаткальский р-н;41703230000000000;305731;ЦОВП ЧАТКАЛЬСКИЙ;Чаткальский районный центр общеврачебной практики;42;125;97;222;101;85;186;57;100;157;42;97;139
Джалал-Абадская обл.;4170300000000000;Чаткальский р-н;41703230000000000;305731;ЦОВП ЧАТКАЛЬСКИЙ;Чаткальский районный центр общеврачебной практики;43;103;95;198;91;83;174;39;63;102;35;58;93
Джалал-Абадская обл.;4170300000000000;Чаткальский р-н;41703230000000000;305731;ЦОВП ЧАТКАЛЬСКИЙ;Чаткальский районный центр общеврачебной практики;44;97;100;197;79;87;166;40;101;141;39;90;129
Джалал-Абадская обл.;4170300000000000;Чаткальский р-н;41703230000000000;305731;ЦОВП ЧАТКАЛЬСКИЙ;Чаткальский районный центр общеврачебной практики;45;100;90;190;92;65;157;64;126;190;57;119;176
Джалал-Абадская обл.;4170300000000000;Чаткальский р-н;41703230000000000;305731;ЦОВП ЧАТКАЛЬСКИЙ;Чаткальский районный центр общеврачебной практики;46;95;103;198;76;93;169;49;135;184;48;125;173
Джалал-Абадская обл.;4170300000000000;Чаткальский р-н;41703230000000000;305731;ЦОВП ЧАТКАЛЬСКИЙ;Чаткальский районный центр общеврачебной практики;47;88;100;188;73;74;147;24;93;117;19;74;93
Джалал-Абадская обл.;4170300000000000;Чаткальский р-н;41703230000000000;305731;ЦОВП ЧАТКАЛЬСКИЙ;Чаткальский районный центр общеврачебной практики;48;90;93;183;74;73;147;59;122;181;54;115;169
Джалал-Абадская обл.;4170300000000000;Чаткальский р-н;41703230000000000;305731;ЦОВП ЧАТКАЛЬСКИЙ;Чаткальский районный центр общеврачебной практики;49;105;71;176;84;58;142;39;71;110;37;65;102
Джалал-Абадская обл.;4170300000000000;Чаткальский р-н;41703230000000000;305731;ЦОВП ЧАТКАЛЬСКИЙ;Чаткальский районный центр общеврачебной практики;50;96;92;188;87;75;162;65;122;187;62;108;170
Джалал-Абадская обл.;4170300000000000;Чаткальский р-н;41703230000000000;305731;ЦОВП ЧАТКАЛЬСКИЙ;Чаткальский районный центр общеврачебной практики;51;79;73;152;69;63;132;42;62;104;41;54;95
Джалал-Абадская обл.;4170300000000000;Чаткальский р-н;41703230000000000;305731;ЦОВП ЧАТКАЛЬСКИЙ;Чаткальский районный центр общеврачебной практики;52;68;90;158;59;77;136;40;92;132;34;84;118
Джалал-Абадская обл.;4170300000000000;Чаткальский р-н;41703230000000000;305731;ЦОВП ЧАТКАЛЬСКИЙ;Чаткальский районный центр общеврачебной практики;53;67;89;156;57;69;126;59;97;156;51;79;130
Джалал-Абадская обл.;4170300000000000;Чаткальский р-н;41703230000000000;305731;ЦОВП ЧАТКАЛЬСКИЙ;Чаткальский районный центр общеврачебной практики;54;86;77;163;66;67;133;77;78;155;69;67;136
Джалал-Абадская обл.;4170300000000000;Чаткальский р-н;41703230000000000;305731;ЦОВП ЧАТКАЛЬСКИЙ;Чаткальский районный центр общеврачебной практики;55;66;68;134;61;55;116;68;64;132;65;52;117
Джалал-Абадская обл.;4170300000000000;Чаткальский р-н;41703230000000000;305731;ЦОВП ЧАТКАЛЬСКИЙ;Чаткальский районный центр общеврачебной практики;56;75;68;143;71;57;128;53;83;136;50;78;128
Джалал-Абадская обл.;4170300000000000;Чаткальский р-н;41703230000000000;305731;ЦОВП ЧАТКАЛЬСКИЙ;Чаткальский районный центр общеврачебной практики;57;64;76;140;58;67;125;50;82;132;41;81;122
Джалал-Абадская обл.;4170300000000000;Чаткальский р-н;41703230000000000;305731;ЦОВП ЧАТКАЛЬСКИЙ;Чаткальский районный центр общеврачебной практики;58;63;77;140;47;68;115;38;95;133;35;93;128
Джалал-Абадская обл.;4170300000000000;Чаткальский р-н;41703230000000000;305731;ЦОВП ЧАТКАЛЬСКИЙ;Чаткальский районный центр общеврачебной практики;59;58;71;129;52;66;118;37;72;109;32;67;99
Джалал-Абадская обл.;4170300000000000;Чаткальский р-н;41703230000000000;305731;ЦОВП ЧАТКАЛЬСКИЙ;Чаткальский районный центр общеврачебной практики;60;64;71;135;51;62;113;77;71;148;67;70;137
Джалал-Абадская обл.;4170300000000000;Чаткальский р-н;41703230000000000;305731;ЦОВП ЧАТКАЛЬСКИЙ;Чаткальский районный центр общеврачебной практики;61;70;67;137;62;66;128;66;83;149;64;82;146
Джалал-Абадская обл.;4170300000000000;Чаткальский р-н;41703230000000000;305731;ЦОВП ЧАТКАЛЬСКИЙ;Чаткальский районный центр общеврачебной практики;62;58;54;112;55;54;109;39;73;112;38;71;109
Джалал-Абадская обл.;4170300000000000;Чаткальский р-н;41703230000000000;305731;ЦОВП ЧАТКАЛЬСКИЙ;Чаткальский районный центр общеврачебной практики;63;54;63;117;47;63;110;63;86;149;57;86;143
Джалал-Абадская обл.;4170300000000000;Чаткальский р-н;41703230000000000;305731;ЦОВП ЧАТКАЛЬСКИЙ;Чаткальский районный центр общеврачебной практики;64;83;77;160;77;75;152;61;90;151;53;90;143
Джалал-Абадская обл.;4170300000000000;Чаткальский р-н;41703230000000000;305731;ЦОВП ЧАТКАЛЬСКИЙ;Чаткальский районный центр общеврачебной практики;65;60;53;113;53;53;106;40;68;108;23;68;91
Джалал-Абадская обл.;4170300000000000;Чаткальский р-н;41703230000000000;305731;ЦОВП ЧАТКАЛЬСКИЙ;Чаткальский районный центр общеврачебной практики;66;37;50;87;30;50;80;12;66;78;12;66;78
Джалал-Абадская обл.;4170300000000000;Чаткальский р-н;41703230000000000;305731;ЦОВП ЧАТКАЛЬСКИЙ;Чаткальский районный центр общеврачебной практики;67;35;53;88;34;53;87;21;39;60;21;39;60
Джалал-Абадская обл.;4170300000000000;Чаткальский р-н;41703230000000000;305731;ЦОВП ЧАТКАЛЬСКИЙ;Чаткальский районный центр общеврачебной практики;68;34;43;77;34;43;77;27;38;65;27;38;65
Джалал-Абадская обл.;4170300000000000;Чаткальский р-н;41703230000000000;305731;ЦОВП ЧАТКАЛЬСКИЙ;Чаткальский районный центр общеврачебной практики;69;34;34;68;34;34;68;25;36;61;25;36;61
Джалал-Абадская обл.;4170300000000000;Чаткальский р-н;41703230000000000;305731;ЦОВП ЧАТКАЛЬСКИЙ;Чаткальский районный центр общеврачебной практики;70;29;37;66;29;37;66;11;48;59;11;48;59
Джалал-Абадская обл.;4170300000000000;Чаткальский р-н;41703230000000000;305731;ЦОВП ЧАТКАЛЬСКИЙ;Чаткальский районный центр общеврачебной практики;71;30;40;70;30;40;70;9;39;48;8;39;47
Джалал-Абадская обл.;4170300000000000;Чаткальский р-н;41703230000000000;305731;ЦОВП ЧАТКАЛЬСКИЙ;Чаткальский районный центр общеврачебной практики;72;20;39;59;20;39;59;12;22;34;12;22;34
Джалал-Абадская обл.;4170300000000000;Чаткальский р-н;41703230000000000;305731;ЦОВП ЧАТКАЛЬСКИЙ;Чаткальский районный центр общеврачебной практики;73;25;27;52;25;27;52;17;26;43;17;26;43
Джалал-Абадская обл.;4170300000000000;Чаткальский р-н;41703230000000000;305731;ЦОВП ЧАТКАЛЬСКИЙ;Чаткальский районный центр общеврачебной практики;74;20;28;48;20;28;48;10;18;28;10;18;28
Джалал-Абадская обл.;4170300000000000;Чаткальский р-н;41703230000000000;305731;ЦОВП ЧАТКАЛЬСКИЙ;Чаткальский районный центр общеврачебной практики;75;20;33;53;20;33;53;23;32;55;23;32;55
Джалал-Абадская обл.;4170300000000000;Чаткальский р-н;41703230000000000;305731;ЦОВП ЧАТКАЛЬСКИЙ;Чаткальский районный центр общеврачебной практики;76;15;24;39;15;24;39;7;11;18;7;11;18
Джалал-Абадская обл.;4170300000000000;Чаткальский р-н;41703230000000000;305731;ЦОВП ЧАТКАЛЬСКИЙ;Чаткальский районный центр общеврачебной практики;77;7;18;25;7;18;25;7;17;24;7;16;23
Джалал-Абадская обл.;4170300000000000;Чаткальский р-н;41703230000000000;305731;ЦОВП ЧАТКАЛЬСКИЙ;Чаткальский районный центр общеврачебной практики;78;4;17;21;4;17;21;2;9;11;2;9;11
Джалал-Абадская обл.;4170300000000000;Чаткальский р-н;41703230000000000;305731;ЦОВП ЧАТКАЛЬСКИЙ;Чаткальский районный центр общеврачебной практики;79;5;12;17;5;12;17;5;8;13;5;8;13
Джалал-Абадская обл.;4170300000000000;Чаткальский р-н;41703230000000000;305731;ЦОВП ЧАТКАЛЬСКИЙ;Чаткальский районный центр общеврачебной практики;80;3;3;6;3;3;6;2;4;6;2;4;6
Джалал-Абадская обл.;4170300000000000;Чаткальский р-н;41703230000000000;305731;ЦОВП ЧАТКАЛЬСКИЙ;Чаткальский районный центр общеврачебной практики;81;5;7;12;5;7;12;2;3;5;2;3;5
Джалал-Абадская обл.;4170300000000000;Чаткальский р-н;41703230000000000;305731;ЦОВП ЧАТКАЛЬСКИЙ;Чаткальский районный центр общеврачебной практики;82;8;12;20;8;12;20;3;6;9;3;6;9
Джалал-Абадская обл.;4170300000000000;Чаткальский р-н;41703230000000000;305731;ЦОВП ЧАТКАЛЬСКИЙ;Чаткальский районный центр общеврачебной практики;83;6;12;18;6;12;18;2;6;8;2;5;7
Джалал-Абадская обл.;4170300000000000;Чаткальский р-н;41703230000000000;305731;ЦОВП ЧАТКАЛЬСКИЙ;Чаткальский районный центр общеврачебной практики;84;7;25;32;7;25;32;2;13;15;2;13;15
Джалал-Абадская обл.;4170300000000000;Чаткальский р-н;41703230000000000;305731;ЦОВП ЧАТКАЛЬСКИЙ;Чаткальский районный центр общеврачебной практики;85;8;10;18;8;10;18;4;2;6;4;2;6
Джалал-Абадская обл.;4170300000000000;Чаткальский р-н;41703230000000000;305731;ЦОВП ЧАТКАЛЬСКИЙ;Чаткальский районный центр общеврачебной практики;86;6;14;20;6;14;20;1;14;15;1;14;15
Джалал-Абадская обл.;4170300000000000;Чаткальский р-н;41703230000000000;305731;ЦОВП ЧАТКАЛЬСКИЙ;Чаткальский районный центр общеврачебной практики;87;3;12;15;3;12;15;5;11;16;5;11;16
Джалал-Абадская обл.;4170300000000000;Чаткальский р-н;41703230000000000;305731;ЦОВП ЧАТКАЛЬСКИЙ;Чаткальский районный центр общеврачебной практики;88;5;14;19;5;14;19;1;3;4;1;2;3
Джалал-Абадская обл.;4170300000000000;Чаткальский р-н;41703230000000000;305731;ЦОВП ЧАТКАЛЬСКИЙ;Чаткальский районный центр общеврачебной практики;89;5;6;11;5;6;11;4;1;5;4;1;5
Джалал-Абадская обл.;4170300000000000;Чаткальский р-н;41703230000000000;305731;ЦОВП ЧАТКАЛЬСКИЙ;Чаткальский районный центр общеврачебной практики;90;4;11;15;4;11;15;3;1;4;3;1;4
Джалал-Абадская обл.;4170300000000000;Чаткальский р-н;41703230000000000;305731;ЦОВП ЧАТКАЛЬСКИЙ;Чаткальский районный центр общеврачебной практики;91;2;6;8;2;6;8;4;1;5;4;1;5
Джалал-Абадская обл.;4170300000000000;Чаткальский р-н;41703230000000000;305731;ЦОВП ЧАТКАЛЬСКИЙ;Чаткальский районный центр общеврачебной практики;92;2;7;9;2;7;9;1;0;1;1;0;1
Джалал-Абадская обл.;4170300000000000;Чаткальский р-н;41703230000000000;305731;ЦОВП ЧАТКАЛЬСКИЙ;Чаткальский районный центр общеврачебной практики;97;0;4;4;0;4;4;1;0;1;1;0;1
Чуйская обл.;4170800000000000;Чуйский р-н;41708223000000000;842091;ЦОВП ЧУЙСКОГО РАЙОНА;ЦЕНТР ОБЩЕВРАЧЕБНОЙ ПРАКТИКИ ЧУЙСКОГО РАЙОНА;0;418;425;843;418;425;843;3516;3148;6664;3516;3148;6664
Чуйская обл.;4170800000000000;Чуйский р-н;41708223000000000;842091;ЦОВП ЧУЙСКОГО РАЙОНА;ЦЕНТР ОБЩЕВРАЧЕБНОЙ ПРАКТИКИ ЧУЙСКОГО РАЙОНА;1;584;591;1175;584;591;1175;1504;1382;2886;1504;1382;2886
Чуйская обл.;4170800000000000;Чуйский р-н;41708223000000000;842091;ЦОВП ЧУЙСКОГО РАЙОНА;ЦЕНТР ОБЩЕВРАЧЕБНОЙ ПРАКТИКИ ЧУЙСКОГО РАЙОНА;2;600;585;1185;600;585;1185;1126;1010;2136;1126;1010;2136
Чуйская обл.;4170800000000000;Чуйский р-н;41708223000000000;842091;ЦОВП ЧУЙСКОГО РАЙОНА;ЦЕНТР ОБЩЕВРАЧЕБНОЙ ПРАКТИКИ ЧУЙСКОГО РАЙОНА;3;657;648;1305;657;648;1305;788;861;1649;788;861;1649
Чуйская обл.;4170800000000000;Чуйский р-н;41708223000000000;842091;ЦОВП ЧУЙСКОГО РАЙОНА;ЦЕНТР ОБЩЕВРАЧЕБНОЙ ПРАКТИКИ ЧУЙСКОГО РАЙОНА;4;688;639;1327;688;639;1327;703;634;1337;703;634;1337
Чуйская обл.;4170800000000000;Чуйский р-н;41708223000000000;842091;ЦОВП ЧУЙСКОГО РАЙОНА;ЦЕНТР ОБЩЕВРАЧЕБНОЙ ПРАКТИКИ ЧУЙСКОГО РАЙОНА;5;667;720;1387;667;720;1387;741;686;1427;741;686;1427
Чуйская обл.;4170800000000000;Чуйский р-н;41708223000000000;842091;ЦОВП ЧУЙСКОГО РАЙОНА;ЦЕНТР ОБЩЕВРАЧЕБНОЙ ПРАКТИКИ ЧУЙСКОГО РАЙОНА;6;688;764;1452;688;764;1452;790;686;1476;790;686;1476
Чуйская обл.;4170800000000000;Чуйский р-н;41708223000000000;842091;ЦОВП ЧУЙСКОГО РАЙОНА;ЦЕНТР ОБЩЕВРАЧЕБНОЙ ПРАКТИКИ ЧУЙСКОГО РАЙОНА;7;708;779;1487;708;779;1487;417;429;846;417;429;846
Чуйская обл.;4170800000000000;Чуйский р-н;41708223000000000;842091;ЦОВП ЧУЙСКОГО РАЙОНА;ЦЕНТР ОБЩЕВРАЧЕБНОЙ ПРАКТИКИ ЧУЙСКОГО РАЙОНА;8;647;912;1559;647;912;1559;306;267;573;306;267;573
Чуйская обл.;4170800000000000;Чуйский р-н;41708223000000000;842091;ЦОВП ЧУЙСКОГО РАЙОНА;ЦЕНТР ОБЩЕВРАЧЕБНОЙ ПРАКТИКИ ЧУЙСКОГО РАЙОНА;9;737;914;1651;737;914;1651;253;268;521;253;268;521
Чуйская обл.;4170800000000000;Чуйский р-н;41708223000000000;842091;ЦОВП ЧУЙСКОГО РАЙОНА;ЦЕНТР ОБЩЕВРАЧЕБНОЙ ПРАКТИКИ ЧУЙСКОГО РАЙОНА;10;758;925;1683;758;925;1683;319;257;576;319;257;576
Чуйская обл.;4170800000000000;Чуйский р-н;41708223000000000;842091;ЦОВП ЧУЙСКОГО РАЙОНА;ЦЕНТР ОБЩЕВРАЧЕБНОЙ ПРАКТИКИ ЧУЙСКОГО РАЙОНА;11;640;853;1493;640;853;1493;283;240;523;283;240;523
Чуйская обл.;4170800000000000;Чуйский р-н;41708223000000000;842091;ЦОВП ЧУЙСКОГО РАЙОНА;ЦЕНТР ОБЩЕВРАЧЕБНОЙ ПРАКТИКИ ЧУЙСКОГО РАЙОНА;12;653;798;1451;653;798;1451;309;230;539;309;230;539
Чуйская обл.;4170800000000000;Чуйский р-н;41708223000000000;842091;ЦОВП ЧУЙСКОГО РАЙОНА;ЦЕНТР ОБЩЕВРАЧЕБНОЙ ПРАКТИКИ ЧУЙСКОГО РАЙОНА;13;601;781;1382;601;781;1382;318;316;634;318;316;634
Чуйская обл.;4170800000000000;Чуйский р-н;41708223000000000;842091;ЦОВП ЧУЙСКОГО РАЙОНА;ЦЕНТР ОБЩЕВРАЧЕБНОЙ ПРАКТИКИ ЧУЙСКОГО РАЙОНА;14;590;770;1360;590;770;1360;864;849;1713;864;849;1713
Чуйская обл.;4170800000000000;Чуйский р-н;41708223000000000;842091;ЦОВП ЧУЙСКОГО РАЙОНА;ЦЕНТР ОБЩЕВРАЧЕБНОЙ ПРАКТИКИ ЧУЙСКОГО РАЙОНА;15;600;719;1319;600;719;1319;760;672;1432;760;672;1432
Чуйская обл.;4170800000000000;Чуйский р-н;41708223000000000;842091;ЦОВП ЧУЙСКОГО РАЙОНА;ЦЕНТР ОБЩЕВРАЧЕБНОЙ ПРАКТИКИ ЧУЙСКОГО РАЙОНА;16;592;758;1350;592;758;1350;463;469;932;427;455;882
Чуйская обл.;4170800000000000;Чуйский р-н;41708223000000000;842091;ЦОВП ЧУЙСКОГО РАЙОНА;ЦЕНТР ОБЩЕВРАЧЕБНОЙ ПРАКТИКИ ЧУЙСКОГО РАЙОНА;17;535;694;1229;485;642;1127;692;728;1420;569;594;1163
Чуйская обл.;4170800000000000;Чуйский р-н;41708223000000000;842091;ЦОВП ЧУЙСКОГО РАЙОНА;ЦЕНТР ОБЩЕВРАЧЕБНОЙ ПРАКТИКИ ЧУЙСКОГО РАЙОНА;18;502;624;1126;394;525;919;650;849;1499;408;539;947
Чуйская обл.;4170800000000000;Чуйский р-н;41708223000000000;842091;ЦОВП ЧУЙСКОГО РАЙОНА;ЦЕНТР ОБЩЕВРАЧЕБНОЙ ПРАКТИКИ ЧУЙСКОГО РАЙОНА;19;482;526;1008;138;197;335;461;984;1445;81;272;353
Чуйская обл.;4170800000000000;Чуйский р-н;41708223000000000;842091;ЦОВП ЧУЙСКОГО РАЙОНА;ЦЕНТР ОБЩЕВРАЧЕБНОЙ ПРАКТИКИ ЧУЙСКОГО РАЙОНА;20;482;518;1000;55;152;207;351;1038;1389;51;391;442
Чуйская обл.;4170800000000000;Чуйский р-н;41708223000000000;842091;ЦОВП ЧУЙСКОГО РАЙОНА;ЦЕНТР ОБЩЕВРАЧЕБНОЙ ПРАКТИКИ ЧУЙСКОГО РАЙОНА;21;446;480;926;62;122;184;327;1009;1336;77;425;502
Чуйская обл.;4170800000000000;Чуйский р-н;41708223000000000;842091;ЦОВП ЧУЙСКОГО РАЙОНА;ЦЕНТР ОБЩЕВРАЧЕБНОЙ ПРАКТИКИ ЧУЙСКОГО РАЙОНА;22;439;426;865;57;123;180;300;1064;1364;69;490;559
Чуйская обл.;4170800000000000;Чуйский р-н;41708223000000000;842091;ЦОВП ЧУЙСКОГО РАЙОНА;ЦЕНТР ОБЩЕВРАЧЕБНОЙ ПРАКТИКИ ЧУЙСКОГО РАЙОНА;23;419;506;925;91;198;289;269;1043;1312;102;513;615
Чуйская обл.;4170800000000000;Чуйский р-н;41708223000000000;842091;ЦОВП ЧУЙСКОГО РАЙОНА;ЦЕНТР ОБЩЕВРАЧЕБНОЙ ПРАКТИКИ ЧУЙСКОГО РАЙОНА;24;438;533;971;128;261;389;309;845;1154;118;415;533
Чуйская обл.;4170800000000000;Чуйский р-н;41708223000000000;842091;ЦОВП ЧУЙСКОГО РАЙОНА;ЦЕНТР ОБЩЕВРАЧЕБНОЙ ПРАКТИКИ ЧУЙСКОГО РАЙОНА;25;461;420;881;135;172;307;314;859;1173;150;456;606
Чуйская обл.;4170800000000000;Чуйский р-н;41708223000000000;842091;ЦОВП ЧУЙСКОГО РАЙОНА;ЦЕНТР ОБЩЕВРАЧЕБНОЙ ПРАКТИКИ ЧУЙСКОГО РАЙОНА;26;421;453;874;161;208;369;252;900;1152;123;546;669
Чуйская обл.;4170800000000000;Чуйский р-н;41708223000000000;842091;ЦОВП ЧУЙСКОГО РАЙОНА;ЦЕНТР ОБЩЕВРАЧЕБНОЙ ПРАКТИКИ ЧУЙСКОГО РАЙОНА;27;399;423;822;155;199;354;253;881;1134;128;584;712
Чуйская обл.;4170800000000000;Чуйский р-н;41708223000000000;842091;ЦОВП ЧУЙСКОГО РАЙОНА;ЦЕНТР ОБЩЕВРАЧЕБНОЙ ПРАКТИКИ ЧУЙСКОГО РАЙОНА;28;448;484;932;205;249;454;346;1066;1412;220;615;835
Чуйская обл.;4170800000000000;Чуйский р-н;41708223000000000;842091;ЦОВП ЧУЙСКОГО РАЙОНА;ЦЕНТР ОБЩЕВРАЧЕБНОЙ ПРАКТИКИ ЧУЙСКОГО РАЙОНА;29;491;526;1017;252;273;525;325;1027;1352;206;665;871
Чуйская обл.;4170800000000000;Чуйский р-н;41708223000000000;842091;ЦОВП ЧУЙСКОГО РАЙОНА;ЦЕНТР ОБЩЕВРАЧЕБНОЙ ПРАКТИКИ ЧУЙСКОГО РАЙОНА;30;523;491;1014;280;272;552;346;1162;1508;221;791;1012
Чуйская обл.;4170800000000000;Чуйский р-н;41708223000000000;842091;ЦОВП ЧУЙСКОГО РАЙОНА;ЦЕНТР ОБЩЕВРАЧЕБНОЙ ПРАКТИКИ ЧУЙСКОГО РАЙОНА;31;535;531;1066;295;295;590;297;1167;1464;236;844;1080
Чуйская обл.;4170800000000000;Чуйский р-н;41708223000000000;842091;ЦОВП ЧУЙСКОГО РАЙОНА;ЦЕНТР ОБЩЕВРАЧЕБНОЙ ПРАКТИКИ ЧУЙСКОГО РАЙОНА;32;547;562;1109;343;336;679;331;1135;1466;252;757;1009
Чуйская обл.;4170800000000000;Чуйский р-н;41708223000000000;842091;ЦОВП ЧУЙСКОГО РАЙОНА;ЦЕНТР ОБЩЕВРАЧЕБНОЙ ПРАКТИКИ ЧУЙСКОГО РАЙОНА;33;522;534;1056;313;320;633;394;855;1249;316;544;860
Чуйская обл.;4170800000000000;Чуйский р-н;41708223000000000;842091;ЦОВП ЧУЙСКОГО РАЙОНА;ЦЕНТР ОБЩЕВРАЧЕБНОЙ ПРАКТИКИ ЧУЙСКОГО РАЙОНА;34;535;518;1053;347;293;640;392;866;1258;284;576;860
Чуйская обл.;4170800000000000;Чуйский р-н;41708223000000000;842091;ЦОВП ЧУЙСКОГО РАЙОНА;ЦЕНТР ОБЩЕВРАЧЕБНОЙ ПРАКТИКИ ЧУЙСКОГО РАЙОНА;35;538;464;1002;354;297;651;390;811;1201;314;598;912
Чуйская обл.;4170800000000000;Чуйский р-н;41708223000000000;842091;ЦОВП ЧУЙСКОГО РАЙОНА;ЦЕНТР ОБЩЕВРАЧЕБНОЙ ПРАКТИКИ ЧУЙСКОГО РАЙОНА;36;534;484;1018;334;296;630;323;846;1169;243;594;837
Чуйская обл.;4170800000000000;Чуйский р-н;41708223000000000;842091;ЦОВП ЧУЙСКОГО РАЙОНА;ЦЕНТР ОБЩЕВРАЧЕБНОЙ ПРАКТИКИ ЧУЙСКОГО РАЙОНА;37;501;477;978;323;297;620;398;626;1024;293;461;754
Чуйская обл.;4170800000000000;Чуйский р-н;41708223000000000;842091;ЦОВП ЧУЙСКОГО РАЙОНА;ЦЕНТР ОБЩЕВРАЧЕБНОЙ ПРАКТИКИ ЧУЙСКОГО РАЙОНА;38;481;445;926;323;277;600;339;637;976;245;457;702
Чуйская обл.;4170800000000000;Чуйский р-н;41708223000000000;842091;ЦОВП ЧУЙСКОГО РАЙОНА;ЦЕНТР ОБЩЕВРАЧЕБНОЙ ПРАКТИКИ ЧУЙСКОГО РАЙОНА;39;465;452;917;296;253;549;298;644;942;243;486;729
Чуйская обл.;4170800000000000;Чуйский р-н;41708223000000000;842091;ЦОВП ЧУЙСКОГО РАЙОНА;ЦЕНТР ОБЩЕВРАЧЕБНОЙ ПРАКТИКИ ЧУЙСКОГО РАЙОНА;40;403;458;861;261;273;534;288;580;868;224;465;689
Чуйская обл.;4170800000000000;Чуйский р-н;41708223000000000;842091;ЦОВП ЧУЙСКОГО РАЙОНА;ЦЕНТР ОБЩЕВРАЧЕБНОЙ ПРАКТИКИ ЧУЙСКОГО РАЙОНА;41;403;374;777;249;222;471;284;490;774;169;377;546
Чуйская обл.;4170800000000000;Чуйский р-н;41708223000000000;842091;ЦОВП ЧУЙСКОГО РАЙОНА;ЦЕНТР ОБЩЕВРАЧЕБНОЙ ПРАКТИКИ ЧУЙСКОГО РАЙОНА;42;421;367;788;277;217;494;295;439;734;224;337;561
Чуйская обл.;4170800000000000;Чуйский р-н;41708223000000000;842091;ЦОВП ЧУЙСКОГО РАЙОНА;ЦЕНТР ОБЩЕВРАЧЕБНОЙ ПРАКТИКИ ЧУЙСКОГО РАЙОНА;43;366;344;710;243;214;457;260;432;692;185;334;519
Чуйская обл.;4170800000000000;Чуйский р-н;41708223000000000;842091;ЦОВП ЧУЙСКОГО РАЙОНА;ЦЕНТР ОБЩЕВРАЧЕБНОЙ ПРАКТИКИ ЧУЙСКОГО РАЙОНА;44;373;305;678;230;190;420;264;382;646;193;290;483
Чуйская обл.;4170800000000000;Чуйский р-н;41708223000000000;842091;ЦОВП ЧУЙСКОГО РАЙОНА;ЦЕНТР ОБЩЕВРАЧЕБНОЙ ПРАКТИКИ ЧУЙСКОГО РАЙОНА;45;351;321;672;225;191;416;260;376;636;199;261;460
Чуйская обл.;4170800000000000;Чуйский р-н;41708223000000000;842091;ЦОВП ЧУЙСКОГО РАЙОНА;ЦЕНТР ОБЩЕВРАЧЕБНОЙ ПРАКТИКИ ЧУЙСКОГО РАЙОНА;46;381;297;678;246;180;426;234;390;624;168;302;470
Чуйская обл.;4170800000000000;Чуйский р-н;41708223000000000;842091;ЦОВП ЧУЙСКОГО РАЙОНА;ЦЕНТР ОБЩЕВРАЧЕБНОЙ ПРАКТИКИ ЧУЙСКОГО РАЙОНА;47;344;306;650;227;185;412;263;369;632;191;268;459
Чуйская обл.;4170800000000000;Чуйский р-н;41708223000000000;842091;ЦОВП ЧУЙСКОГО РАЙОНА;ЦЕНТР ОБЩЕВРАЧЕБНОЙ ПРАКТИКИ ЧУЙСКОГО РАЙОНА;48;362;315;677;221;183;404;232;356;588;163;238;401
Чуйская обл.;4170800000000000;Чуйский р-н;41708223000000000;842091;ЦОВП ЧУЙСКОГО РАЙОНА;ЦЕНТР ОБЩЕВРАЧЕБНОЙ ПРАКТИКИ ЧУЙСКОГО РАЙОНА;49;308;307;615;185;171;356;228;379;607;183;264;447
Чуйская обл.;4170800000000000;Чуйский р-н;41708223000000000;842091;ЦОВП ЧУЙСКОГО РАЙОНА;ЦЕНТР ОБЩЕВРАЧЕБНОЙ ПРАКТИКИ ЧУЙСКОГО РАЙОНА;50;253;298;551;150;190;340;233;335;568;200;260;460
Чуйская обл.;4170800000000000;Чуйский р-н;41708223000000000;842091;ЦОВП ЧУЙСКОГО РАЙОНА;ЦЕНТР ОБЩЕВРАЧЕБНОЙ ПРАКТИКИ ЧУЙСКОГО РАЙОНА;51;310;292;602;191;176;367;295;370;665;207;275;482
Чуйская обл.;4170800000000000;Чуйский р-н;41708223000000000;842091;ЦОВП ЧУЙСКОГО РАЙОНА;ЦЕНТР ОБЩЕВРАЧЕБНОЙ ПРАКТИКИ ЧУЙСКОГО РАЙОНА;52;303;317;620;174;201;375;141;420;561;100;330;430
Чуйская обл.;4170800000000000;Чуйский р-н;41708223000000000;842091;ЦОВП ЧУЙСКОГО РАЙОНА;ЦЕНТР ОБЩЕВРАЧЕБНОЙ ПРАКТИКИ ЧУЙСКОГО РАЙОНА;53;288;308;596;169;192;361;213;412;625;149;323;472
Чуйская обл.;4170800000000000;Чуйский р-н;41708223000000000;842091;ЦОВП ЧУЙСКОГО РАЙОНА;ЦЕНТР ОБЩЕВРАЧЕБНОЙ ПРАКТИКИ ЧУЙСКОГО РАЙОНА;54;261;300;561;140;185;325;170;432;602;117;311;428
Чуйская обл.;4170800000000000;Чуйский р-н;41708223000000000;842091;ЦОВП ЧУЙСКОГО РАЙОНА;ЦЕНТР ОБЩЕВРАЧЕБНОЙ ПРАКТИКИ ЧУЙСКОГО РАЙОНА;55;273;300;573;170;196;366;233;492;725;195;338;533
Чуйская обл.;4170800000000000;Чуйский р-н;41708223000000000;842091;ЦОВП ЧУЙСКОГО РАЙОНА;ЦЕНТР ОБЩЕВРАЧЕБНОЙ ПРАКТИКИ ЧУЙСКОГО РАЙОНА;56;291;272;563;194;192;386;216;452;668;172;362;534
Чуйская обл.;4170800000000000;Чуйский р-н;41708223000000000;842091;ЦОВП ЧУЙСКОГО РАЙОНА;ЦЕНТР ОБЩЕВРАЧЕБНОЙ ПРАКТИКИ ЧУЙСКОГО РАЙОНА;57;262;256;518;157;167;324;287;448;735;239;379;618
Чуйская обл.;4170800000000000;Чуйский р-н;41708223000000000;842091;ЦОВП ЧУЙСКОГО РАЙОНА;ЦЕНТР ОБЩЕВРАЧЕБНОЙ ПРАКТИКИ ЧУЙСКОГО РАЙОНА;58;262;304;566;178;211;389;300;455;755;242;405;647
Чуйская обл.;4170800000000000;Чуйский р-н;41708223000000000;842091;ЦОВП ЧУЙСКОГО РАЙОНА;ЦЕНТР ОБЩЕВРАЧЕБНОЙ ПРАКТИКИ ЧУЙСКОГО РАЙОНА;59;277;275;552;202;177;379;286;537;823;199;443;642
Чуйская обл.;4170800000000000;Чуйский р-н;41708223000000000;842091;ЦОВП ЧУЙСКОГО РАЙОНА;ЦЕНТР ОБЩЕВРАЧЕБНОЙ ПРАКТИКИ ЧУЙСКОГО РАЙОНА;60;262;298;560;166;231;397;362;557;919;282;464;746
Чуйская обл.;4170800000000000;Чуйский р-н;41708223000000000;842091;ЦОВП ЧУЙСКОГО РАЙОНА;ЦЕНТР ОБЩЕВРАЧЕБНОЙ ПРАКТИКИ ЧУЙСКОГО РАЙОНА;61;266;306;572;188;259;447;210;556;766;163;515;678
Чуйская обл.;4170800000000000;Чуйский р-н;41708223000000000;842091;ЦОВП ЧУЙСКОГО РАЙОНА;ЦЕНТР ОБЩЕВРАЧЕБНОЙ ПРАКТИКИ ЧУЙСКОГО РАЙОНА;62;250;290;540;179;245;424;312;552;864;244;514;758
Чуйская обл.;4170800000000000;Чуйский р-н;41708223000000000;842091;ЦОВП ЧУЙСКОГО РАЙОНА;ЦЕНТР ОБЩЕВРАЧЕБНОЙ ПРАКТИКИ ЧУЙСКОГО РАЙОНА;63;258;306;564;183;274;457;390;601;991;320;572;892
Чуйская обл.;4170800000000000;Чуйский р-н;41708223000000000;842091;ЦОВП ЧУЙСКОГО РАЙОНА;ЦЕНТР ОБЩЕВРАЧЕБНОЙ ПРАКТИКИ ЧУЙСКОГО РАЙОНА;64;257;270;527;196;260;456;271;475;746;233;460;693
Чуйская обл.;4170800000000000;Чуйский р-н;41708223000000000;842091;ЦОВП ЧУЙСКОГО РАЙОНА;ЦЕНТР ОБЩЕВРАЧЕБНОЙ ПРАКТИКИ ЧУЙСКОГО РАЙОНА;65;214;268;482;182;262;444;240;486;726;194;474;668
Чуйская обл.;4170800000000000;Чуйский р-н;41708223000000000;842091;ЦОВП ЧУЙСКОГО РАЙОНА;ЦЕНТР ОБЩЕВРАЧЕБНОЙ ПРАКТИКИ ЧУЙСКОГО РАЙОНА;66;198;259;457;178;251;429;229;427;656;199;411;610
Чуйская обл.;4170800000000000;Чуйский р-н;41708223000000000;842091;ЦОВП ЧУЙСКОГО РАЙОНА;ЦЕНТР ОБЩЕВРАЧЕБНОЙ ПРАКТИКИ ЧУЙСКОГО РАЙОНА;67;187;246;433;175;241;416;179;370;549;173;367;540
Чуйская обл.;4170800000000000;Чуйский р-н;41708223000000000;842091;ЦОВП ЧУЙСКОГО РАЙОНА;ЦЕНТР ОБЩЕВРАЧЕБНОЙ ПРАКТИКИ ЧУЙСКОГО РАЙОНА;68;159;257;416;151;254;405;148;384;532;144;377;521
Чуйская обл.;4170800000000000;Чуйский р-н;41708223000000000;842091;ЦОВП ЧУЙСКОГО РАЙОНА;ЦЕНТР ОБЩЕВРАЧЕБНОЙ ПРАКТИКИ ЧУЙСКОГО РАЙОНА;69;138;208;346;132;201;333;203;353;556;200;340;540
Чуйская обл.;4170800000000000;Чуйский р-н;41708223000000000;842091;ЦОВП ЧУЙСКОГО РАЙОНА;ЦЕНТР ОБЩЕВРАЧЕБНОЙ ПРАКТИКИ ЧУЙСКОГО РАЙОНА;70;142;205;347;137;200;337;170;306;476;165;302;467
Чуйская обл.;4170800000000000;Чуйский р-н;41708223000000000;842091;ЦОВП ЧУЙСКОГО РАЙОНА;ЦЕНТР ОБЩЕВРАЧЕБНОЙ ПРАКТИКИ ЧУЙСКОГО РАЙОНА;71;118;149;267;114;146;260;160;216;376;152;210;362
Чуйская обл.;4170800000000000;Чуйский р-н;41708223000000000;842091;ЦОВП ЧУЙСКОГО РАЙОНА;ЦЕНТР ОБЩЕВРАЧЕБНОЙ ПРАКТИКИ ЧУЙСКОГО РАЙОНА;72;103;165;268;102;161;263;135;217;352;135;217;352
Чуйская обл.;4170800000000000;Чуйский р-н;41708223000000000;842091;ЦОВП ЧУЙСКОГО РАЙОНА;ЦЕНТР ОБЩЕВРАЧЕБНОЙ ПРАКТИКИ ЧУЙСКОГО РАЙОНА;73;86;162;248;85;159;244;104;280;384;103;277;380
Чуйская обл.;4170800000000000;Чуйский р-н;41708223000000000;842091;ЦОВП ЧУЙСКОГО РАЙОНА;ЦЕНТР ОБЩЕВРАЧЕБНОЙ ПРАКТИКИ ЧУЙСКОГО РАЙОНА;74;79;125;204;77;123;200;113;207;320;107;204;311
Чуйская обл.;4170800000000000;Чуйский р-н;41708223000000000;842091;ЦОВП ЧУЙСКОГО РАЙОНА;ЦЕНТР ОБЩЕВРАЧЕБНОЙ ПРАКТИКИ ЧУЙСКОГО РАЙОНА;75;76;114;190;75;112;187;48;135;183;47;133;180
Чуйская обл.;4170800000000000;Чуйский р-н;41708223000000000;842091;ЦОВП ЧУЙСКОГО РАЙОНА;ЦЕНТР ОБЩЕВРАЧЕБНОЙ ПРАКТИКИ ЧУЙСКОГО РАЙОНА;76;55;104;159;52;103;155;46;122;168;46;114;160
Чуйская обл.;4170800000000000;Чуйский р-н;41708223000000000;842091;ЦОВП ЧУЙСКОГО РАЙОНА;ЦЕНТР ОБЩЕВРАЧЕБНОЙ ПРАКТИКИ ЧУЙСКОГО РАЙОНА;77;51;76;127;50;76;126;67;122;189;67;122;189
Чуйская обл.;4170800000000000;Чуйский р-н;41708223000000000;842091;ЦОВП ЧУЙСКОГО РАЙОНА;ЦЕНТР ОБЩЕВРАЧЕБНОЙ ПРАКТИКИ ЧУЙСКОГО РАЙОНА;78;45;90;135;43;90;133;34;92;126;33;90;123
Чуйская обл.;4170800000000000;Чуйский р-н;41708223000000000;842091;ЦОВП ЧУЙСКОГО РАЙОНА;ЦЕНТР ОБЩЕВРАЧЕБНОЙ ПРАКТИКИ ЧУЙСКОГО РАЙОНА;79;28;41;69;26;40;66;12;24;36;8;21;29
Чуйская обл.;4170800000000000;Чуйский р-н;41708223000000000;842091;ЦОВП ЧУЙСКОГО РАЙОНА;ЦЕНТР ОБЩЕВРАЧЕБНОЙ ПРАКТИКИ ЧУЙСКОГО РАЙОНА;80;11;20;31;11;20;31;25;11;36;25;11;36
Чуйская обл.;4170800000000000;Чуйский р-н;41708223000000000;842091;ЦОВП ЧУЙСКОГО РАЙОНА;ЦЕНТР ОБЩЕВРАЧЕБНОЙ ПРАКТИКИ ЧУЙСКОГО РАЙОНА;81;20;37;57;20;37;57;23;28;51;21;28;49
Чуйская обл.;4170800000000000;Чуйский р-н;41708223000000000;842091;ЦОВП ЧУЙСКОГО РАЙОНА;ЦЕНТР ОБЩЕВРАЧЕБНОЙ ПРАКТИКИ ЧУЙСКОГО РАЙОНА;82;18;56;74;17;56;73;22;54;76;14;54;68
Чуйская обл.;4170800000000000;Чуйский р-н;41708223000000000;842091;ЦОВП ЧУЙСКОГО РАЙОНА;ЦЕНТР ОБЩЕВРАЧЕБНОЙ ПРАКТИКИ ЧУЙСКОГО РАЙОНА;83;26;67;93;25;67;92;34;21;55;32;21;53
Чуйская обл.;4170800000000000;Чуйский р-н;41708223000000000;842091;ЦОВП ЧУЙСКОГО РАЙОНА;ЦЕНТР ОБЩЕВРАЧЕБНОЙ ПРАКТИКИ ЧУЙСКОГО РАЙОНА;84;30;66;96;29;64;93;22;37;59;22;34;56
Чуйская обл.;4170800000000000;Чуйский р-н;41708223000000000;842091;ЦОВП ЧУЙСКОГО РАЙОНА;ЦЕНТР ОБЩЕВРАЧЕБНОЙ ПРАКТИКИ ЧУЙСКОГО РАЙОНА;85;30;60;90;30;60;90;26;24;50;25;24;49
Чуйская обл.;4170800000000000;Чуйский р-н;41708223000000000;842091;ЦОВП ЧУЙСКОГО РАЙОНА;ЦЕНТР ОБЩЕВРАЧЕБНОЙ ПРАКТИКИ ЧУЙСКОГО РАЙОНА;86;10;45;55;10;44;54;9;16;25;9;16;25
Чуйская обл.;4170800000000000;Чуйский р-н;41708223000000000;842091;ЦОВП ЧУЙСКОГО РАЙОНА;ЦЕНТР ОБЩЕВРАЧЕБНОЙ ПРАКТИКИ ЧУЙСКОГО РАЙОНА;87;12;41;53;12;41;53;7;11;18;7;9;16
Чуйская обл.;4170800000000000;Чуйский р-н;41708223000000000;842091;ЦОВП ЧУЙСКОГО РАЙОНА;ЦЕНТР ОБЩЕВРАЧЕБНОЙ ПРАКТИКИ ЧУЙСКОГО РАЙОНА;88;14;42;56;13;41;54;11;3;14;11;3;14
Чуйская обл.;4170800000000000;Чуйский р-н;41708223000000000;842091;ЦОВП ЧУЙСКОГО РАЙОНА;ЦЕНТР ОБЩЕВРАЧЕБНОЙ ПРАКТИКИ ЧУЙСКОГО РАЙОНА;89;6;42;48;6;42;48;2;10;12;2;10;12
Чуйская обл.;4170800000000000;Чуйский р-н;41708223000000000;842091;ЦОВП ЧУЙСКОГО РАЙОНА;ЦЕНТР ОБЩЕВРАЧЕБНОЙ ПРАКТИКИ ЧУЙСКОГО РАЙОНА;90;7;27;34;7;27;34;0;3;3;0;3;3
Чуйская обл.;4170800000000000;Чуйский р-н;41708223000000000;842091;ЦОВП ЧУЙСКОГО РАЙОНА;ЦЕНТР ОБЩЕВРАЧЕБНОЙ ПРАКТИКИ ЧУЙСКОГО РАЙОНА;91;6;23;29;6;23;29;0;2;2;0;2;2
Чуйская обл.;4170800000000000;Чуйский р-н;41708223000000000;842091;ЦОВП ЧУЙСКОГО РАЙОНА;ЦЕНТР ОБЩЕВРАЧЕБНОЙ ПРАКТИКИ ЧУЙСКОГО РАЙОНА;92;7;34;41;7;34;41;0;3;3;0;3;3
Джалал-Абадская обл.;4170300000000000;Таш-Кумыр г.;41703420000000000;305861;ЦОВП ШАМАЛДЫСАЙ;Центр врачебной практики пгт.Шамалды-Сай;0;48;42;90;48;42;90;1337;1182;2519;1337;1182;2519
Джалал-Абадская обл.;4170300000000000;Таш-Кумыр г.;41703420000000000;305861;ЦОВП ШАМАЛДЫСАЙ;Центр врачебной практики пгт.Шамалды-Сай;1;141;122;263;141;122;263;872;682;1554;872;682;1554
Джалал-Абадская обл.;4170300000000000;Таш-Кумыр г.;41703420000000000;305861;ЦОВП ШАМАЛДЫСАЙ;Центр врачебной практики пгт.Шамалды-Сай;2;173;147;320;173;147;320;631;612;1243;631;612;1243
Джалал-Абадская обл.;4170300000000000;Таш-Кумыр г.;41703420000000000;305861;ЦОВП ШАМАЛДЫСАЙ;Центр врачебной практики пгт.Шамалды-Сай;3;168;149;317;168;149;317;584;509;1093;584;509;1093
Джалал-Абадская обл.;4170300000000000;Таш-Кумыр г.;41703420000000000;305861;ЦОВП ШАМАЛДЫСАЙ;Центр врачебной практики пгт.Шамалды-Сай;4;185;172;357;185;172;357;594;522;1116;594;522;1116
Джалал-Абадская обл.;4170300000000000;Таш-Кумыр г.;41703420000000000;305861;ЦОВП ШАМАЛДЫСАЙ;Центр врачебной практики пгт.Шамалды-Сай;5;179;167;346;179;167;346;469;459;928;469;459;928
Джалал-Абадская обл.;4170300000000000;Таш-Кумыр г.;41703420000000000;305861;ЦОВП ШАМАЛДЫСАЙ;Центр врачебной практики пгт.Шамалды-Сай;6;199;228;427;199;228;427;608;423;1031;608;423;1031
Джалал-Абадская обл.;4170300000000000;Таш-Кумыр г.;41703420000000000;305861;ЦОВП ШАМАЛДЫСАЙ;Центр врачебной практики пгт.Шамалды-Сай;7;167;251;418;167;251;418;309;372;681;309;372;681
Джалал-Абадская обл.;4170300000000000;Таш-Кумыр г.;41703420000000000;305861;ЦОВП ШАМАЛДЫСАЙ;Центр врачебной практики пгт.Шамалды-Сай;8;171;244;415;171;244;415;335;341;676;335;341;676
Джалал-Абадская обл.;4170300000000000;Таш-Кумыр г.;41703420000000000;305861;ЦОВП ШАМАЛДЫСАЙ;Центр врачебной практики пгт.Шамалды-Сай;9;172;231;403;172;231;403;294;294;588;294;294;588
Джалал-Абадская обл.;4170300000000000;Таш-Кумыр г.;41703420000000000;305861;ЦОВП ШАМАЛДЫСАЙ;Центр врачебной практики пгт.Шамалды-Сай;10;151;272;423;151;272;423;244;259;503;244;259;503
Джалал-Абадская обл.;4170300000000000;Таш-Кумыр г.;41703420000000000;305861;ЦОВП ШАМАЛДЫСАЙ;Центр врачебной практики пгт.Шамалды-Сай;11;136;250;386;136;250;386;312;281;593;312;281;593
Джалал-Абадская обл.;4170300000000000;Таш-Кумыр г.;41703420000000000;305861;ЦОВП ШАМАЛДЫСАЙ;Центр врачебной практики пгт.Шамалды-Сай;12;142;197;339;142;197;339;257;277;534;257;277;534
Джалал-Абадская обл.;4170300000000000;Таш-Кумыр г.;41703420000000000;305861;ЦОВП ШАМАЛДЫСАЙ;Центр врачебной практики пгт.Шамалды-Сай;13;153;251;404;153;251;404;259;295;554;259;295;554
Джалал-Абадская обл.;4170300000000000;Таш-Кумыр г.;41703420000000000;305861;ЦОВП ШАМАЛДЫСАЙ;Центр врачебной практики пгт.Шамалды-Сай;14;192;232;424;192;232;424;294;238;532;294;238;532
Джалал-Абадская обл.;4170300000000000;Таш-Кумыр г.;41703420000000000;305861;ЦОВП ШАМАЛДЫСАЙ;Центр врачебной практики пгт.Шамалды-Сай;15;159;188;347;159;188;347;259;223;482;259;223;482
Джалал-Абадская обл.;4170300000000000;Таш-Кумыр г.;41703420000000000;305861;ЦОВП ШАМАЛДЫСАЙ;Центр врачебной практики пгт.Шамалды-Сай;16;117;199;316;117;199;316;196;271;467;195;269;464
Джалал-Абадская обл.;4170300000000000;Таш-Кумыр г.;41703420000000000;305861;ЦОВП ШАМАЛДЫСАЙ;Центр врачебной практики пгт.Шамалды-Сай;17;108;143;251;104;139;243;157;184;341;134;156;290
Джалал-Абадская обл.;4170300000000000;Таш-Кумыр г.;41703420000000000;305861;ЦОВП ШАМАЛДЫСАЙ;Центр врачебной практики пгт.Шамалды-Сай;18;77;138;215;73;130;203;168;182;350;128;144;272
Джалал-Абадская обл.;4170300000000000;Таш-Кумыр г.;41703420000000000;305861;ЦОВП ШАМАЛДЫСАЙ;Центр врачебной практики пгт.Шамалды-Сай;19;89;152;241;52;113;165;116;172;288;36;68;104
Джалал-Абадская обл.;4170300000000000;Таш-Кумыр г.;41703420000000000;305861;ЦОВП ШАМАЛДЫСАЙ;Центр врачебной практики пгт.Шамалды-Сай;20;81;69;150;1;6;7;89;195;284;5;40;45
Джалал-Абадская обл.;4170300000000000;Таш-Кумыр г.;41703420000000000;305861;ЦОВП ШАМАЛДЫСАЙ;Центр врачебной практики пгт.Шамалды-Сай;21;72;112;184;7;18;25;81;263;344;12;79;91
Джалал-Абадская обл.;4170300000000000;Таш-Кумыр г.;41703420000000000;305861;ЦОВП ШАМАЛДЫСАЙ;Центр врачебной практики пгт.Шамалды-Сай;22;56;113;169;18;31;49;40;251;291;10;96;106
Джалал-Абадская обл.;4170300000000000;Таш-Кумыр г.;41703420000000000;305861;ЦОВП ШАМАЛДЫСАЙ;Центр врачебной практики пгт.Шамалды-Сай;23;49;115;164;8;55;63;48;216;264;8;120;128
Джалал-Абадская обл.;4170300000000000;Таш-Кумыр г.;41703420000000000;305861;ЦОВП ШАМАЛДЫСАЙ;Центр врачебной практики пгт.Шамалды-Сай;24;72;135;207;8;67;75;66;299;365;12;172;184
Джалал-Абадская обл.;4170300000000000;Таш-Кумыр г.;41703420000000000;305861;ЦОВП ШАМАЛДЫСАЙ;Центр врачебной практики пгт.Шамалды-Сай;25;86;133;219;6;45;51;69;311;380;23;181;204
Джалал-Абадская обл.;4170300000000000;Таш-Кумыр г.;41703420000000000;305861;ЦОВП ШАМАЛДЫСАЙ;Центр врачебной практики пгт.Шамалды-Сай;26;70;162;232;15;50;65;109;384;493;28;194;222
Джалал-Абадская обл.;4170300000000000;Таш-Кумыр г.;41703420000000000;305861;ЦОВП ШАМАЛДЫСАЙ;Центр врачебной практики пгт.Шамалды-Сай;27;64;158;222;18;58;76;66;322;388;23;205;228
Джалал-Абадская обл.;4170300000000000;Таш-Кумыр г.;41703420000000000;305861;ЦОВП ШАМАЛДЫСАЙ;Центр врачебной практики пгт.Шамалды-Сай;28;85;107;192;26;46;72;81;265;346;34;158;192
Джалал-Абадская обл.;4170300000000000;Таш-Кумыр г.;41703420000000000;305861;ЦОВП ШАМАЛДЫСАЙ;Центр врачебной практики пгт.Шамалды-Сай;29;82;150;232;27;73;100;115;317;432;50;216;266
Джалал-Абадская обл.;4170300000000000;Таш-Кумыр г.;41703420000000000;305861;ЦОВП ШАМАЛДЫСАЙ;Центр врачебной практики пгт.Шамалды-Сай;30;79;152;231;26;72;98;93;305;398;42;182;224
Джалал-Абадская обл.;4170300000000000;Таш-Кумыр г.;41703420000000000;305861;ЦОВП ШАМАЛДЫСАЙ;Центр врачебной практики пгт.Шамалды-Сай;31;94;110;204;31;54;85;110;332;442;58;262;320
Джалал-Абадская обл.;4170300000000000;Таш-Кумыр г.;41703420000000000;305861;ЦОВП ШАМАЛДЫСАЙ;Центр врачебной практики пгт.Шамалды-Сай;32;87;160;247;41;79;120;151;393;544;91;301;392
Джалал-Абадская обл.;4170300000000000;Таш-Кумыр г.;41703420000000000;305861;ЦОВП ШАМАЛДЫСАЙ;Центр врачебной практики пгт.Шамалды-Сай;33;92;156;248;34;75;109;139;370;509;62;258;320
Джалал-Абадская обл.;4170300000000000;Таш-Кумыр г.;41703420000000000;305861;ЦОВП ШАМАЛДЫСАЙ;Центр врачебной практики пгт.Шамалды-Сай;34;98;131;229;44;64;108;115;356;471;66;285;351
Джалал-Абадская обл.;4170300000000000;Таш-Кумыр г.;41703420000000000;305861;ЦОВП ШАМАЛДЫСАЙ;Центр врачебной практики пгт.Шамалды-Сай;35;78;114;192;33;64;97;133;300;433;81;215;296
Джалал-Абадская обл.;4170300000000000;Таш-Кумыр г.;41703420000000000;305861;ЦОВП ШАМАЛДЫСАЙ;Центр врачебной практики пгт.Шамалды-Сай;36;94;114;208;49;65;114;149;306;455;78;204;282
Джалал-Абадская обл.;4170300000000000;Таш-Кумыр г.;41703420000000000;305861;ЦОВП ШАМАЛДЫСАЙ;Центр врачебной практики пгт.Шамалды-Сай;37;91;116;207;39;66;105;109;254;363;69;185;254
Джалал-Абадская обл.;4170300000000000;Таш-Кумыр г.;41703420000000000;305861;ЦОВП ШАМАЛДЫСАЙ;Центр врачебной практики пгт.Шамалды-Сай;38;72;136;208;41;73;114;110;211;321;66;155;221
Джалал-Абадская обл.;4170300000000000;Таш-Кумыр г.;41703420000000000;305861;ЦОВП ШАМАЛДЫСАЙ;Центр врачебной практики пгт.Шамалды-Сай;39;77;109;186;42;59;101;144;178;322;91;119;210
Джалал-Абадская обл.;4170300000000000;Таш-Кумыр г.;41703420000000000;305861;ЦОВП ШАМАЛДЫСАЙ;Центр врачебной практики пгт.Шамалды-Сай;40;92;108;200;46;53;99;136;198;334;85;153;238
Джалал-Абадская обл.;4170300000000000;Таш-Кумыр г.;41703420000000000;305861;ЦОВП ШАМАЛДЫСАЙ;Центр врачебной практики пгт.Шамалды-Сай;41;77;103;180;27;54;81;84;143;227;33;105;138
Джалал-Абадская обл.;4170300000000000;Таш-Кумыр г.;41703420000000000;305861;ЦОВП ШАМАЛДЫСАЙ;Центр врачебной практики пгт.Шамалды-Сай;42;72;92;164;46;49;95;123;160;283;72;100;172
Джалал-Абадская обл.;4170300000000000;Таш-Кумыр г.;41703420000000000;305861;ЦОВП ШАМАЛДЫСАЙ;Центр врачебной практики пгт.Шамалды-Сай;43;72;77;149;45;44;89;103;110;213;56;76;132
Джалал-Абадская обл.;4170300000000000;Таш-Кумыр г.;41703420000000000;305861;ЦОВП ШАМАЛДЫСАЙ;Центр врачебной практики пгт.Шамалды-Сай;44;75;65;140;47;35;82;114;104;218;86;76;162
Джалал-Абадская обл.;4170300000000000;Таш-Кумыр г.;41703420000000000;305861;ЦОВП ШАМАЛДЫСАЙ;Центр врачебной практики пгт.Шамалды-Сай;45;63;69;132;29;30;59;72;123;195;46;86;132
Джалал-Абадская обл.;4170300000000000;Таш-Кумыр г.;41703420000000000;305861;ЦОВП ШАМАЛДЫСАЙ;Центр врачебной практики пгт.Шамалды-Сай;46;52;78;130;31;41;72;81;177;258;39;128;167
Джалал-Абадская обл.;4170300000000000;Таш-Кумыр г.;41703420000000000;305861;ЦОВП ШАМАЛДЫСАЙ;Центр врачебной практики пгт.Шамалды-Сай;47;62;67;129;33;34;67;88;111;199;65;78;143
Джалал-Абадская обл.;4170300000000000;Таш-Кумыр г.;41703420000000000;305861;ЦОВП ШАМАЛДЫСАЙ;Центр врачебной практики пгт.Шамалды-Сай;48;42;52;94;26;26;52;82;82;164;62;67;129
Джалал-Абадская обл.;4170300000000000;Таш-Кумыр г.;41703420000000000;305861;ЦОВП ШАМАЛДЫСАЙ;Центр врачебной практики пгт.Шамалды-Сай;49;43;64;107;26;30;56;67;117;184;41;82;123
Джалал-Абадская обл.;4170300000000000;Таш-Кумыр г.;41703420000000000;305861;ЦОВП ШАМАЛДЫСАЙ;Центр врачебной практики пгт.Шамалды-Сай;50;36;60;96;12;32;44;82;110;192;42;86;128
Джалал-Абадская обл.;4170300000000000;Таш-Кумыр г.;41703420000000000;305861;ЦОВП ШАМАЛДЫСАЙ;Центр врачебной практики пгт.Шамалды-Сай;51;31;57;88;23;26;49;61;164;225;46;108;154
Джалал-Абадская обл.;4170300000000000;Таш-Кумыр г.;41703420000000000;305861;ЦОВП ШАМАЛДЫСАЙ;Центр врачебной практики пгт.Шамалды-Сай;52;38;88;126;27;40;67;51;186;237;36;116;152
Джалал-Абадская обл.;4170300000000000;Таш-Кумыр г.;41703420000000000;305861;ЦОВП ШАМАЛДЫСАЙ;Центр врачебной практики пгт.Шамалды-Сай;53;33;77;110;20;34;54;41;136;177;25;99;124
Джалал-Абадская обл.;4170300000000000;Таш-Кумыр г.;41703420000000000;305861;ЦОВП ШАМАЛДЫСАЙ;Центр врачебной практики пгт.Шамалды-Сай;54;33;59;92;19;37;56;66;119;185;51;85;136
Джалал-Абадская обл.;4170300000000000;Таш-Кумыр г.;41703420000000000;305861;ЦОВП ШАМАЛДЫСАЙ;Центр врачебной практики пгт.Шамалды-Сай;55;37;52;89;27;30;57;66;100;166;49;79;128
Джалал-Абадская обл.;4170300000000000;Таш-Кумыр г.;41703420000000000;305861;ЦОВП ШАМАЛДЫСАЙ;Центр врачебной практики пгт.Шамалды-Сай;56;43;53;96;24;26;50;74;116;190;52;82;134
Джалал-Абадская обл.;4170300000000000;Таш-Кумыр г.;41703420000000000;305861;ЦОВП ШАМАЛДЫСАЙ;Центр врачебной практики пгт.Шамалды-Сай;57;36;72;108;22;43;65;79;134;213;43;97;140
Джалал-Абадская обл.;4170300000000000;Таш-Кумыр г.;41703420000000000;305861;ЦОВП ШАМАЛДЫСАЙ;Центр врачебной практики пгт.Шамалды-Сай;58;40;59;99;26;37;63;85;113;198;60;84;144
Джалал-Абадская обл.;4170300000000000;Таш-Кумыр г.;41703420000000000;305861;ЦОВП ШАМАЛДЫСАЙ;Центр врачебной практики пгт.Шамалды-Сай;59;34;55;89;23;29;52;64;139;203;53;96;149
Джалал-Абадская обл.;4170300000000000;Таш-Кумыр г.;41703420000000000;305861;ЦОВП ШАМАЛДЫСАЙ;Центр врачебной практики пгт.Шамалды-Сай;60;42;75;117;32;50;82;106;204;310;88;192;280
Джалал-Абадская обл.;4170300000000000;Таш-Кумыр г.;41703420000000000;305861;ЦОВП ШАМАЛДЫСАЙ;Центр врачебной практики пгт.Шамалды-Сай;61;41;76;117;31;57;88;112;213;325;91;190;281
Джалал-Абадская обл.;4170300000000000;Таш-Кумыр г.;41703420000000000;305861;ЦОВП ШАМАЛДЫСАЙ;Центр врачебной практики пгт.Шамалды-Сай;62;31;75;106;23;55;78;111;203;314;88;157;245
Джалал-Абадская обл.;4170300000000000;Таш-Кумыр г.;41703420000000000;305861;ЦОВП ШАМАЛДЫСАЙ;Центр врачебной практики пгт.Шамалды-Сай;63;34;53;87;27;40;67;70;118;188;64;114;178
Джалал-Абадская обл.;4170300000000000;Таш-Кумыр г.;41703420000000000;305861;ЦОВП ШАМАЛДЫСАЙ;Центр врачебной практики пгт.Шамалды-Сай;64;30;47;77;26;41;67;58;109;167;51;98;149
Джалал-Абадская обл.;4170300000000000;Таш-Кумыр г.;41703420000000000;305861;ЦОВП ШАМАЛДЫСАЙ;Центр врачебной практики пгт.Шамалды-Сай;65;33;50;83;28;48;76;82;140;222;69;131;200
Джалал-Абадская обл.;4170300000000000;Таш-Кумыр г.;41703420000000000;305861;ЦОВП ШАМАЛДЫСАЙ;Центр врачебной практики пгт.Шамалды-Сай;66;26;53;79;24;51;75;63;163;226;58;163;221
Джалал-Абадская обл.;4170300000000000;Таш-Кумыр г.;41703420000000000;305861;ЦОВП ШАМАЛДЫСАЙ;Центр врачебной практики пгт.Шамалды-Сай;67;28;49;77;25;48;73;51;139;190;48;136;184
Джалал-Абадская обл.;4170300000000000;Таш-Кумыр г.;41703420000000000;305861;ЦОВП ШАМАЛДЫСАЙ;Центр врачебной практики пгт.Шамалды-Сай;68;24;36;60;23;36;59;60;106;166;57;97;154
Джалал-Абадская обл.;4170300000000000;Таш-Кумыр г.;41703420000000000;305861;ЦОВП ШАМАЛДЫСАЙ;Центр врачебной практики пгт.Шамалды-Сай;69;30;35;65;27;34;61;49;110;159;45;105;150
Джалал-Абадская обл.;4170300000000000;Таш-Кумыр г.;41703420000000000;305861;ЦОВП ШАМАЛДЫСАЙ;Центр врачебной практики пгт.Шамалды-Сай;70;22;32;54;21;32;53;44;113;157;40;113;153
Джалал-Абадская обл.;4170300000000000;Таш-Кумыр г.;41703420000000000;305861;ЦОВП ШАМАЛДЫСАЙ;Центр врачебной практики пгт.Шамалды-Сай;71;22;31;53;22;31;53;52;62;114;52;62;114
Джалал-Абадская обл.;4170300000000000;Таш-Кумыр г.;41703420000000000;305861;ЦОВП ШАМАЛДЫСАЙ;Центр врачебной практики пгт.Шамалды-Сай;72;16;23;39;16;23;39;41;74;115;37;73;110
Джалал-Абадская обл.;4170300000000000;Таш-Кумыр г.;41703420000000000;305861;ЦОВП ШАМАЛДЫСАЙ;Центр врачебной практики пгт.Шамалды-Сай;73;10;19;29;10;19;29;25;61;86;25;61;86
Джалал-Абадская обл.;4170300000000000;Таш-Кумыр г.;41703420000000000;305861;ЦОВП ШАМАЛДЫСАЙ;Центр врачебной практики пгт.Шамалды-Сай;74;10;25;35;10;24;34;35;57;92;30;53;83
Джалал-Абадская обл.;4170300000000000;Таш-Кумыр г.;41703420000000000;305861;ЦОВП ШАМАЛДЫСАЙ;Центр врачебной практики пгт.Шамалды-Сай;75;4;10;14;4;10;14;15;28;43;12;28;40
Джалал-Абадская обл.;4170300000000000;Таш-Кумыр г.;41703420000000000;305861;ЦОВП ШАМАЛДЫСАЙ;Центр врачебной практики пгт.Шамалды-Сай;76;2;5;7;2;5;7;15;16;31;15;16;31
Джалал-Абадская обл.;4170300000000000;Таш-Кумыр г.;41703420000000000;305861;ЦОВП ШАМАЛДЫСАЙ;Центр врачебной практики пгт.Шамалды-Сай;77;8;9;17;7;9;16;17;14;31;15;14;29
Джалал-Абадская обл.;4170300000000000;Таш-Кумыр г.;41703420000000000;305861;ЦОВП ШАМАЛДЫСАЙ;Центр врачебной практики пгт.Шамалды-Сай;78;4;4;8;4;4;8;8;12;20;8;12;20
Джалал-Абадская обл.;4170300000000000;Таш-Кумыр г.;41703420000000000;305861;ЦОВП ШАМАЛДЫСАЙ;Центр врачебной практики пгт.Шамалды-Сай;79;3;5;8;3;5;8;34;5;39;34;5;39
Джалал-Абадская обл.;4170300000000000;Таш-Кумыр г.;41703420000000000;305861;ЦОВП ШАМАЛДЫСАЙ;Центр врачебной практики пгт.Шамалды-Сай;80;2;5;7;2;5;7;7;7;14;7;7;14
Джалал-Абадская обл.;4170300000000000;Таш-Кумыр г.;41703420000000000;305861;ЦОВП ШАМАЛДЫСАЙ;Центр врачебной практики пгт.Шамалды-Сай;81;1;4;5;1;4;5;2;15;17;2;15;17
Джалал-Абадская обл.;4170300000000000;Таш-Кумыр г.;41703420000000000;305861;ЦОВП ШАМАЛДЫСАЙ;Центр врачебной практики пгт.Шамалды-Сай;82;0;5;5;0;4;4;2;4;6;2;1;3
Джалал-Абадская обл.;4170300000000000;Таш-Кумыр г.;41703420000000000;305861;ЦОВП ШАМАЛДЫСАЙ;Центр врачебной практики пгт.Шамалды-Сай;83;4;2;6;4;2;6;14;12;26;14;12;26
Джалал-Абадская обл.;4170300000000000;Таш-Кумыр г.;41703420000000000;305861;ЦОВП ШАМАЛДЫСАЙ;Центр врачебной практики пгт.Шамалды-Сай;84;5;9;14;5;9;14;10;18;28;10;18;28
Джалал-Абадская обл.;4170300000000000;Таш-Кумыр г.;41703420000000000;305861;ЦОВП ШАМАЛДЫСАЙ;Центр врачебной практики пгт.Шамалды-Сай;85;0;6;6;0;6;6;0;21;21;0;21;21
Джалал-Абадская обл.;4170300000000000;Таш-Кумыр г.;41703420000000000;305861;ЦОВП ШАМАЛДЫСАЙ;Центр врачебной практики пгт.Шамалды-Сай;87;1;2;3;1;2;3;5;4;9;5;2;7
Джалал-Абадская обл.;4170300000000000;Таш-Кумыр г.;41703420000000000;305861;ЦОВП ШАМАЛДЫСАЙ;Центр врачебной практики пгт.Шамалды-Сай;88;4;2;6;4;1;5;16;6;22;16;4;20
Джалал-Абадская обл.;4170300000000000;Таш-Кумыр г.;41703420000000000;305861;ЦОВП ШАМАЛДЫСАЙ;Центр врачебной практики пгт.Шамалды-Сай;89;0;5;5;0;5;5;0;12;12;0;12;12
Джалал-Абадская обл.;4170300000000000;Таш-Кумыр г.;41703420000000000;305861;ЦОВП ШАМАЛДЫСАЙ;Центр врачебной практики пгт.Шамалды-Сай;90;0;0;0;0;0;0;1;0;1;1;0;1
Джалал-Абадская обл.;4170300000000000;Таш-Кумыр г.;41703420000000000;305861;ЦОВП ШАМАЛДЫСАЙ;Центр врачебной практики пгт.Шамалды-Сай;91;0;0;0;0;0;0;6;1;7;6;1;7
Джалал-Абадская обл.;4170300000000000;Таш-Кумыр г.;41703420000000000;305861;ЦОВП ШАМАЛДЫСАЙ;Центр врачебной практики пгт.Шамалды-Сай;92;2;3;5;2;3;5;6;2;8;6;2;8
Джалал-Абадская обл.;4170300000000000;Таш-Кумыр г.;41703420000000000;305861;ЦОВП ШАМАЛДЫСАЙ;Центр врачебной практики пгт.Шамалды-Сай;96;0;1;1;0;1;1;0;2;2;0;2;2
Джалал-Абадская обл.;4170300000000000;Таш-Кумыр г.;41703420000000000;305861;ЦОВП ШАМАЛДЫСАЙ;Центр врачебной практики пгт.Шамалды-Сай;97;0;1;1;0;1;1;0;2;2;0;2;2
Чуйская обл.;4170800000000000;Ысык-Атинский р-н;41708206000000000;842051;ЦОВП ЫСЫК-АТИНСКОГО РАЙОНА;ЦЕНТР ОБЩЕВРАЧЕБНОЙ ПРАКТИКИ ЫСЫК-АТИНСКОГО РАЙОНА;0;459;476;935;459;476;935;3011;2875;5886;3011;2875;5886
Чуйская обл.;4170800000000000;Ысык-Атинский р-н;41708206000000000;842051;ЦОВП ЫСЫК-АТИНСКОГО РАЙОНА;ЦЕНТР ОБЩЕВРАЧЕБНОЙ ПРАКТИКИ ЫСЫК-АТИНСКОГО РАЙОНА;1;1151;1078;2229;1151;1078;2229;1687;1587;3274;1687;1587;3274
Чуйская обл.;4170800000000000;Ысык-Атинский р-н;41708206000000000;842051;ЦОВП ЫСЫК-АТИНСКОГО РАЙОНА;ЦЕНТР ОБЩЕВРАЧЕБНОЙ ПРАКТИКИ ЫСЫК-АТИНСКОГО РАЙОНА;2;1314;1198;2512;1314;1198;2512;1011;996;2007;1011;996;2007
Чуйская обл.;4170800000000000;Ысык-Атинский р-н;41708206000000000;842051;ЦОВП ЫСЫК-АТИНСКОГО РАЙОНА;ЦЕНТР ОБЩЕВРАЧЕБНОЙ ПРАКТИКИ ЫСЫК-АТИНСКОГО РАЙОНА;3;1399;1389;2788;1399;1389;2788;623;589;1212;623;589;1212
Чуйская обл.;4170800000000000;Ысык-Атинский р-н;41708206000000000;842051;ЦОВП ЫСЫК-АТИНСКОГО РАЙОНА;ЦЕНТР ОБЩЕВРАЧЕБНОЙ ПРАКТИКИ ЫСЫК-АТИНСКОГО РАЙОНА;4;1551;1541;3092;1551;1541;3092;630;482;1112;630;482;1112
Чуйская обл.;4170800000000000;Ысык-Атинский р-н;41708206000000000;842051;ЦОВП ЫСЫК-АТИНСКОГО РАЙОНА;ЦЕНТР ОБЩЕВРАЧЕБНОЙ ПРАКТИКИ ЫСЫК-АТИНСКОГО РАЙОНА;5;1319;1490;2809;1319;1490;2809;540;554;1094;540;554;1094
Чуйская обл.;4170800000000000;Ысык-Атинский р-н;41708206000000000;842051;ЦОВП ЫСЫК-АТИНСКОГО РАЙОНА;ЦЕНТР ОБЩЕВРАЧЕБНОЙ ПРАКТИКИ ЫСЫК-АТИНСКОГО РАЙОНА;6;1468;1990;3458;1468;1990;3458;829;852;1681;829;852;1681
Чуйская обл.;4170800000000000;Ысык-Атинский р-н;41708206000000000;842051;ЦОВП ЫСЫК-АТИНСКОГО РАЙОНА;ЦЕНТР ОБЩЕВРАЧЕБНОЙ ПРАКТИКИ ЫСЫК-АТИНСКОГО РАЙОНА;7;1406;1872;3278;1406;1872;3278;440;464;904;440;464;904
Чуйская обл.;4170800000000000;Ысык-Атинский р-н;41708206000000000;842051;ЦОВП ЫСЫК-АТИНСКОГО РАЙОНА;ЦЕНТР ОБЩЕВРАЧЕБНОЙ ПРАКТИКИ ЫСЫК-АТИНСКОГО РАЙОНА;8;1550;2020;3570;1550;2020;3570;395;382;777;395;382;777
Чуйская обл.;4170800000000000;Ысык-Атинский р-н;41708206000000000;842051;ЦОВП ЫСЫК-АТИНСКОГО РАЙОНА;ЦЕНТР ОБЩЕВРАЧЕБНОЙ ПРАКТИКИ ЫСЫК-АТИНСКОГО РАЙОНА;9;1537;2086;3623;1537;2086;3623;300;311;611;300;311;611
Чуйская обл.;4170800000000000;Ысык-Атинский р-н;41708206000000000;842051;ЦОВП ЫСЫК-АТИНСКОГО РАЙОНА;ЦЕНТР ОБЩЕВРАЧЕБНОЙ ПРАКТИКИ ЫСЫК-АТИНСКОГО РАЙОНА;10;1457;2085;3542;1457;2085;3542;297;309;606;297;309;606
Чуйская обл.;4170800000000000;Ысык-Атинский р-н;41708206000000000;842051;ЦОВП ЫСЫК-АТИНСКОГО РАЙОНА;ЦЕНТР ОБЩЕВРАЧЕБНОЙ ПРАКТИКИ ЫСЫК-АТИНСКОГО РАЙОНА;11;1424;2047;3471;1424;2047;3471;395;381;776;395;381;776
Чуйская обл.;4170800000000000;Ысык-Атинский р-н;41708206000000000;842051;ЦОВП ЫСЫК-АТИНСКОГО РАЙОНА;ЦЕНТР ОБЩЕВРАЧЕБНОЙ ПРАКТИКИ ЫСЫК-АТИНСКОГО РАЙОНА;12;1488;2027;3515;1488;2027;3515;272;265;537;272;265;537
Чуйская обл.;4170800000000000;Ысык-Атинский р-н;41708206000000000;842051;ЦОВП ЫСЫК-АТИНСКОГО РАЙОНА;ЦЕНТР ОБЩЕВРАЧЕБНОЙ ПРАКТИКИ ЫСЫК-АТИНСКОГО РАЙОНА;13;1409;1999;3408;1409;1999;3408;308;355;663;308;355;663
Чуйская обл.;4170800000000000;Ысык-Атинский р-н;41708206000000000;842051;ЦОВП ЫСЫК-АТИНСКОГО РАЙОНА;ЦЕНТР ОБЩЕВРАЧЕБНОЙ ПРАКТИКИ ЫСЫК-АТИНСКОГО РАЙОНА;14;1453;2078;3531;1453;2078;3531;491;512;1003;491;512;1003
Чуйская обл.;4170800000000000;Ысык-Атинский р-н;41708206000000000;842051;ЦОВП ЫСЫК-АТИНСКОГО РАЙОНА;ЦЕНТР ОБЩЕВРАЧЕБНОЙ ПРАКТИКИ ЫСЫК-АТИНСКОГО РАЙОНА;15;1370;2150;3520;1370;2150;3520;524;446;970;524;446;970
Чуйская обл.;4170800000000000;Ысык-Атинский р-н;41708206000000000;842051;ЦОВП ЫСЫК-АТИНСКОГО РАЙОНА;ЦЕНТР ОБЩЕВРАЧЕБНОЙ ПРАКТИКИ ЫСЫК-АТИНСКОГО РАЙОНА;16;1339;1985;3324;1339;1985;3324;666;645;1311;656;640;1296
Чуйская обл.;4170800000000000;Ысык-Атинский р-н;41708206000000000;842051;ЦОВП ЫСЫК-АТИНСКОГО РАЙОНА;ЦЕНТР ОБЩЕВРАЧЕБНОЙ ПРАКТИКИ ЫСЫК-АТИНСКОГО РАЙОНА;17;1195;1761;2956;1143;1730;2873;766;755;1521;699;677;1376
Чуйская обл.;4170800000000000;Ысык-Атинский р-н;41708206000000000;842051;ЦОВП ЫСЫК-АТИНСКОГО РАЙОНА;ЦЕНТР ОБЩЕВРАЧЕБНОЙ ПРАКТИКИ ЫСЫК-АТИНСКОГО РАЙОНА;18;1091;1713;2804;985;1651;2636;635;873;1508;530;687;1217
Чуйская обл.;4170800000000000;Ысык-Атинский р-н;41708206000000000;842051;ЦОВП ЫСЫК-АТИНСКОГО РАЙОНА;ЦЕНТР ОБЩЕВРАЧЕБНОЙ ПРАКТИКИ ЫСЫК-АТИНСКОГО РАЙОНА;19;1185;1547;2732;805;1275;2080;471;779;1250;249;419;668
Чуйская обл.;4170800000000000;Ысык-Атинский р-н;41708206000000000;842051;ЦОВП ЫСЫК-АТИНСКОГО РАЙОНА;ЦЕНТР ОБЩЕВРАЧЕБНОЙ ПРАКТИКИ ЫСЫК-АТИНСКОГО РАЙОНА;20;1204;1852;3056;803;1495;2298;436;829;1265;291;476;767
Чуйская обл.;4170800000000000;Ысык-Атинский р-н;41708206000000000;842051;ЦОВП ЫСЫК-АТИНСКОГО РАЙОНА;ЦЕНТР ОБЩЕВРАЧЕБНОЙ ПРАКТИКИ ЫСЫК-АТИНСКОГО РАЙОНА;21;1091;1699;2790;441;831;1272;355;736;1091;91;281;372
Чуйская обл.;4170800000000000;Ысык-Атинский р-н;41708206000000000;842051;ЦОВП ЫСЫК-АТИНСКОГО РАЙОНА;ЦЕНТР ОБЩЕВРАЧЕБНОЙ ПРАКТИКИ ЫСЫК-АТИНСКОГО РАЙОНА;22;1050;1701;2751;65;132;197;337;696;1033;45;208;253
Чуйская обл.;4170800000000000;Ысык-Атинский р-н;41708206000000000;842051;ЦОВП ЫСЫК-АТИНСКОГО РАЙОНА;ЦЕНТР ОБЩЕВРАЧЕБНОЙ ПРАКТИКИ ЫСЫК-АТИНСКОГО РАЙОНА;23;1023;1738;2761;101;179;280;325;679;1004;40;218;258
Чуйская обл.;4170800000000000;Ысык-Атинский р-н;41708206000000000;842051;ЦОВП ЫСЫК-АТИНСКОГО РАЙОНА;ЦЕНТР ОБЩЕВРАЧЕБНОЙ ПРАКТИКИ ЫСЫК-АТИНСКОГО РАЙОНА;24;920;1330;2250;135;199;334;270;635;905;75;216;291
Чуйская обл.;4170800000000000;Ысык-Атинский р-н;41708206000000000;842051;ЦОВП ЫСЫК-АТИНСКОГО РАЙОНА;ЦЕНТР ОБЩЕВРАЧЕБНОЙ ПРАКТИКИ ЫСЫК-АТИНСКОГО РАЙОНА;25;850;1328;2178;178;249;427;271;610;881;97;215;312
Чуйская обл.;4170800000000000;Ысык-Атинский р-н;41708206000000000;842051;ЦОВП ЫСЫК-АТИНСКОГО РАЙОНА;ЦЕНТР ОБЩЕВРАЧЕБНОЙ ПРАКТИКИ ЫСЫК-АТИНСКОГО РАЙОНА;26;798;1301;2099;204;305;509;247;791;1038;100;342;442
Чуйская обл.;4170800000000000;Ысык-Атинский р-н;41708206000000000;842051;ЦОВП ЫСЫК-АТИНСКОГО РАЙОНА;ЦЕНТР ОБЩЕВРАЧЕБНОЙ ПРАКТИКИ ЫСЫК-АТИНСКОГО РАЙОНА;27;695;871;1566;249;281;530;251;631;882;142;300;442
Чуйская обл.;4170800000000000;Ысык-Атинский р-н;41708206000000000;842051;ЦОВП ЫСЫК-АТИНСКОГО РАЙОНА;ЦЕНТР ОБЩЕВРАЧЕБНОЙ ПРАКТИКИ ЫСЫК-АТИНСКОГО РАЙОНА;28;722;908;1630;309;358;667;298;706;1004;177;411;588
Чуйская обл.;4170800000000000;Ысык-Атинский р-н;41708206000000000;842051;ЦОВП ЫСЫК-АТИНСКОГО РАЙОНА;ЦЕНТР ОБЩЕВРАЧЕБНОЙ ПРАКТИКИ ЫСЫК-АТИНСКОГО РАЙОНА;29;808;983;1791;374;412;786;279;684;963;183;358;541
Чуйская обл.;4170800000000000;Ысык-Атинский р-н;41708206000000000;842051;ЦОВП ЫСЫК-АТИНСКОГО РАЙОНА;ЦЕНТР ОБЩЕВРАЧЕБНОЙ ПРАКТИКИ ЫСЫК-АТИНСКОГО РАЙОНА;30;775;1059;1834;393;506;899;296;864;1160;188;540;728
Чуйская обл.;4170800000000000;Ысык-Атинский р-н;41708206000000000;842051;ЦОВП ЫСЫК-АТИНСКОГО РАЙОНА;ЦЕНТР ОБЩЕВРАЧЕБНОЙ ПРАКТИКИ ЫСЫК-АТИНСКОГО РАЙОНА;31;819;1096;1915;445;510;955;285;702;987;160;436;596
Чуйская обл.;4170800000000000;Ысык-Атинский р-н;41708206000000000;842051;ЦОВП ЫСЫК-АТИНСКОГО РАЙОНА;ЦЕНТР ОБЩЕВРАЧЕБНОЙ ПРАКТИКИ ЫСЫК-АТИНСКОГО РАЙОНА;32;893;1176;2069;521;564;1085;437;801;1238;300;494;794
Чуйская обл.;4170800000000000;Ысык-Атинский р-н;41708206000000000;842051;ЦОВП ЫСЫК-АТИНСКОГО РАЙОНА;ЦЕНТР ОБЩЕВРАЧЕБНОЙ ПРАКТИКИ ЫСЫК-АТИНСКОГО РАЙОНА;33;895;1143;2038;518;517;1035;326;673;999;224;381;605
Чуйская обл.;4170800000000000;Ысык-Атинский р-н;41708206000000000;842051;ЦОВП ЫСЫК-АТИНСКОГО РАЙОНА;ЦЕНТР ОБЩЕВРАЧЕБНОЙ ПРАКТИКИ ЫСЫК-АТИНСКОГО РАЙОНА;34;937;1223;2160;569;562;1131;381;724;1105;284;458;742
Чуйская обл.;4170800000000000;Ысык-Атинский р-н;41708206000000000;842051;ЦОВП ЫСЫК-АТИНСКОГО РАЙОНА;ЦЕНТР ОБЩЕВРАЧЕБНОЙ ПРАКТИКИ ЫСЫК-АТИНСКОГО РАЙОНА;35;972;1306;2278;592;640;1232;436;693;1129;270;405;675
Чуйская обл.;4170800000000000;Ысык-Атинский р-н;41708206000000000;842051;ЦОВП ЫСЫК-АТИНСКОГО РАЙОНА;ЦЕНТР ОБЩЕВРАЧЕБНОЙ ПРАКТИКИ ЫСЫК-АТИНСКОГО РАЙОНА;36;961;1279;2240;590;604;1194;370;672;1042;252;446;698
Чуйская обл.;4170800000000000;Ысык-Атинский р-н;41708206000000000;842051;ЦОВП ЫСЫК-АТИНСКОГО РАЙОНА;ЦЕНТР ОБЩЕВРАЧЕБНОЙ ПРАКТИКИ ЫСЫК-АТИНСКОГО РАЙОНА;37;1200;1442;2642;716;642;1358;485;623;1108;337;381;718
Чуйская обл.;4170800000000000;Ысык-Атинский р-н;41708206000000000;842051;ЦОВП ЫСЫК-АТИНСКОГО РАЙОНА;ЦЕНТР ОБЩЕВРАЧЕБНОЙ ПРАКТИКИ ЫСЫК-АТИНСКОГО РАЙОНА;38;1222;1537;2759;715;570;1285;379;650;1029;244;437;681
Чуйская обл.;4170800000000000;Ысык-Атинский р-н;41708206000000000;842051;ЦОВП ЫСЫК-АТИНСКОГО РАЙОНА;ЦЕНТР ОБЩЕВРАЧЕБНОЙ ПРАКТИКИ ЫСЫК-АТИНСКОГО РАЙОНА;39;1111;1414;2525;646;582;1228;390;562;952;265;385;650
Чуйская обл.;4170800000000000;Ысык-Атинский р-н;41708206000000000;842051;ЦОВП ЫСЫК-АТИНСКОГО РАЙОНА;ЦЕНТР ОБЩЕВРАЧЕБНОЙ ПРАКТИКИ ЫСЫК-АТИНСКОГО РАЙОНА;40;1175;1426;2601;672;522;1194;373;526;899;255;336;591
Чуйская обл.;4170800000000000;Ысык-Атинский р-н;41708206000000000;842051;ЦОВП ЫСЫК-АТИНСКОГО РАЙОНА;ЦЕНТР ОБЩЕВРАЧЕБНОЙ ПРАКТИКИ ЫСЫК-АТИНСКОГО РАЙОНА;41;1002;1359;2361;573;527;1100;344;543;887;255;365;620
Чуйская обл.;4170800000000000;Ысык-Атинский р-н;41708206000000000;842051;ЦОВП ЫСЫК-АТИНСКОГО РАЙОНА;ЦЕНТР ОБЩЕВРАЧЕБНОЙ ПРАКТИКИ ЫСЫК-АТИНСКОГО РАЙОНА;42;1056;1346;2402;608;530;1138;325;455;780;235;301;536
Чуйская обл.;4170800000000000;Ысык-Атинский р-н;41708206000000000;842051;ЦОВП ЫСЫК-АТИНСКОГО РАЙОНА;ЦЕНТР ОБЩЕВРАЧЕБНОЙ ПРАКТИКИ ЫСЫК-АТИНСКОГО РАЙОНА;43;926;1255;2181;537;499;1036;355;463;818;258;278;536
Чуйская обл.;4170800000000000;Ысык-Атинский р-н;41708206000000000;842051;ЦОВП ЫСЫК-АТИНСКОГО РАЙОНА;ЦЕНТР ОБЩЕВРАЧЕБНОЙ ПРАКТИКИ ЫСЫК-АТИНСКОГО РАЙОНА;44;896;1171;2067;507;468;975;304;427;731;234;291;525
Чуйская обл.;4170800000000000;Ысык-Атинский р-н;41708206000000000;842051;ЦОВП ЫСЫК-АТИНСКОГО РАЙОНА;ЦЕНТР ОБЩЕВРАЧЕБНОЙ ПРАКТИКИ ЫСЫК-АТИНСКОГО РАЙОНА;45;877;1125;2002;494;454;948;365;342;707;228;228;456
Чуйская обл.;4170800000000000;Ысык-Атинский р-н;41708206000000000;842051;ЦОВП ЫСЫК-АТИНСКОГО РАЙОНА;ЦЕНТР ОБЩЕВРАЧЕБНОЙ ПРАКТИКИ ЫСЫК-АТИНСКОГО РАЙОНА;46;796;1088;1884;457;442;899;348;394;742;231;230;461
Чуйская обл.;4170800000000000;Ысык-Атинский р-н;41708206000000000;842051;ЦОВП ЫСЫК-АТИНСКОГО РАЙОНА;ЦЕНТР ОБЩЕВРАЧЕБНОЙ ПРАКТИКИ ЫСЫК-АТИНСКОГО РАЙОНА;47;800;1107;1907;459;428;887;312;463;775;221;315;536
Чуйская обл.;4170800000000000;Ысык-Атинский р-н;41708206000000000;842051;ЦОВП ЫСЫК-АТИНСКОГО РАЙОНА;ЦЕНТР ОБЩЕВРАЧЕБНОЙ ПРАКТИКИ ЫСЫК-АТИНСКОГО РАЙОНА;48;862;1096;1958;483;453;936;267;395;662;168;268;436
Чуйская обл.;4170800000000000;Ысык-Атинский р-н;41708206000000000;842051;ЦОВП ЫСЫК-АТИНСКОГО РАЙОНА;ЦЕНТР ОБЩЕВРАЧЕБНОЙ ПРАКТИКИ ЫСЫК-АТИНСКОГО РАЙОНА;49;774;987;1761;443;403;846;241;458;699;171;338;509
Чуйская обл.;4170800000000000;Ысык-Атинский р-н;41708206000000000;842051;ЦОВП ЫСЫК-АТИНСКОГО РАЙОНА;ЦЕНТР ОБЩЕВРАЧЕБНОЙ ПРАКТИКИ ЫСЫК-АТИНСКОГО РАЙОНА;50;734;1014;1748;385;443;828;260;448;708;199;311;510
Чуйская обл.;4170800000000000;Ысык-Атинский р-н;41708206000000000;842051;ЦОВП ЫСЫК-АТИНСКОГО РАЙОНА;ЦЕНТР ОБЩЕВРАЧЕБНОЙ ПРАКТИКИ ЫСЫК-АТИНСКОГО РАЙОНА;51;684;1033;1717;370;456;826;263;433;696;170;276;446
Чуйская обл.;4170800000000000;Ысык-Атинский р-н;41708206000000000;842051;ЦОВП ЫСЫК-АТИНСКОГО РАЙОНА;ЦЕНТР ОБЩЕВРАЧЕБНОЙ ПРАКТИКИ ЫСЫК-АТИНСКОГО РАЙОНА;52;702;1004;1706;399;447;846;292;461;753;211;326;537
Чуйская обл.;4170800000000000;Ысык-Атинский р-н;41708206000000000;842051;ЦОВП ЫСЫК-АТИНСКОГО РАЙОНА;ЦЕНТР ОБЩЕВРАЧЕБНОЙ ПРАКТИКИ ЫСЫК-АТИНСКОГО РАЙОНА;53;732;983;1715;409;440;849;330;508;838;244;319;563
Чуйская обл.;4170800000000000;Ысык-Атинский р-н;41708206000000000;842051;ЦОВП ЫСЫК-АТИНСКОГО РАЙОНА;ЦЕНТР ОБЩЕВРАЧЕБНОЙ ПРАКТИКИ ЫСЫК-АТИНСКОГО РАЙОНА;54;649;967;1616;362;407;769;262;541;803;163;400;563
Чуйская обл.;4170800000000000;Ысык-Атинский р-н;41708206000000000;842051;ЦОВП ЫСЫК-АТИНСКОГО РАЙОНА;ЦЕНТР ОБЩЕВРАЧЕБНОЙ ПРАКТИКИ ЫСЫК-АТИНСКОГО РАЙОНА;55;668;964;1632;368;433;801;280;447;727;175;312;487
Чуйская обл.;4170800000000000;Ысык-Атинский р-н;41708206000000000;842051;ЦОВП ЫСЫК-АТИНСКОГО РАЙОНА;ЦЕНТР ОБЩЕВРАЧЕБНОЙ ПРАКТИКИ ЫСЫК-АТИНСКОГО РАЙОНА;56;692;973;1665;370;416;786;330;533;863;208;333;541
Чуйская обл.;4170800000000000;Ысык-Атинский р-н;41708206000000000;842051;ЦОВП ЫСЫК-АТИНСКОГО РАЙОНА;ЦЕНТР ОБЩЕВРАЧЕБНОЙ ПРАКТИКИ ЫСЫК-АТИНСКОГО РАЙОНА;57;662;1039;1701;381;464;845;287;508;795;216;339;555
Чуйская обл.;4170800000000000;Ысык-Атинский р-н;41708206000000000;842051;ЦОВП ЫСЫК-АТИНСКОГО РАЙОНА;ЦЕНТР ОБЩЕВРАЧЕБНОЙ ПРАКТИКИ ЫСЫК-АТИНСКОГО РАЙОНА;58;642;983;1625;362;443;805;322;548;870;236;395;631
Чуйская обл.;4170800000000000;Ысык-Атинский р-н;41708206000000000;842051;ЦОВП ЫСЫК-АТИНСКОГО РАЙОНА;ЦЕНТР ОБЩЕВРАЧЕБНОЙ ПРАКТИКИ ЫСЫК-АТИНСКОГО РАЙОНА;59;630;980;1610;372;586;958;338;556;894;253;435;688
Чуйская обл.;4170800000000000;Ысык-Атинский р-н;41708206000000000;842051;ЦОВП ЫСЫК-АТИНСКОГО РАЙОНА;ЦЕНТР ОБЩЕВРАЧЕБНОЙ ПРАКТИКИ ЫСЫК-АТИНСКОГО РАЙОНА;60;663;955;1618;397;867;1264;360;514;874;253;484;737
Чуйская обл.;4170800000000000;Ысык-Атинский р-н;41708206000000000;842051;ЦОВП ЫСЫК-АТИНСКОГО РАЙОНА;ЦЕНТР ОБЩЕВРАЧЕБНОЙ ПРАКТИКИ ЫСЫК-АТИНСКОГО РАЙОНА;61;665;973;1638;482;909;1391;273;563;836;229;535;764
Чуйская обл.;4170800000000000;Ысык-Атинский р-н;41708206000000000;842051;ЦОВП ЫСЫК-АТИНСКОГО РАЙОНА;ЦЕНТР ОБЩЕВРАЧЕБНОЙ ПРАКТИКИ ЫСЫК-АТИНСКОГО РАЙОНА;62;666;971;1637;489;898;1387;308;517;825;232;482;714
Чуйская обл.;4170800000000000;Ысык-Атинский р-н;41708206000000000;842051;ЦОВП ЫСЫК-АТИНСКОГО РАЙОНА;ЦЕНТР ОБЩЕВРАЧЕБНОЙ ПРАКТИКИ ЫСЫК-АТИНСКОГО РАЙОНА;63;661;977;1638;451;873;1324;314;556;870;212;528;740
Чуйская обл.;4170800000000000;Ысык-Атинский р-н;41708206000000000;842051;ЦОВП ЫСЫК-АТИНСКОГО РАЙОНА;ЦЕНТР ОБЩЕВРАЧЕБНОЙ ПРАКТИКИ ЫСЫК-АТИНСКОГО РАЙОНА;64;632;960;1592;382;873;1255;299;501;800;227;478;705
Чуйская обл.;4170800000000000;Ысык-Атинский р-н;41708206000000000;842051;ЦОВП ЫСЫК-АТИНСКОГО РАЙОНА;ЦЕНТР ОБЩЕВРАЧЕБНОЙ ПРАКТИКИ ЫСЫК-АТИНСКОГО РАЙОНА;65;592;936;1528;377;854;1231;198;575;773;150;557;707
Чуйская обл.;4170800000000000;Ысык-Атинский р-н;41708206000000000;842051;ЦОВП ЫСЫК-АТИНСКОГО РАЙОНА;ЦЕНТР ОБЩЕВРАЧЕБНОЙ ПРАКТИКИ ЫСЫК-АТИНСКОГО РАЙОНА;66;548;870;1418;502;852;1354;244;409;653;224;382;606
Чуйская обл.;4170800000000000;Ысык-Атинский р-н;41708206000000000;842051;ЦОВП ЫСЫК-АТИНСКОГО РАЙОНА;ЦЕНТР ОБЩЕВРАЧЕБНОЙ ПРАКТИКИ ЫСЫК-АТИНСКОГО РАЙОНА;67;520;805;1325;492;793;1285;217;415;632;206;387;593
Чуйская обл.;4170800000000000;Ысык-Атинский р-н;41708206000000000;842051;ЦОВП ЫСЫК-АТИНСКОГО РАЙОНА;ЦЕНТР ОБЩЕВРАЧЕБНОЙ ПРАКТИКИ ЫСЫК-АТИНСКОГО РАЙОНА;68;472;783;1255;452;775;1227;185;410;595;167;397;564
Чуйская обл.;4170800000000000;Ысык-Атинский р-н;41708206000000000;842051;ЦОВП ЫСЫК-АТИНСКОГО РАЙОНА;ЦЕНТР ОБЩЕВРАЧЕБНОЙ ПРАКТИКИ ЫСЫК-АТИНСКОГО РАЙОНА;69;460;687;1147;444;676;1120;164;289;453;152;277;429
Чуйская обл.;4170800000000000;Ысык-Атинский р-н;41708206000000000;842051;ЦОВП ЫСЫК-АТИНСКОГО РАЙОНА;ЦЕНТР ОБЩЕВРАЧЕБНОЙ ПРАКТИКИ ЫСЫК-АТИНСКОГО РАЙОНА;70;400;640;1040;394;635;1029;119;337;456;115;330;445
Чуйская обл.;4170800000000000;Ысык-Атинский р-н;41708206000000000;842051;ЦОВП ЫСЫК-АТИНСКОГО РАЙОНА;ЦЕНТР ОБЩЕВРАЧЕБНОЙ ПРАКТИКИ ЫСЫК-АТИНСКОГО РАЙОНА;71;337;596;933;336;593;929;152;285;437;140;277;417
Чуйская обл.;4170800000000000;Ысык-Атинский р-н;41708206000000000;842051;ЦОВП ЫСЫК-АТИНСКОГО РАЙОНА;ЦЕНТР ОБЩЕВРАЧЕБНОЙ ПРАКТИКИ ЫСЫК-АТИНСКОГО РАЙОНА;72;326;614;940;324;610;934;130;235;365;125;225;350
Чуйская обл.;4170800000000000;Ысык-Атинский р-н;41708206000000000;842051;ЦОВП ЫСЫК-АТИНСКОГО РАЙОНА;ЦЕНТР ОБЩЕВРАЧЕБНОЙ ПРАКТИКИ ЫСЫК-АТИНСКОГО РАЙОНА;73;315;540;855;314;538;852;110;239;349;110;234;344
Чуйская обл.;4170800000000000;Ысык-Атинский р-н;41708206000000000;842051;ЦОВП ЫСЫК-АТИНСКОГО РАЙОНА;ЦЕНТР ОБЩЕВРАЧЕБНОЙ ПРАКТИКИ ЫСЫК-АТИНСКОГО РАЙОНА;74;302;527;829;301;520;821;79;228;307;76;218;294
Чуйская обл.;4170800000000000;Ысык-Атинский р-н;41708206000000000;842051;ЦОВП ЫСЫК-АТИНСКОГО РАЙОНА;ЦЕНТР ОБЩЕВРАЧЕБНОЙ ПРАКТИКИ ЫСЫК-АТИНСКОГО РАЙОНА;75;245;511;756;243;506;749;96;192;288;91;189;280
Чуйская обл.;4170800000000000;Ысык-Атинский р-н;41708206000000000;842051;ЦОВП ЫСЫК-АТИНСКОГО РАЙОНА;ЦЕНТР ОБЩЕВРАЧЕБНОЙ ПРАКТИКИ ЫСЫК-АТИНСКОГО РАЙОНА;76;215;384;599;213;382;595;62;145;207;55;138;193
Чуйская обл.;4170800000000000;Ысык-Атинский р-н;41708206000000000;842051;ЦОВП ЫСЫК-АТИНСКОГО РАЙОНА;ЦЕНТР ОБЩЕВРАЧЕБНОЙ ПРАКТИКИ ЫСЫК-АТИНСКОГО РАЙОНА;77;194;373;567;194;371;565;47;139;186;47;134;181
Чуйская обл.;4170800000000000;Ысык-Атинский р-н;41708206000000000;842051;ЦОВП ЫСЫК-АТИНСКОГО РАЙОНА;ЦЕНТР ОБЩЕВРАЧЕБНОЙ ПРАКТИКИ ЫСЫК-АТИНСКОГО РАЙОНА;78;148;292;440;148;290;438;36;87;123;34;83;117
Чуйская обл.;4170800000000000;Ысык-Атинский р-н;41708206000000000;842051;ЦОВП ЫСЫК-АТИНСКОГО РАЙОНА;ЦЕНТР ОБЩЕВРАЧЕБНОЙ ПРАКТИКИ ЫСЫК-АТИНСКОГО РАЙОНА;79;92;167;259;92;166;258;16;45;61;14;44;58
Чуйская обл.;4170800000000000;Ысык-Атинский р-н;41708206000000000;842051;ЦОВП ЫСЫК-АТИНСКОГО РАЙОНА;ЦЕНТР ОБЩЕВРАЧЕБНОЙ ПРАКТИКИ ЫСЫК-АТИНСКОГО РАЙОНА;80;80;114;194;79;114;193;10;27;37;10;26;36
Чуйская обл.;4170800000000000;Ысык-Атинский р-н;41708206000000000;842051;ЦОВП ЫСЫК-АТИНСКОГО РАЙОНА;ЦЕНТР ОБЩЕВРАЧЕБНОЙ ПРАКТИКИ ЫСЫК-АТИНСКОГО РАЙОНА;81;72;141;213;70;139;209;17;38;55;16;36;52
Чуйская обл.;4170800000000000;Ысык-Атинский р-н;41708206000000000;842051;ЦОВП ЫСЫК-АТИНСКОГО РАЙОНА;ЦЕНТР ОБЩЕВРАЧЕБНОЙ ПРАКТИКИ ЫСЫК-АТИНСКОГО РАЙОНА;82;118;228;346;118;228;346;23;39;62;23;36;59
Чуйская обл.;4170800000000000;Ысык-Атинский р-н;41708206000000000;842051;ЦОВП ЫСЫК-АТИНСКОГО РАЙОНА;ЦЕНТР ОБЩЕВРАЧЕБНОЙ ПРАКТИКИ ЫСЫК-АТИНСКОГО РАЙОНА;83;122;256;378;122;256;378;16;42;58;16;42;58
Чуйская обл.;4170800000000000;Ысык-Атинский р-н;41708206000000000;842051;ЦОВП ЫСЫК-АТИНСКОГО РАЙОНА;ЦЕНТР ОБЩЕВРАЧЕБНОЙ ПРАКТИКИ ЫСЫК-АТИНСКОГО РАЙОНА;84;156;328;484;156;328;484;21;54;75;19;51;70
Чуйская обл.;4170800000000000;Ысык-Атинский р-н;41708206000000000;842051;ЦОВП ЫСЫК-АТИНСКОГО РАЙОНА;ЦЕНТР ОБЩЕВРАЧЕБНОЙ ПРАКТИКИ ЫСЫК-АТИНСКОГО РАЙОНА;85;116;274;390;116;274;390;8;39;47;8;39;47
Чуйская обл.;4170800000000000;Ысык-Атинский р-н;41708206000000000;842051;ЦОВП ЫСЫК-АТИНСКОГО РАЙОНА;ЦЕНТР ОБЩЕВРАЧЕБНОЙ ПРАКТИКИ ЫСЫК-АТИНСКОГО РАЙОНА;86;148;272;420;147;271;418;20;28;48;20;28;48
Чуйская обл.;4170800000000000;Ысык-Атинский р-н;41708206000000000;842051;ЦОВП ЫСЫК-АТИНСКОГО РАЙОНА;ЦЕНТР ОБЩЕВРАЧЕБНОЙ ПРАКТИКИ ЫСЫК-АТИНСКОГО РАЙОНА;87;108;248;356;106;248;354;21;26;47;17;26;43
Чуйская обл.;4170800000000000;Ысык-Атинский р-н;41708206000000000;842051;ЦОВП ЫСЫК-АТИНСКОГО РАЙОНА;ЦЕНТР ОБЩЕВРАЧЕБНОЙ ПРАКТИКИ ЫСЫК-АТИНСКОГО РАЙОНА;88;80;230;310;80;229;309;2;10;12;1;10;11
Чуйская обл.;4170800000000000;Ысык-Атинский р-н;41708206000000000;842051;ЦОВП ЫСЫК-АТИНСКОГО РАЙОНА;ЦЕНТР ОБЩЕВРАЧЕБНОЙ ПРАКТИКИ ЫСЫК-АТИНСКОГО РАЙОНА;89;73;216;289;73;216;289;2;6;8;2;6;8
Чуйская обл.;4170800000000000;Ысык-Атинский р-н;41708206000000000;842051;ЦОВП ЫСЫК-АТИНСКОГО РАЙОНА;ЦЕНТР ОБЩЕВРАЧЕБНОЙ ПРАКТИКИ ЫСЫК-АТИНСКОГО РАЙОНА;90;74;153;227;74;153;227;0;7;7;0;7;7
Чуйская обл.;4170800000000000;Ысык-Атинский р-н;41708206000000000;842051;ЦОВП ЫСЫК-АТИНСКОГО РАЙОНА;ЦЕНТР ОБЩЕВРАЧЕБНОЙ ПРАКТИКИ ЫСЫК-АТИНСКОГО РАЙОНА;91;60;136;196;60;136;196;2;10;12;2;9;11
Чуйская обл.;4170800000000000;Ысык-Атинский р-н;41708206000000000;842051;ЦОВП ЫСЫК-АТИНСКОГО РАЙОНА;ЦЕНТР ОБЩЕВРАЧЕБНОЙ ПРАКТИКИ ЫСЫК-АТИНСКОГО РАЙОНА;92;53;168;221;53;168;221;1;5;6;1;5;6
Чуйская обл.;4170800000000000;Ысык-Атинский р-н;41708206000000000;842051;ЦОВП ЫСЫК-АТИНСКОГО РАЙОНА;ЦЕНТР ОБЩЕВРАЧЕБНОЙ ПРАКТИКИ ЫСЫК-АТИНСКОГО РАЙОНА;93;36;140;176;36;140;176;0;1;1;0;1;1
Чуйская обл.;4170800000000000;Ысык-Атинский р-н;41708206000000000;842051;ЦОВП ЫСЫК-АТИНСКОГО РАЙОНА;ЦЕНТР ОБЩЕВРАЧЕБНОЙ ПРАКТИКИ ЫСЫК-АТИНСКОГО РАЙОНА;94;56;228;284;56;228;284;2;2;4;2;2;4
Чуйская обл.;4170800000000000;Ысык-Атинский р-н;41708206000000000;842051;ЦОВП ЫСЫК-АТИНСКОГО РАЙОНА;ЦЕНТР ОБЩЕВРАЧЕБНОЙ ПРАКТИКИ ЫСЫК-АТИНСКОГО РАЙОНА;95;54;157;211;54;157;211;0;1;1;0;1;1
Чуйская обл.;4170800000000000;Ысык-Атинский р-н;41708206000000000;842051;ЦОВП ЫСЫК-АТИНСКОГО РАЙОНА;ЦЕНТР ОБЩЕВРАЧЕБНОЙ ПРАКТИКИ ЫСЫК-АТИНСКОГО РАЙОНА;96;58;177;235;58;177;235;0;4;4;0;4;4
Чуйская обл.;4170800000000000;Ысык-Атинский р-н;41708206000000000;842051;ЦОВП ЫСЫК-АТИНСКОГО РАЙОНА;ЦЕНТР ОБЩЕВРАЧЕБНОЙ ПРАКТИКИ ЫСЫК-АТИНСКОГО РАЙОНА;98;33;128;161;33;128;161;0;6;6;0;6;6
Чуйская обл.;4170800000000000;Ысык-Атинский р-н;41708206000000000;842051;ЦОВП ЫСЫК-АТИНСКОГО РАЙОНА;ЦЕНТР ОБЩЕВРАЧЕБНОЙ ПРАКТИКИ ЫСЫК-АТИНСКОГО РАЙОНА;99;15;103;118;15;103;118;0;2;2;0;2;2
Чуйская обл.;4170800000000000;Ысык-Атинский р-н;41708206000000000;842051;ЦОВП ЫСЫК-АТИНСКОГО РАЙОНА;ЦЕНТР ОБЩЕВРАЧЕБНОЙ ПРАКТИКИ ЫСЫК-АТИНСКОГО РАЙОНА;106;3;28;31;3;28;31;0;2;2;0;2;2
Чуйская обл.;4170800000000000;Ысык-Атинский р-н;41708206000000000;842051;ЦОВП ЫСЫК-АТИНСКОГО РАЙОНА;ЦЕНТР ОБЩЕВРАЧЕБНОЙ ПРАКТИКИ ЫСЫК-АТИНСКОГО РАЙОНА;108;6;13;19;6;13;19;0;1;1;0;1;1
Чуйская обл.;4170800000000000;Аламудунский р-н;41708203000000000;821701;ЦСМ №11;"Учреждение ""Центр семейной медицины № 11""";0;530;437;967;530;437;967;14424;13709;28133;14424;13709;28133
Чуйская обл.;4170800000000000;Аламудунский р-н;41708203000000000;821701;ЦСМ №11;"Учреждение ""Центр семейной медицины № 11""";1;1067;1110;2177;1067;1110;2177;6944;6591;13535;6944;6591;13535
Чуйская обл.;4170800000000000;Аламудунский р-н;41708203000000000;821701;ЦСМ №11;"Учреждение ""Центр семейной медицины № 11""";2;1219;1242;2461;1219;1242;2461;5882;5209;11091;5882;5209;11091
Чуйская обл.;4170800000000000;Аламудунский р-н;41708203000000000;821701;ЦСМ №11;"Учреждение ""Центр семейной медицины № 11""";3;1267;1261;2528;1267;1261;2528;3608;3596;7204;3608;3596;7204
Чуйская обл.;4170800000000000;Аламудунский р-н;41708203000000000;821701;ЦСМ №11;"Учреждение ""Центр семейной медицины № 11""";4;1278;1320;2598;1278;1320;2598;3275;2737;6012;3275;2737;6012
Чуйская обл.;4170800000000000;Аламудунский р-н;41708203000000000;821701;ЦСМ №11;"Учреждение ""Центр семейной медицины № 11""";5;1273;1353;2626;1273;1353;2626;3215;3054;6269;3215;3054;6269
Чуйская обл.;4170800000000000;Аламудунский р-н;41708203000000000;821701;ЦСМ №11;"Учреждение ""Центр семейной медицины № 11""";6;1249;1390;2639;1249;1390;2639;3987;3479;7466;3987;3479;7466
Чуйская обл.;4170800000000000;Аламудунский р-н;41708203000000000;821701;ЦСМ №11;"Учреждение ""Центр семейной медицины № 11""";7;1208;1422;2630;1208;1422;2630;1882;1665;3547;1882;1665;3547
Чуйская обл.;4170800000000000;Аламудунский р-н;41708203000000000;821701;ЦСМ №11;"Учреждение ""Центр семейной медицины № 11""";8;1237;1234;2471;1237;1234;2471;1245;1224;2469;1245;1224;2469
Чуйская обл.;4170800000000000;Аламудунский р-н;41708203000000000;821701;ЦСМ №11;"Учреждение ""Центр семейной медицины № 11""";9;1147;1169;2316;1147;1169;2316;1044;886;1930;1044;886;1930
Чуйская обл.;4170800000000000;Аламудунский р-н;41708203000000000;821701;ЦСМ №11;"Учреждение ""Центр семейной медицины № 11""";10;1085;1190;2275;1085;1190;2275;1268;1149;2417;1268;1149;2417
Чуйская обл.;4170800000000000;Аламудунский р-н;41708203000000000;821701;ЦСМ №11;"Учреждение ""Центр семейной медицины № 11""";11;1099;1342;2441;1099;1342;2441;1403;1371;2774;1403;1371;2774
Чуйская обл.;4170800000000000;Аламудунский р-н;41708203000000000;821701;ЦСМ №11;"Учреждение ""Центр семейной медицины № 11""";12;1043;1202;2245;1043;1202;2245;1064;913;1977;1064;913;1977
Чуйская обл.;4170800000000000;Аламудунский р-н;41708203000000000;821701;ЦСМ №11;"Учреждение ""Центр семейной медицины № 11""";13;1001;1220;2221;1001;1220;2221;799;739;1538;799;739;1538
Чуйская обл.;4170800000000000;Аламудунский р-н;41708203000000000;821701;ЦСМ №11;"Учреждение ""Центр семейной медицины № 11""";14;999;1270;2269;999;1270;2269;1144;1019;2163;1144;1019;2163
Чуйская обл.;4170800000000000;Аламудунский р-н;41708203000000000;821701;ЦСМ №11;"Учреждение ""Центр семейной медицины № 11""";15;980;1208;2188;980;1208;2188;2989;1339;4328;2989;1339;4328
Чуйская обл.;4170800000000000;Аламудунский р-н;41708203000000000;821701;ЦСМ №11;"Учреждение ""Центр семейной медицины № 11""";16;990;1149;2139;990;1149;2139;2056;1195;3251;1968;1147;3115
Чуйская обл.;4170800000000000;Аламудунский р-н;41708203000000000;821701;ЦСМ №11;"Учреждение ""Центр семейной медицины № 11""";17;847;1044;1891;796;1003;1799;1660;1207;2867;1384;999;2383
Чуйская обл.;4170800000000000;Аламудунский р-н;41708203000000000;821701;ЦСМ №11;"Учреждение ""Центр семейной медицины № 11""";18;766;942;1708;639;830;1469;2176;1439;3615;1437;962;2399
Чуйская обл.;4170800000000000;Аламудунский р-н;41708203000000000;821701;ЦСМ №11;"Учреждение ""Центр семейной медицины № 11""";19;686;682;1368;233;259;492;1198;1544;2742;366;465;831
Чуйская обл.;4170800000000000;Аламудунский р-н;41708203000000000;821701;ЦСМ №11;"Учреждение ""Центр семейной медицины № 11""";20;743;662;1405;172;194;366;878;1692;2570;219;514;733
Чуйская обл.;4170800000000000;Аламудунский р-н;41708203000000000;821701;ЦСМ №11;"Учреждение ""Центр семейной медицины № 11""";21;697;681;1378;124;174;298;665;1938;2603;196;725;921
Чуйская обл.;4170800000000000;Аламудунский р-н;41708203000000000;821701;ЦСМ №11;"Учреждение ""Центр семейной медицины № 11""";22;610;738;1348;188;253;441;567;1946;2513;181;731;912
Чуйская обл.;4170800000000000;Аламудунский р-н;41708203000000000;821701;ЦСМ №11;"Учреждение ""Центр семейной медицины № 11""";23;576;769;1345;145;275;420;600;1948;2548;217;896;1113
Чуйская обл.;4170800000000000;Аламудунский р-н;41708203000000000;821701;ЦСМ №11;"Учреждение ""Центр семейной медицины № 11""";24;575;722;1297;143;267;410;508;1853;2361;197;758;955
Чуйская обл.;4170800000000000;Аламудунский р-н;41708203000000000;821701;ЦСМ №11;"Учреждение ""Центр семейной медицины № 11""";25;506;700;1206;128;262;390;538;1911;2449;188;972;1160
Чуйская обл.;4170800000000000;Аламудунский р-н;41708203000000000;821701;ЦСМ №11;"Учреждение ""Центр семейной медицины № 11""";26;491;685;1176;163;306;469;507;1857;2364;215;941;1156
Чуйская обл.;4170800000000000;Аламудунский р-н;41708203000000000;821701;ЦСМ №11;"Учреждение ""Центр семейной медицины № 11""";27;514;710;1224;196;342;538;578;1969;2547;287;1039;1326
Чуйская обл.;4170800000000000;Аламудунский р-н;41708203000000000;821701;ЦСМ №11;"Учреждение ""Центр семейной медицины № 11""";28;590;746;1336;245;387;632;661;2174;2835;361;1275;1636
Чуйская обл.;4170800000000000;Аламудунский р-н;41708203000000000;821701;ЦСМ №11;"Учреждение ""Центр семейной медицины № 11""";29;627;803;1430;285;442;727;562;2269;2831;285;1443;1728
Чуйская обл.;4170800000000000;Аламудунский р-н;41708203000000000;821701;ЦСМ №11;"Учреждение ""Центр семейной медицины № 11""";30;645;879;1524;324;509;833;599;2414;3013;348;1599;1947
Чуйская обл.;4170800000000000;Аламудунский р-н;41708203000000000;821701;ЦСМ №11;"Учреждение ""Центр семейной медицины № 11""";31;683;891;1574;337;501;838;633;2228;2861;379;1420;1799
Чуйская обл.;4170800000000000;Аламудунский р-н;41708203000000000;821701;ЦСМ №11;"Учреждение ""Центр семейной медицины № 11""";32;708;870;1578;391;537;928;704;2012;2716;514;1288;1802
Чуйская обл.;4170800000000000;Аламудунский р-н;41708203000000000;821701;ЦСМ №11;"Учреждение ""Центр семейной медицины № 11""";33;743;896;1639;442;531;973;781;2229;3010;501;1369;1870
Чуйская обл.;4170800000000000;Аламудунский р-н;41708203000000000;821701;ЦСМ №11;"Учреждение ""Центр семейной медицины № 11""";34;754;938;1692;471;584;1055;719;1919;2638;478;1301;1779
Чуйская обл.;4170800000000000;Аламудунский р-н;41708203000000000;821701;ЦСМ №11;"Учреждение ""Центр семейной медицины № 11""";35;725;902;1627;431;573;1004;748;1994;2742;473;1454;1927
Чуйская обл.;4170800000000000;Аламудунский р-н;41708203000000000;821701;ЦСМ №11;"Учреждение ""Центр семейной медицины № 11""";36;728;845;1573;439;521;960;838;1902;2740;520;1307;1827
Чуйская обл.;4170800000000000;Аламудунский р-н;41708203000000000;821701;ЦСМ №11;"Учреждение ""Центр семейной медицины № 11""";37;728;860;1588;432;536;968;643;1597;2240;398;1114;1512
Чуйская обл.;4170800000000000;Аламудунский р-н;41708203000000000;821701;ЦСМ №11;"Учреждение ""Центр семейной медицины № 11""";38;750;859;1609;443;560;1003;676;1573;2249;451;1160;1611
Чуйская обл.;4170800000000000;Аламудунский р-н;41708203000000000;821701;ЦСМ №11;"Учреждение ""Центр семейной медицины № 11""";39;686;800;1486;404;482;886;663;1494;2157;473;924;1397
Чуйская обл.;4170800000000000;Аламудунский р-н;41708203000000000;821701;ЦСМ №11;"Учреждение ""Центр семейной медицины № 11""";40;724;779;1503;449;475;924;665;1207;1872;487;822;1309
Чуйская обл.;4170800000000000;Аламудунский р-н;41708203000000000;821701;ЦСМ №11;"Учреждение ""Центр семейной медицины № 11""";41;609;714;1323;339;456;795;656;1148;1804;439;798;1237
Чуйская обл.;4170800000000000;Аламудунский р-н;41708203000000000;821701;ЦСМ №11;"Учреждение ""Центр семейной медицины № 11""";42;625;711;1336;366;398;764;514;1246;1760;342;839;1181
Чуйская обл.;4170800000000000;Аламудунский р-н;41708203000000000;821701;ЦСМ №11;"Учреждение ""Центр семейной медицины № 11""";43;543;673;1216;319;379;698;520;853;1373;342;588;930
Чуйская обл.;4170800000000000;Аламудунский р-н;41708203000000000;821701;ЦСМ №11;"Учреждение ""Центр семейной медицины № 11""";44;597;603;1200;363;349;712;692;748;1440;538;539;1077
Чуйская обл.;4170800000000000;Аламудунский р-н;41708203000000000;821701;ЦСМ №11;"Учреждение ""Центр семейной медицины № 11""";45;550;602;1152;318;320;638;686;854;1540;472;625;1097
Чуйская обл.;4170800000000000;Аламудунский р-н;41708203000000000;821701;ЦСМ №11;"Учреждение ""Центр семейной медицины № 11""";46;511;538;1049;317;334;651;729;885;1614;508;640;1148
Чуйская обл.;4170800000000000;Аламудунский р-н;41708203000000000;821701;ЦСМ №11;"Учреждение ""Центр семейной медицины № 11""";47;477;555;1032;291;326;617;663;924;1587;510;603;1113
Чуйская обл.;4170800000000000;Аламудунский р-н;41708203000000000;821701;ЦСМ №11;"Учреждение ""Центр семейной медицины № 11""";48;488;577;1065;283;332;615;591;703;1294;444;504;948
Чуйская обл.;4170800000000000;Аламудунский р-н;41708203000000000;821701;ЦСМ №11;"Учреждение ""Центр семейной медицины № 11""";49;496;545;1041;282;324;606;562;782;1344;348;523;871
Чуйская обл.;4170800000000000;Аламудунский р-н;41708203000000000;821701;ЦСМ №11;"Учреждение ""Центр семейной медицины № 11""";50;439;472;911;243;281;524;578;781;1359;363;547;910
Чуйская обл.;4170800000000000;Аламудунский р-н;41708203000000000;821701;ЦСМ №11;"Учреждение ""Центр семейной медицины № 11""";51;446;517;963;266;288;554;575;818;1393;428;546;974
Чуйская обл.;4170800000000000;Аламудунский р-н;41708203000000000;821701;ЦСМ №11;"Учреждение ""Центр семейной медицины № 11""";52;423;549;972;264;303;567;632;895;1527;498;602;1100
Чуйская обл.;4170800000000000;Аламудунский р-н;41708203000000000;821701;ЦСМ №11;"Учреждение ""Центр семейной медицины № 11""";53;428;496;924;264;278;542;598;867;1465;455;599;1054
Чуйская обл.;4170800000000000;Аламудунский р-н;41708203000000000;821701;ЦСМ №11;"Учреждение ""Центр семейной медицины № 11""";54;406;537;943;247;332;579;540;948;1488;403;732;1135
Чуйская обл.;4170800000000000;Аламудунский р-н;41708203000000000;821701;ЦСМ №11;"Учреждение ""Центр семейной медицины № 11""";55;418;475;893;254;292;546;644;928;1572;442;719;1161
Чуйская обл.;4170800000000000;Аламудунский р-н;41708203000000000;821701;ЦСМ №11;"Учреждение ""Центр семейной медицины № 11""";56;423;444;867;268;261;529;738;1082;1820;503;739;1242
Чуйская обл.;4170800000000000;Аламудунский р-н;41708203000000000;821701;ЦСМ №11;"Учреждение ""Центр семейной медицины № 11""";57;376;473;849;223;288;511;675;1003;1678;474;705;1179
Чуйская обл.;4170800000000000;Аламудунский р-н;41708203000000000;821701;ЦСМ №11;"Учреждение ""Центр семейной медицины № 11""";58;381;428;809;234;244;478;761;891;1652;556;583;1139
Чуйская обл.;4170800000000000;Аламудунский р-н;41708203000000000;821701;ЦСМ №11;"Учреждение ""Центр семейной медицины № 11""";59;387;451;838;260;306;566;741;978;1719;569;733;1302
Чуйская обл.;4170800000000000;Аламудунский р-н;41708203000000000;821701;ЦСМ №11;"Учреждение ""Центр семейной медицины № 11""";60;378;497;875;259;368;627;693;1138;1831;512;934;1446
Чуйская обл.;4170800000000000;Аламудунский р-н;41708203000000000;821701;ЦСМ №11;"Учреждение ""Центр семейной медицины № 11""";61;349;487;836;223;373;596;696;1268;1964;536;1062;1598
Чуйская обл.;4170800000000000;Аламудунский р-н;41708203000000000;821701;ЦСМ №11;"Учреждение ""Центр семейной медицины № 11""";62;385;499;884;291;382;673;768;1332;2100;647;1164;1811
Чуйская обл.;4170800000000000;Аламудунский р-н;41708203000000000;821701;ЦСМ №11;"Учреждение ""Центр семейной медицины № 11""";63;383;514;897;278;419;697;769;1234;2003;632;1085;1717
Чуйская обл.;4170800000000000;Аламудунский р-н;41708203000000000;821701;ЦСМ №11;"Учреждение ""Центр семейной медицины № 11""";64;364;468;832;266;384;650;769;1103;1872;636;1025;1661
Чуйская обл.;4170800000000000;Аламудунский р-н;41708203000000000;821701;ЦСМ №11;"Учреждение ""Центр семейной медицины № 11""";65;344;400;744;293;383;676;585;998;1583;512;966;1478
Чуйская обл.;4170800000000000;Аламудунский р-н;41708203000000000;821701;ЦСМ №11;"Учреждение ""Центр семейной медицины № 11""";66;301;428;729;263;419;682;452;952;1404;422;939;1361
Чуйская обл.;4170800000000000;Аламудунский р-н;41708203000000000;821701;ЦСМ №11;"Учреждение ""Центр семейной медицины № 11""";67;276;392;668;243;385;628;450;1032;1482;408;1026;1434
Чуйская обл.;4170800000000000;Аламудунский р-н;41708203000000000;821701;ЦСМ №11;"Учреждение ""Центр семейной медицины № 11""";68;206;370;576;182;362;544;284;876;1160;261;859;1120
Чуйская обл.;4170800000000000;Аламудунский р-н;41708203000000000;821701;ЦСМ №11;"Учреждение ""Центр семейной медицины № 11""";69;239;290;529;213;285;498;432;701;1133;413;693;1106
Чуйская обл.;4170800000000000;Аламудунский р-н;41708203000000000;821701;ЦСМ №11;"Учреждение ""Центр семейной медицины № 11""";70;229;325;554;222;323;545;385;803;1188;383;791;1174
Чуйская обл.;4170800000000000;Аламудунский р-н;41708203000000000;821701;ЦСМ №11;"Учреждение ""Центр семейной медицины № 11""";71;171;281;452;171;281;452;570;564;1134;563;564;1127
Чуйская обл.;4170800000000000;Аламудунский р-н;41708203000000000;821701;ЦСМ №11;"Учреждение ""Центр семейной медицины № 11""";72;185;265;450;184;265;449;334;571;905;331;570;901
Чуйская обл.;4170800000000000;Аламудунский р-н;41708203000000000;821701;ЦСМ №11;"Учреждение ""Центр семейной медицины № 11""";73;150;240;390;150;240;390;313;662;975;313;662;975
Чуйская обл.;4170800000000000;Аламудунский р-н;41708203000000000;821701;ЦСМ №11;"Учреждение ""Центр семейной медицины № 11""";74;148;244;392;148;244;392;259;710;969;248;708;956
Чуйская обл.;4170800000000000;Аламудунский р-н;41708203000000000;821701;ЦСМ №11;"Учреждение ""Центр семейной медицины № 11""";75;140;234;374;138;231;369;178;616;794;173;612;785
Чуйская обл.;4170800000000000;Аламудунский р-н;41708203000000000;821701;ЦСМ №11;"Учреждение ""Центр семейной медицины № 11""";76;104;184;288;103;183;286;179;410;589;174;406;580
Чуйская обл.;4170800000000000;Аламудунский р-н;41708203000000000;821701;ЦСМ №11;"Учреждение ""Центр семейной медицины № 11""";77;105;192;297;104;191;295;149;337;486;139;329;468
Чуйская обл.;4170800000000000;Аламудунский р-н;41708203000000000;821701;ЦСМ №11;"Учреждение ""Центр семейной медицины № 11""";78;60;100;160;59;100;159;133;161;294;126;160;286
Чуйская обл.;4170800000000000;Аламудунский р-н;41708203000000000;821701;ЦСМ №11;"Учреждение ""Центр семейной медицины № 11""";79;46;72;118;46;72;118;71;89;160;71;89;160
Чуйская обл.;4170800000000000;Аламудунский р-н;41708203000000000;821701;ЦСМ №11;"Учреждение ""Центр семейной медицины № 11""";80;31;46;77;31;46;77;78;113;191;78;113;191
Чуйская обл.;4170800000000000;Аламудунский р-н;41708203000000000;821701;ЦСМ №11;"Учреждение ""Центр семейной медицины № 11""";81;35;51;86;35;51;86;67;103;170;67;103;170
Чуйская обл.;4170800000000000;Аламудунский р-н;41708203000000000;821701;ЦСМ №11;"Учреждение ""Центр семейной медицины № 11""";82;49;96;145;48;96;144;57;128;185;57;125;182
Чуйская обл.;4170800000000000;Аламудунский р-н;41708203000000000;821701;ЦСМ №11;"Учреждение ""Центр семейной медицины № 11""";83;42;91;133;42;91;133;47;139;186;47;135;182
Чуйская обл.;4170800000000000;Аламудунский р-н;41708203000000000;821701;ЦСМ №11;"Учреждение ""Центр семейной медицины № 11""";84;59;109;168;59;109;168;58;111;169;58;111;169
Чуйская обл.;4170800000000000;Аламудунский р-н;41708203000000000;821701;ЦСМ №11;"Учреждение ""Центр семейной медицины № 11""";85;47;91;138;47;90;137;69;91;160;68;89;157
Чуйская обл.;4170800000000000;Аламудунский р-н;41708203000000000;821701;ЦСМ №11;"Учреждение ""Центр семейной медицины № 11""";86;47;96;143;47;95;142;34;90;124;34;87;121
Чуйская обл.;4170800000000000;Аламудунский р-н;41708203000000000;821701;ЦСМ №11;"Учреждение ""Центр семейной медицины № 11""";87;33;92;125;33;92;125;14;75;89;14;73;87
Чуйская обл.;4170800000000000;Аламудунский р-н;41708203000000000;821701;ЦСМ №11;"Учреждение ""Центр семейной медицины № 11""";88;23;59;82;23;59;82;4;26;30;4;26;30
Чуйская обл.;4170800000000000;Аламудунский р-н;41708203000000000;821701;ЦСМ №11;"Учреждение ""Центр семейной медицины № 11""";89;20;51;71;20;51;71;2;36;38;2;36;38
Чуйская обл.;4170800000000000;Аламудунский р-н;41708203000000000;821701;ЦСМ №11;"Учреждение ""Центр семейной медицины № 11""";90;17;40;57;17;39;56;0;17;17;0;17;17
Чуйская обл.;4170800000000000;Аламудунский р-н;41708203000000000;821701;ЦСМ №11;"Учреждение ""Центр семейной медицины № 11""";91;11;17;28;11;17;28;0;6;6;0;6;6
Чуйская обл.;4170800000000000;Аламудунский р-н;41708203000000000;821701;ЦСМ №11;"Учреждение ""Центр семейной медицины № 11""";92;14;20;34;14;20;34;0;1;1;0;1;1
Чуйская обл.;4170800000000000;Аламудунский р-н;41708203000000000;821701;ЦСМ №11;"Учреждение ""Центр семейной медицины № 11""";93;7;26;33;7;26;33;0;4;4;0;4;4
Чуйская обл.;4170800000000000;Аламудунский р-н;41708203000000000;821701;ЦСМ №11;"Учреждение ""Центр семейной медицины № 11""";94;8;28;36;8;28;36;0;6;6;0;6;6
Чуйская обл.;4170800000000000;Аламудунский р-н;41708203000000000;821701;ЦСМ №11;"Учреждение ""Центр семейной медицины № 11""";95;10;21;31;10;21;31;0;1;1;0;1;1
Чуйская обл.;4170800000000000;Аламудунский р-н;41708203000000000;821701;ЦСМ №11;"Учреждение ""Центр семейной медицины № 11""";98;1;12;13;1;12;13;0;5;5;0;5;5
Чуйская обл.;4170800000000000;Аламудунский р-н;41708203000000000;821701;ЦСМ №11;"Учреждение ""Центр семейной медицины № 11""";99;3;17;20;3;17;20;0;4;4;0;4;4
Чуйская обл.;4170800000000000;Аламудунский р-н;41708203000000000;821701;ЦСМ №11;"Учреждение ""Центр семейной медицины № 11""";102;0;1;1;0;1;1;0;2;2;0;2;2
Чуйская обл.;4170800000000000;Аламудунский р-н;41708203000000000;821701;ЦСМ №11;"Учреждение ""Центр семейной медицины № 11""";822;0;0;0;0;0;0;0;1;1;0;1;1
Бишкек г.;4171100000000000;Свердловский р-н;41711204000000000;142351;ЦСМ №5 г. Бишкек;"Учреждение ""Центр семейной медицины №5"" г. Бишкек";0;970;888;1858;970;888;1858;20284;18838;39122;20284;18838;39122
Бишкек г.;4171100000000000;Свердловский р-н;41711204000000000;142351;ЦСМ №5 г. Бишкек;"Учреждение ""Центр семейной медицины №5"" г. Бишкек";1;1373;1304;2677;1373;1304;2677;10815;9917;20732;10815;9917;20732
Бишкек г.;4171100000000000;Свердловский р-н;41711204000000000;142351;ЦСМ №5 г. Бишкек;"Учреждение ""Центр семейной медицины №5"" г. Бишкек";2;1505;1387;2892;1505;1387;2892;7992;7598;15590;7992;7598;15590
Бишкек г.;4171100000000000;Свердловский р-н;41711204000000000;142351;ЦСМ №5 г. Бишкек;"Учреждение ""Центр семейной медицины №5"" г. Бишкек";3;1505;1531;3036;1505;1531;3036;5670;5301;10971;5670;5301;10971
Бишкек г.;4171100000000000;Свердловский р-н;41711204000000000;142351;ЦСМ №5 г. Бишкек;"Учреждение ""Центр семейной медицины №5"" г. Бишкек";4;1715;1614;3329;1715;1614;3329;5042;4165;9207;5042;4165;9207
Бишкек г.;4171100000000000;Свердловский р-н;41711204000000000;142351;ЦСМ №5 г. Бишкек;"Учреждение ""Центр семейной медицины №5"" г. Бишкек";5;1675;1579;3254;1675;1579;3254;4197;3887;8084;4197;3887;8084
Бишкек г.;4171100000000000;Свердловский р-н;41711204000000000;142351;ЦСМ №5 г. Бишкек;"Учреждение ""Центр семейной медицины №5"" г. Бишкек";6;1654;1811;3465;1654;1811;3465;5022;4830;9852;5022;4830;9852
Бишкек г.;4171100000000000;Свердловский р-н;41711204000000000;142351;ЦСМ №5 г. Бишкек;"Учреждение ""Центр семейной медицины №5"" г. Бишкек";7;1535;1610;3145;1535;1610;3145;3278;3051;6329;3278;3051;6329
Бишкек г.;4171100000000000;Свердловский р-н;41711204000000000;142351;ЦСМ №5 г. Бишкек;"Учреждение ""Центр семейной медицины №5"" г. Бишкек";8;1545;1738;3283;1545;1738;3283;2514;2154;4668;2514;2154;4668
Бишкек г.;4171100000000000;Свердловский р-н;41711204000000000;142351;ЦСМ №5 г. Бишкек;"Учреждение ""Центр семейной медицины №5"" г. Бишкек";9;1541;1702;3243;1541;1702;3243;2205;1990;4195;2205;1990;4195
Бишкек г.;4171100000000000;Свердловский р-н;41711204000000000;142351;ЦСМ №5 г. Бишкек;"Учреждение ""Центр семейной медицины №5"" г. Бишкек";10;1485;1668;3153;1485;1668;3153;1819;2027;3846;1819;2027;3846
Бишкек г.;4171100000000000;Свердловский р-н;41711204000000000;142351;ЦСМ №5 г. Бишкек;"Учреждение ""Центр семейной медицины №5"" г. Бишкек";11;1348;1704;3052;1348;1704;3052;2184;2065;4249;2184;2065;4249
Бишкек г.;4171100000000000;Свердловский р-н;41711204000000000;142351;ЦСМ №5 г. Бишкек;"Учреждение ""Центр семейной медицины №5"" г. Бишкек";12;1344;1575;2919;1344;1575;2919;1779;1724;3503;1779;1724;3503
Бишкек г.;4171100000000000;Свердловский р-н;41711204000000000;142351;ЦСМ №5 г. Бишкек;"Учреждение ""Центр семейной медицины №5"" г. Бишкек";13;1352;1511;2863;1352;1511;2863;2089;1674;3763;2089;1674;3763
Бишкек г.;4171100000000000;Свердловский р-н;41711204000000000;142351;ЦСМ №5 г. Бишкек;"Учреждение ""Центр семейной медицины №5"" г. Бишкек";14;1275;1478;2753;1275;1478;2753;2058;2205;4263;2058;2205;4263
Бишкек г.;4171100000000000;Свердловский р-н;41711204000000000;142351;ЦСМ №5 г. Бишкек;"Учреждение ""Центр семейной медицины №5"" г. Бишкек";15;1203;1547;2750;1203;1547;2750;2191;2181;4372;2191;2181;4372
Бишкек г.;4171100000000000;Свердловский р-н;41711204000000000;142351;ЦСМ №5 г. Бишкек;"Учреждение ""Центр семейной медицины №5"" г. Бишкек";16;1167;1472;2639;1167;1470;2637;2162;2489;4651;2082;2432;4514
Бишкек г.;4171100000000000;Свердловский р-н;41711204000000000;142351;ЦСМ №5 г. Бишкек;"Учреждение ""Центр семейной медицины №5"" г. Бишкек";17;1076;1437;2513;1020;1399;2419;2535;2433;4968;2144;2127;4271
Бишкек г.;4171100000000000;Свердловский р-н;41711204000000000;142351;ЦСМ №5 г. Бишкек;"Учреждение ""Центр семейной медицины №5"" г. Бишкек";18;954;1191;2145;830;1081;1911;2042;2413;4455;1266;1588;2854
Бишкек г.;4171100000000000;Свердловский р-н;41711204000000000;142351;ЦСМ №5 г. Бишкек;"Учреждение ""Центр семейной медицины №5"" г. Бишкек";19;851;942;1793;269;330;599;1585;2775;4360;546;1101;1647
Бишкек г.;4171100000000000;Свердловский р-н;41711204000000000;142351;ЦСМ №5 г. Бишкек;"Учреждение ""Центр семейной медицины №5"" г. Бишкек";20;995;1095;2090;266;331;597;1199;3053;4252;351;1300;1651
Бишкек г.;4171100000000000;Свердловский р-н;41711204000000000;142351;ЦСМ №5 г. Бишкек;"Учреждение ""Центр семейной медицины №5"" г. Бишкек";21;833;1011;1844;195;325;520;1073;3270;4343;386;1570;1956
Бишкек г.;4171100000000000;Свердловский р-н;41711204000000000;142351;ЦСМ №5 г. Бишкек;"Учреждение ""Центр семейной медицины №5"" г. Бишкек";22;800;1153;1953;194;334;528;998;3875;4873;409;1856;2265
Бишкек г.;4171100000000000;Свердловский р-н;41711204000000000;142351;ЦСМ №5 г. Бишкек;"Учреждение ""Центр семейной медицины №5"" г. Бишкек";23;839;1194;2033;175;383;558;1097;4201;5298;385;2195;2580
Бишкек г.;4171100000000000;Свердловский р-н;41711204000000000;142351;ЦСМ №5 г. Бишкек;"Учреждение ""Центр семейной медицины №5"" г. Бишкек";24;935;1400;2335;175;471;646;947;4506;5453;441;2464;2905
Бишкек г.;4171100000000000;Свердловский р-н;41711204000000000;142351;ЦСМ №5 г. Бишкек;"Учреждение ""Центр семейной медицины №5"" г. Бишкек";25;894;1307;2201;217;516;733;936;5043;5979;430;2946;3376
Бишкек г.;4171100000000000;Свердловский р-н;41711204000000000;142351;ЦСМ №5 г. Бишкек;"Учреждение ""Центр семейной медицины №5"" г. Бишкек";26;913;1417;2330;269;580;849;1090;5052;6142;546;3167;3713
Бишкек г.;4171100000000000;Свердловский р-н;41711204000000000;142351;ЦСМ №5 г. Бишкек;"Учреждение ""Центр семейной медицины №5"" г. Бишкек";27;902;1409;2311;321;648;969;920;5079;5999;562;3488;4050
Бишкек г.;4171100000000000;Свердловский р-н;41711204000000000;142351;ЦСМ №5 г. Бишкек;"Учреждение ""Центр семейной медицины №5"" г. Бишкек";28;968;1624;2592;390;801;1191;1150;5290;6440;652;3662;4314
Бишкек г.;4171100000000000;Свердловский р-н;41711204000000000;142351;ЦСМ №5 г. Бишкек;"Учреждение ""Центр семейной медицины №5"" г. Бишкек";29;1079;1790;2869;476;959;1435;1255;5769;7024;805;4160;4965
Бишкек г.;4171100000000000;Свердловский р-н;41711204000000000;142351;ЦСМ №5 г. Бишкек;"Учреждение ""Центр семейной медицины №5"" г. Бишкек";30;1128;1710;2838;582;1022;1604;1294;5496;6790;809;3810;4619
Бишкек г.;4171100000000000;Свердловский р-н;41711204000000000;142351;ЦСМ №5 г. Бишкек;"Учреждение ""Центр семейной медицины №5"" г. Бишкек";31;1166;1821;2987;611;1069;1680;1282;6001;7283;875;4355;5230
Бишкек г.;4171100000000000;Свердловский р-н;41711204000000000;142351;ЦСМ №5 г. Бишкек;"Учреждение ""Центр семейной медицины №5"" г. Бишкек";32;1292;1846;3138;733;1117;1850;1532;5464;6996;1070;4085;5155
Бишкек г.;4171100000000000;Свердловский р-н;41711204000000000;142351;ЦСМ №5 г. Бишкек;"Учреждение ""Центр семейной медицины №5"" г. Бишкек";33;1285;1826;3111;697;1101;1798;1561;5549;7110;1205;4086;5291
Бишкек г.;4171100000000000;Свердловский р-н;41711204000000000;142351;ЦСМ №5 г. Бишкек;"Учреждение ""Центр семейной медицины №5"" г. Бишкек";34;1262;1816;3078;741;1128;1869;1580;5128;6708;1164;4000;5164
Бишкек г.;4171100000000000;Свердловский р-н;41711204000000000;142351;ЦСМ №5 г. Бишкек;"Учреждение ""Центр семейной медицины №5"" г. Бишкек";35;1192;1661;2853;763;1100;1863;1584;5387;6971;1171;4096;5267
Бишкек г.;4171100000000000;Свердловский р-н;41711204000000000;142351;ЦСМ №5 г. Бишкек;"Учреждение ""Центр семейной медицины №5"" г. Бишкек";36;1134;1697;2831;681;1095;1776;1529;5284;6813;1086;3905;4991
Бишкек г.;4171100000000000;Свердловский р-н;41711204000000000;142351;ЦСМ №5 г. Бишкек;"Учреждение ""Центр семейной медицины №5"" г. Бишкек";37;1115;1696;2811;698;1090;1788;1291;4675;5966;979;3507;4486
Бишкек г.;4171100000000000;Свердловский р-н;41711204000000000;142351;ЦСМ №5 г. Бишкек;"Учреждение ""Центр семейной медицины №5"" г. Бишкек";38;1048;1549;2597;660;983;1643;1256;3619;4875;928;2838;3766
Бишкек г.;4171100000000000;Свердловский р-н;41711204000000000;142351;ЦСМ №5 г. Бишкек;"Учреждение ""Центр семейной медицины №5"" г. Бишкек";39;997;1439;2436;639;907;1546;1398;3546;4944;1056;2655;3711
Бишкек г.;4171100000000000;Свердловский р-н;41711204000000000;142351;ЦСМ №5 г. Бишкек;"Учреждение ""Центр семейной медицины №5"" г. Бишкек";40;953;1460;2413;592;892;1484;1229;3236;4465;918;2458;3376
Бишкек г.;4171100000000000;Свердловский р-н;41711204000000000;142351;ЦСМ №5 г. Бишкек;"Учреждение ""Центр семейной медицины №5"" г. Бишкек";41;865;1296;2161;517;762;1279;1117;2631;3748;763;1871;2634
Бишкек г.;4171100000000000;Свердловский р-н;41711204000000000;142351;ЦСМ №5 г. Бишкек;"Учреждение ""Центр семейной медицины №5"" г. Бишкек";42;776;1278;2054;457;752;1209;1037;2765;3802;748;2086;2834
Бишкек г.;4171100000000000;Свердловский р-н;41711204000000000;142351;ЦСМ №5 г. Бишкек;"Учреждение ""Центр семейной медицины №5"" г. Бишкек";43;799;1216;2015;481;710;1191;1082;2432;3514;758;1849;2607
Бишкек г.;4171100000000000;Свердловский р-н;41711204000000000;142351;ЦСМ №5 г. Бишкек;"Учреждение ""Центр семейной медицины №5"" г. Бишкек";44;783;1191;1974;454;656;1110;863;2180;3043;567;1639;2206
Бишкек г.;4171100000000000;Свердловский р-н;41711204000000000;142351;ЦСМ №5 г. Бишкек;"Учреждение ""Центр семейной медицины №5"" г. Бишкек";45;710;1120;1830;400;610;1010;1151;2153;3304;812;1591;2403
Бишкек г.;4171100000000000;Свердловский р-н;41711204000000000;142351;ЦСМ №5 г. Бишкек;"Учреждение ""Центр семейной медицины №5"" г. Бишкек";46;658;1085;1743;366;597;963;1181;2158;3339;834;1593;2427
Бишкек г.;4171100000000000;Свердловский р-н;41711204000000000;142351;ЦСМ №5 г. Бишкек;"Учреждение ""Центр семейной медицины №5"" г. Бишкек";47;648;1030;1678;403;563;966;1095;2295;3390;818;1639;2457
Бишкек г.;4171100000000000;Свердловский р-н;41711204000000000;142351;ЦСМ №5 г. Бишкек;"Учреждение ""Центр семейной медицины №5"" г. Бишкек";48;639;1022;1661;392;538;930;1133;1774;2907;821;1247;2068
Бишкек г.;4171100000000000;Свердловский р-н;41711204000000000;142351;ЦСМ №5 г. Бишкек;"Учреждение ""Центр семейной медицины №5"" г. Бишкек";49;615;956;1571;333;455;788;1066;2208;3274;714;1535;2249
Бишкек г.;4171100000000000;Свердловский р-н;41711204000000000;142351;ЦСМ №5 г. Бишкек;"Учреждение ""Центр семейной медицины №5"" г. Бишкек";50;575;930;1505;299;474;773;1016;2260;3276;725;1639;2364
Бишкек г.;4171100000000000;Свердловский р-н;41711204000000000;142351;ЦСМ №5 г. Бишкек;"Учреждение ""Центр семейной медицины №5"" г. Бишкек";51;551;950;1501;302;475;777;1330;2385;3715;1038;1675;2713
Бишкек г.;4171100000000000;Свердловский р-н;41711204000000000;142351;ЦСМ №5 г. Бишкек;"Учреждение ""Центр семейной медицины №5"" г. Бишкек";52;556;931;1487;316;524;840;1091;2459;3550;825;1791;2616
Бишкек г.;4171100000000000;Свердловский р-н;41711204000000000;142351;ЦСМ №5 г. Бишкек;"Учреждение ""Центр семейной медицины №5"" г. Бишкек";53;538;904;1442;302;492;794;1011;2556;3567;762;1877;2639
Бишкек г.;4171100000000000;Свердловский р-н;41711204000000000;142351;ЦСМ №5 г. Бишкек;"Учреждение ""Центр семейной медицины №5"" г. Бишкек";54;545;913;1458;304;498;802;1053;2437;3490;745;1933;2678
Бишкек г.;4171100000000000;Свердловский р-н;41711204000000000;142351;ЦСМ №5 г. Бишкек;"Учреждение ""Центр семейной медицины №5"" г. Бишкек";55;559;900;1459;348;500;848;1382;2622;4004;1166;1972;3138
Бишкек г.;4171100000000000;Свердловский р-н;41711204000000000;142351;ЦСМ №5 г. Бишкек;"Учреждение ""Центр семейной медицины №5"" г. Бишкек";56;516;844;1360;292;471;763;1272;2812;4084;978;2076;3054
Бишкек г.;4171100000000000;Свердловский р-н;41711204000000000;142351;ЦСМ №5 г. Бишкек;"Учреждение ""Центр семейной медицины №5"" г. Бишкек";57;494;832;1326;298;516;814;1371;2547;3918;972;2073;3045
Бишкек г.;4171100000000000;Свердловский р-н;41711204000000000;142351;ЦСМ №5 г. Бишкек;"Учреждение ""Центр семейной медицины №5"" г. Бишкек";58;541;748;1289;337;437;774;1145;2728;3873;886;2088;2974
Бишкек г.;4171100000000000;Свердловский р-н;41711204000000000;142351;ЦСМ №5 г. Бишкек;"Учреждение ""Центр семейной медицины №5"" г. Бишкек";59;487;756;1243;296;421;717;1261;2821;4082;965;1944;2909
Бишкек г.;4171100000000000;Свердловский р-н;41711204000000000;142351;ЦСМ №5 г. Бишкек;"Учреждение ""Центр семейной медицины №5"" г. Бишкек";60;474;704;1178;301;482;783;1390;2564;3954;1078;2044;3122
Бишкек г.;4171100000000000;Свердловский р-н;41711204000000000;142351;ЦСМ №5 г. Бишкек;"Учреждение ""Центр семейной медицины №5"" г. Бишкек";61;455;729;1184;308;540;848;1518;2764;4282;1301;2276;3577
Бишкек г.;4171100000000000;Свердловский р-н;41711204000000000;142351;ЦСМ №5 г. Бишкек;"Учреждение ""Центр семейной медицины №5"" г. Бишкек";62;437;673;1110;293;540;833;1406;2943;4349;1168;2588;3756
Бишкек г.;4171100000000000;Свердловский р-н;41711204000000000;142351;ЦСМ №5 г. Бишкек;"Учреждение ""Центр семейной медицины №5"" г. Бишкек";63;431;663;1094;300;567;867;1463;2854;4317;1174;2558;3732
Бишкек г.;4171100000000000;Свердловский р-н;41711204000000000;142351;ЦСМ №5 г. Бишкек;"Учреждение ""Центр семейной медицины №5"" г. Бишкек";64;351;618;969;244;566;810;1194;2777;3971;1049;2676;3725
Бишкек г.;4171100000000000;Свердловский р-н;41711204000000000;142351;ЦСМ №5 г. Бишкек;"Учреждение ""Центр семейной медицины №5"" г. Бишкек";65;337;629;966;283;605;888;1107;2703;3810;1039;2620;3659
Бишкек г.;4171100000000000;Свердловский р-н;41711204000000000;142351;ЦСМ №5 г. Бишкек;"Учреждение ""Центр семейной медицины №5"" г. Бишкек";66;289;569;858;264;557;821;1073;2574;3647;1034;2502;3536
Бишкек г.;4171100000000000;Свердловский р-н;41711204000000000;142351;ЦСМ №5 г. Бишкек;"Учреждение ""Центр семейной медицины №5"" г. Бишкек";67;269;529;798;249;516;765;866;2367;3233;760;2280;3040
Бишкек г.;4171100000000000;Свердловский р-н;41711204000000000;142351;ЦСМ №5 г. Бишкек;"Учреждение ""Центр семейной медицины №5"" г. Бишкек";68;218;477;695;204;465;669;729;1959;2688;702;1886;2588
Бишкек г.;4171100000000000;Свердловский р-н;41711204000000000;142351;ЦСМ №5 г. Бишкек;"Учреждение ""Центр семейной медицины №5"" г. Бишкек";69;206;440;646;195;419;614;823;2395;3218;776;2360;3136
Бишкек г.;4171100000000000;Свердловский р-н;41711204000000000;142351;ЦСМ №5 г. Бишкек;"Учреждение ""Центр семейной медицины №5"" г. Бишкек";70;189;445;634;179;431;610;611;2404;3015;587;2354;2941
Бишкек г.;4171100000000000;Свердловский р-н;41711204000000000;142351;ЦСМ №5 г. Бишкек;"Учреждение ""Центр семейной медицины №5"" г. Бишкек";71;209;417;626;199;406;605;759;1880;2639;729;1851;2580
Бишкек г.;4171100000000000;Свердловский р-н;41711204000000000;142351;ЦСМ №5 г. Бишкек;"Учреждение ""Центр семейной медицины №5"" г. Бишкек";72;182;387;569;180;386;566;669;1983;2652;645;1959;2604
Бишкек г.;4171100000000000;Свердловский р-н;41711204000000000;142351;ЦСМ №5 г. Бишкек;"Учреждение ""Центр семейной медицины №5"" г. Бишкек";73;171;378;549;167;372;539;640;1965;2605;629;1924;2553
Бишкек г.;4171100000000000;Свердловский р-н;41711204000000000;142351;ЦСМ №5 г. Бишкек;"Учреждение ""Центр семейной медицины №5"" г. Бишкек";74;175;343;518;174;339;513;565;1849;2414;542;1827;2369
Бишкек г.;4171100000000000;Свердловский р-н;41711204000000000;142351;ЦСМ №5 г. Бишкек;"Учреждение ""Центр семейной медицины №5"" г. Бишкек";75;153;366;519;148;362;510;527;1419;1946;525;1385;1910
Бишкек г.;4171100000000000;Свердловский р-н;41711204000000000;142351;ЦСМ №5 г. Бишкек;"Учреждение ""Центр семейной медицины №5"" г. Бишкек";76;135;316;451;135;312;447;537;1427;1964;520;1323;1843
Бишкек г.;4171100000000000;Свердловский р-н;41711204000000000;142351;ЦСМ №5 г. Бишкек;"Учреждение ""Центр семейной медицины №5"" г. Бишкек";77;111;332;443;103;307;410;340;1333;1673;327;1276;1603
Бишкек г.;4171100000000000;Свердловский р-н;41711204000000000;142351;ЦСМ №5 г. Бишкек;"Учреждение ""Центр семейной медицины №5"" г. Бишкек";78;93;210;303;89;202;291;286;563;849;270;519;789
Бишкек г.;4171100000000000;Свердловский р-н;41711204000000000;142351;ЦСМ №5 г. Бишкек;"Учреждение ""Центр семейной медицины №5"" г. Бишкек";79;52;125;177;52;123;175;224;343;567;222;343;565
Бишкек г.;4171100000000000;Свердловский р-н;41711204000000000;142351;ЦСМ №5 г. Бишкек;"Учреждение ""Центр семейной медицины №5"" г. Бишкек";80;44;99;143;41;98;139;156;341;497;147;339;486
Бишкек г.;4171100000000000;Свердловский р-н;41711204000000000;142351;ЦСМ №5 г. Бишкек;"Учреждение ""Центр семейной медицины №5"" г. Бишкек";81;31;119;150;29;114;143;133;308;441;121;255;376
Бишкек г.;4171100000000000;Свердловский р-н;41711204000000000;142351;ЦСМ №5 г. Бишкек;"Учреждение ""Центр семейной медицины №5"" г. Бишкек";82;52;127;179;49;119;168;131;501;632;131;457;588
Бишкек г.;4171100000000000;Свердловский р-н;41711204000000000;142351;ЦСМ №5 г. Бишкек;"Учреждение ""Центр семейной медицины №5"" г. Бишкек";83;53;172;225;53;171;224;148;511;659;148;501;649
Бишкек г.;4171100000000000;Свердловский р-н;41711204000000000;142351;ЦСМ №5 г. Бишкек;"Учреждение ""Центр семейной медицины №5"" г. Бишкек";84;59;161;220;58;159;217;146;423;569;146;421;567
Бишкек г.;4171100000000000;Свердловский р-н;41711204000000000;142351;ЦСМ №5 г. Бишкек;"Учреждение ""Центр семейной медицины №5"" г. Бишкек";85;48;180;228;47;177;224;70;404;474;65;404;469
Бишкек г.;4171100000000000;Свердловский р-н;41711204000000000;142351;ЦСМ №5 г. Бишкек;"Учреждение ""Центр семейной медицины №5"" г. Бишкек";86;50;124;174;50;124;174;71;335;406;71;334;405
Бишкек г.;4171100000000000;Свердловский р-н;41711204000000000;142351;ЦСМ №5 г. Бишкек;"Учреждение ""Центр семейной медицины №5"" г. Бишкек";87;35;149;184;34;149;183;55;243;298;47;242;289
Бишкек г.;4171100000000000;Свердловский р-н;41711204000000000;142351;ЦСМ №5 г. Бишкек;"Учреждение ""Центр семейной медицины №5"" г. Бишкек";88;23;111;134;22;110;132;36;135;171;34;132;166
Бишкек г.;4171100000000000;Свердловский р-н;41711204000000000;142351;ЦСМ №5 г. Бишкек;"Учреждение ""Центр семейной медицины №5"" г. Бишкек";89;24;74;98;24;73;97;29;75;104;28;68;96
Бишкек г.;4171100000000000;Свердловский р-н;41711204000000000;142351;ЦСМ №5 г. Бишкек;"Учреждение ""Центр семейной медицины №5"" г. Бишкек";90;10;58;68;10;56;66;10;58;68;10;54;64
Бишкек г.;4171100000000000;Свердловский р-н;41711204000000000;142351;ЦСМ №5 г. Бишкек;"Учреждение ""Центр семейной медицины №5"" г. Бишкек";91;12;54;66;10;53;63;13;55;68;9;32;41
Бишкек г.;4171100000000000;Свердловский р-н;41711204000000000;142351;ЦСМ №5 г. Бишкек;"Учреждение ""Центр семейной медицины №5"" г. Бишкек";92;14;67;81;9;57;66;12;55;67;6;37;43
Бишкек г.;4171100000000000;Свердловский р-н;41711204000000000;142351;ЦСМ №5 г. Бишкек;"Учреждение ""Центр семейной медицины №5"" г. Бишкек";93;15;32;47;15;31;46;11;33;44;9;31;40
Бишкек г.;4171100000000000;Свердловский р-н;41711204000000000;142351;ЦСМ №5 г. Бишкек;"Учреждение ""Центр семейной медицины №5"" г. Бишкек";94;8;40;48;8;37;45;2;39;41;2;17;19
Бишкек г.;4171100000000000;Свердловский р-н;41711204000000000;142351;ЦСМ №5 г. Бишкек;"Учреждение ""Центр семейной медицины №5"" г. Бишкек";95;6;41;47;5;34;39;3;31;34;0;31;31
Бишкек г.;4171100000000000;Свердловский р-н;41711204000000000;142351;ЦСМ №5 г. Бишкек;"Учреждение ""Центр семейной медицины №5"" г. Бишкек";96;9;38;47;6;34;40;2;17;19;2;17;19
Бишкек г.;4171100000000000;Свердловский р-н;41711204000000000;142351;ЦСМ №5 г. Бишкек;"Учреждение ""Центр семейной медицины №5"" г. Бишкек";97;7;21;28;6;21;27;1;10;11;1;10;11
Бишкек г.;4171100000000000;Свердловский р-н;41711204000000000;142351;ЦСМ №5 г. Бишкек;"Учреждение ""Центр семейной медицины №5"" г. Бишкек";98;6;27;33;5;24;29;0;1;1;0;1;1
Бишкек г.;4171100000000000;Свердловский р-н;41711204000000000;142351;ЦСМ №5 г. Бишкек;"Учреждение ""Центр семейной медицины №5"" г. Бишкек";103;0;1;1;0;0;0;19;0;19;19;0;19
Бишкек г.;4171100000000000;Свердловский р-н;41711204000000000;142351;ЦСМ №5 г. Бишкек;"Учреждение ""Центр семейной медицины №5"" г. Бишкек";104;1;3;4;1;3;4;21;0;21;21;0;21
Ош г.;;г.Ош;;927181;ЦСМ г.Ош;Центр семейной медицины города Ош;0;3318;3089;6407;3318;3088;6406;69238;64162;133400;69238;64162;133400
Ош г.;;г.Ош;;927181;ЦСМ г.Ош;Центр семейной медицины города Ош;1;5143;5016;10159;5143;5016;10159;34526;32188;66714;34526;32188;66714
Ош г.;;г.Ош;;927181;ЦСМ г.Ош;Центр семейной медицины города Ош;2;5714;5462;11176;5714;5462;11176;25432;23990;49422;25432;23990;49422
Ош г.;;г.Ош;;927181;ЦСМ г.Ош;Центр семейной медицины города Ош;3;5618;5622;11240;5618;5622;11240;15820;14638;30458;15820;14638;30458
Ош г.;;г.Ош;;927181;ЦСМ г.Ош;Центр семейной медицины города Ош;4;5853;5794;11647;5853;5794;11647;13942;12629;26571;13942;12629;26571
Ош г.;;г.Ош;;927181;ЦСМ г.Ош;Центр семейной медицины города Ош;5;5674;5509;11183;5674;5509;11183;13539;12835;26374;13539;12835;26374
Ош г.;;г.Ош;;927181;ЦСМ г.Ош;Центр семейной медицины города Ош;6;5793;6664;12457;5793;6664;12457;15024;13991;29015;15024;13991;29015
Ош г.;;г.Ош;;927181;ЦСМ г.Ош;Центр семейной медицины города Ош;7;5196;6388;11584;5196;6388;11584;9002;8547;17549;9002;8547;17549
Ош г.;;г.Ош;;927181;ЦСМ г.Ош;Центр семейной медицины города Ош;8;5184;6793;11977;5184;6793;11977;7547;6709;14256;7547;6709;14256
Ош г.;;г.Ош;;927181;ЦСМ г.Ош;Центр семейной медицины города Ош;9;5105;6803;11908;5105;6803;11908;6840;6091;12931;6840;6091;12931
Ош г.;;г.Ош;;927181;ЦСМ г.Ош;Центр семейной медицины города Ош;10;4982;7245;12227;4982;7245;12227;7475;7505;14980;7475;7505;14980
Ош г.;;г.Ош;;927181;ЦСМ г.Ош;Центр семейной медицины города Ош;11;4891;6583;11474;4891;6583;11474;7621;6892;14513;7621;6892;14513
Ош г.;;г.Ош;;927181;ЦСМ г.Ош;Центр семейной медицины города Ош;12;4466;6153;10619;4466;6153;10619;6142;5971;12113;6142;5971;12113
Ош г.;;г.Ош;;927181;ЦСМ г.Ош;Центр семейной медицины города Ош;13;4211;6003;10214;4211;6003;10214;5246;5596;10842;5246;5596;10842
Ош г.;;г.Ош;;927181;ЦСМ г.Ош;Центр семейной медицины города Ош;14;3969;5365;9334;3969;5365;9334;5675;5723;11398;5675;5723;11398
Ош г.;;г.Ош;;927181;ЦСМ г.Ош;Центр семейной медицины города Ош;15;3674;4910;8584;3674;4910;8584;6036;5246;11282;6036;5246;11282
Ош г.;;г.Ош;;927181;ЦСМ г.Ош;Центр семейной медицины города Ош;16;3637;4866;8503;3637;4866;8503;4462;4474;8936;4229;4262;8491
Ош г.;;г.Ош;;927181;ЦСМ г.Ош;Центр семейной медицины города Ош;17;3062;4266;7328;2701;3906;6607;4937;4019;8956;4008;3267;7275
Ош г.;;г.Ош;;927181;ЦСМ г.Ош;Центр семейной медицины города Ош;18;2732;3951;6683;2277;3483;5760;3979;6833;10812;2524;3844;6368
Ош г.;;г.Ош;;927181;ЦСМ г.Ош;Центр семейной медицины города Ош;19;2435;2758;5193;697;933;1630;2831;8783;11614;457;2383;2840
Ош г.;;г.Ош;;927181;ЦСМ г.Ош;Центр семейной медицины города Ош;20;2189;2607;4796;164;418;582;2092;9661;11753;329;2630;2959
Ош г.;;г.Ош;;927181;ЦСМ г.Ош;Центр семейной медицины города Ош;21;2275;2704;4979;227;594;821;1936;11177;13113;370;3715;4085
Ош г.;;г.Ош;;927181;ЦСМ г.Ош;Центр семейной медицины города Ош;22;1982;2768;4750;208;755;963;1922;10908;12830;334;4180;4514
Ош г.;;г.Ош;;927181;ЦСМ г.Ош;Центр семейной медицины города Ош;23;1938;2937;4875;192;902;1094;1919;11256;13175;389;4584;4973
Ош г.;;г.Ош;;927181;ЦСМ г.Ош;Центр семейной медицины города Ош;24;2086;3204;5290;266;939;1205;1978;11372;13350;455;5085;5540
Ош г.;;г.Ош;;927181;ЦСМ г.Ош;Центр семейной медицины города Ош;25;2374;3732;6106;365;1150;1515;2423;12287;14710;571;5742;6313
Ош г.;;г.Ош;;927181;ЦСМ г.Ош;Центр семейной медицины города Ош;26;2589;4065;6654;428;1261;1689;2956;12632;15588;897;6289;7186
Ош г.;;г.Ош;;927181;ЦСМ г.Ош;Центр семейной медицины города Ош;27;2865;3905;6770;625;1408;2033;3367;12740;16107;1249;6757;8006
Ош г.;;г.Ош;;927181;ЦСМ г.Ош;Центр семейной медицины города Ош;28;3033;4095;7128;731;1658;2389;3290;12754;16044;1131;6899;8030
Ош г.;;г.Ош;;927181;ЦСМ г.Ош;Центр семейной медицины города Ош;29;3213;4294;7507;899;1837;2736;3451;13401;16852;1500;7509;9009
Ош г.;;г.Ош;;927181;ЦСМ г.Ош;Центр семейной медицины города Ош;30;3280;3970;7250;1212;1965;3177;3501;12302;15803;1689;7504;9193
Ош г.;;г.Ош;;927181;ЦСМ г.Ош;Центр семейной медицины города Ош;31;2965;3728;6693;1201;1881;3082;3436;11372;14808;1736;6956;8692
Ош г.;;г.Ош;;927181;ЦСМ г.Ош;Центр семейной медицины города Ош;32;3228;3854;7082;1395;2021;3416;3492;10900;14392;1810;6644;8454
Ош г.;;г.Ош;;927181;ЦСМ г.Ош;Центр семейной медицины города Ош;33;3161;3698;6859;1355;1992;3347;3489;10369;13858;1869;6371;8240
Ош г.;;г.Ош;;927181;ЦСМ г.Ош;Центр семейной медицины города Ош;34;3100;3656;6756;1395;1931;3326;3495;9471;12966;1838;5990;7828
Ош г.;;г.Ош;;927181;ЦСМ г.Ош;Центр семейной медицины города Ош;35;3078;3562;6640;1451;1956;3407;3678;9075;12753;1916;5814;7730
Ош г.;;г.Ош;;927181;ЦСМ г.Ош;Центр семейной медицины города Ош;36;2984;3451;6435;1421;1944;3365;3804;9617;13421;2162;6304;8466
Ош г.;;г.Ош;;927181;ЦСМ г.Ош;Центр семейной медицины города Ош;37;2935;3451;6386;1469;1935;3404;3319;7751;11070;1893;5022;6915
Ош г.;;г.Ош;;927181;ЦСМ г.Ош;Центр семейной медицины города Ош;38;2812;3217;6029;1412;1785;3197;3198;6758;9956;1880;4572;6452
Ош г.;;г.Ош;;927181;ЦСМ г.Ош;Центр семейной медицины города Ош;39;2630;3013;5643;1295;1729;3024;3134;5844;8978;1912;3914;5826
Ош г.;;г.Ош;;927181;ЦСМ г.Ош;Центр семейной медицины города Ош;40;2351;2800;5151;1193;1558;2751;2746;4696;7442;1589;3164;4753
Ош г.;;г.Ош;;927181;ЦСМ г.Ош;Центр семейной медицины города Ош;41;2199;2537;4736;1126;1407;2533;2741;4406;7147;1606;2784;4390
Ош г.;;г.Ош;;927181;ЦСМ г.Ош;Центр семейной медицины города Ош;42;2169;2329;4498;1056;1249;2305;2684;3808;6492;1516;2522;4038
Ош г.;;г.Ош;;927181;ЦСМ г.Ош;Центр семейной медицины города Ош;43;1977;2247;4224;993;1199;2192;2220;3716;5936;1306;2331;3637
Ош г.;;г.Ош;;927181;ЦСМ г.Ош;Центр семейной медицины города Ош;44;1780;2145;3925;892;1118;2010;2159;3392;5551;1285;2030;3315
Ош г.;;г.Ош;;927181;ЦСМ г.Ош;Центр семейной медицины города Ош;45;1610;2020;3630;783;1066;1849;2123;3284;5407;1200;2061;3261
Ош г.;;г.Ош;;927181;ЦСМ г.Ош;Центр семейной медицины города Ош;46;1632;1831;3463;778;937;1715;2081;3292;5373;1165;2016;3181
Ош г.;;г.Ош;;927181;ЦСМ г.Ош;Центр семейной медицины города Ош;47;1506;1842;3348;732;948;1680;1998;3370;5368;1162;2081;3243
Ош г.;;г.Ош;;927181;ЦСМ г.Ош;Центр семейной медицины города Ош;48;1520;1919;3439;748;946;1694;1910;3295;5205;1092;1945;3037
Ош г.;;г.Ош;;927181;ЦСМ г.Ош;Центр семейной медицины города Ош;49;1438;1719;3157;667;825;1492;1965;3329;5294;1115;2050;3165
Ош г.;;г.Ош;;927181;ЦСМ г.Ош;Центр семейной медицины города Ош;50;1379;1716;3095;642;892;1534;2116;3165;5281;1247;1948;3195
Ош г.;;г.Ош;;927181;ЦСМ г.Ош;Центр семейной медицины города Ош;51;1341;1662;3003;597;824;1421;2283;3452;5735;1251;2007;3258
Ош г.;;г.Ош;;927181;ЦСМ г.Ош;Центр семейной медицины города Ош;52;1306;1770;3076;584;859;1443;1990;3865;5855;1148;2383;3531
Ош г.;;г.Ош;;927181;ЦСМ г.Ош;Центр семейной медицины города Ош;53;1323;1813;3136;636;963;1599;2092;3845;5937;1207;2383;3590
Ош г.;;г.Ош;;927181;ЦСМ г.Ош;Центр семейной медицины города Ош;54;1275;1708;2983;573;885;1458;2179;3669;5848;1242;2266;3508
Ош г.;;г.Ош;;927181;ЦСМ г.Ош;Центр семейной медицины города Ош;55;1227;1726;2953;614;911;1525;2398;4055;6453;1457;2643;4100
Ош г.;;г.Ош;;927181;ЦСМ г.Ош;Центр семейной медицины города Ош;56;1285;1694;2979;676;915;1591;2649;4152;6801;1721;2736;4457
Ош г.;;г.Ош;;927181;ЦСМ г.Ош;Центр семейной медицины города Ош;57;1253;1676;2929;630;913;1543;2136;4135;6271;1302;2687;3989
Ош г.;;г.Ош;;927181;ЦСМ г.Ош;Центр семейной медицины города Ош;58;1208;1639;2847;640;946;1586;2358;4382;6740;1500;3000;4500
Ош г.;;г.Ош;;927181;ЦСМ г.Ош;Центр семейной медицины города Ош;59;1179;1497;2676;629;982;1611;2438;4589;7027;1537;3542;5079
Ош г.;;г.Ош;;927181;ЦСМ г.Ош;Центр семейной медицины города Ош;60;1242;1630;2872;722;1205;1927;2649;4511;7160;1814;3792;5606
Ош г.;;г.Ош;;927181;ЦСМ г.Ош;Центр семейной медицины города Ош;61;1248;1503;2751;770;1201;1971;2631;4529;7160;1872;3962;5834
Ош г.;;г.Ош;;927181;ЦСМ г.Ош;Центр семейной медицины города Ош;62;1154;1629;2783;727;1390;2117;2865;4853;7718;2031;4247;6278
Ош г.;;г.Ош;;927181;ЦСМ г.Ош;Центр семейной медицины города Ош;63;1190;1540;2730;755;1307;2062;2749;4715;7464;2019;4166;6185
Ош г.;;г.Ош;;927181;ЦСМ г.Ош;Центр семейной медицины города Ош;64;1088;1518;2606;773;1345;2118;2389;4586;6975;1931;4327;6258
Ош г.;;г.Ош;;927181;ЦСМ г.Ош;Центр семейной медицины города Ош;65;886;1375;2261;746;1285;2031;2416;4658;7074;2092;4440;6532
Ош г.;;г.Ош;;927181;ЦСМ г.Ош;Центр семейной медицины города Ош;66;939;1444;2383;790;1355;2145;2124;4115;6239;1866;3930;5796
Ош г.;;г.Ош;;927181;ЦСМ г.Ош;Центр семейной медицины города Ош;67;753;1117;1870;675;1043;1718;2010;3514;5524;1815;3380;5195
Ош г.;;г.Ош;;927181;ЦСМ г.Ош;Центр семейной медицины города Ош;68;713;1118;1831;647;1048;1695;1944;3319;5263;1825;3179;5004
Ош г.;;г.Ош;;927181;ЦСМ г.Ош;Центр семейной медицины города Ош;69;642;948;1590;602;886;1488;1594;3083;4677;1509;2906;4415
Ош г.;;г.Ош;;927181;ЦСМ г.Ош;Центр семейной медицины города Ош;70;566;874;1440;520;834;1354;1428;2725;4153;1340;2638;3978
Ош г.;;г.Ош;;927181;ЦСМ г.Ош;Центр семейной медицины города Ош;71;508;699;1207;469;657;1126;1341;2230;3571;1275;2129;3404
Ош г.;;г.Ош;;927181;ЦСМ г.Ош;Центр семейной медицины города Ош;72;437;676;1113;403;632;1035;1436;2306;3742;1367;2201;3568
Ош г.;;г.Ош;;927181;ЦСМ г.Ош;Центр семейной медицины города Ош;73;359;631;990;340;592;932;1139;2012;3151;1074;1932;3006
Ош г.;;г.Ош;;927181;ЦСМ г.Ош;Центр семейной медицины города Ош;74;346;591;937;318;557;875;833;1799;2632;795;1738;2533
Ош г.;;г.Ош;;927181;ЦСМ г.Ош;Центр семейной медицины города Ош;75;268;480;748;254;456;710;764;1286;2050;713;1242;1955
Ош г.;;г.Ош;;927181;ЦСМ г.Ош;Центр семейной медицины города Ош;76;192;387;579;180;367;547;545;1144;1689;522;1101;1623
Ош г.;;г.Ош;;927181;ЦСМ г.Ош;Центр семейной медицины города Ош;77;218;369;587;205;347;552;488;1162;1650;468;1117;1585
Ош г.;;г.Ош;;927181;ЦСМ г.Ош;Центр семейной медицины города Ош;78;132;275;407;124;261;385;283;609;892;278;593;871
Ош г.;;г.Ош;;927181;ЦСМ г.Ош;Центр семейной медицины города Ош;79;78;183;261;77;173;250;262;532;794;251;512;763
Ош г.;;г.Ош;;927181;ЦСМ г.Ош;Центр семейной медицины города Ош;80;73;127;200;66;115;181;289;420;709;258;406;664
Ош г.;;г.Ош;;927181;ЦСМ г.Ош;Центр семейной медицины города Ош;81;72;139;211;66;133;199;205;368;573;185;359;544
Ош г.;;г.Ош;;927181;ЦСМ г.Ош;Центр семейной медицины города Ош;82;127;220;347;121;205;326;335;481;816;320;452;772
Ош г.;;г.Ош;;927181;ЦСМ г.Ош;Центр семейной медицины города Ош;83;91;176;267;86;165;251;273;361;634;267;352;619
Ош г.;;г.Ош;;927181;ЦСМ г.Ош;Центр семейной медицины города Ош;84;99;214;313;94;201;295;235;446;681;220;416;636
Ош г.;;г.Ош;;927181;ЦСМ г.Ош;Центр семейной медицины города Ош;85;75;146;221;68;137;205;153;335;488;144;303;447
Ош г.;;г.Ош;;927181;ЦСМ г.Ош;Центр семейной медицины города Ош;86;74;147;221;71;134;205;126;257;383;121;248;369
Ош г.;;г.Ош;;927181;ЦСМ г.Ош;Центр семейной медицины города Ош;87;54;113;167;53;104;157;92;198;290;92;189;281
Ош г.;;г.Ош;;927181;ЦСМ г.Ош;Центр семейной медицины города Ош;88;40;95;135;39;90;129;59;168;227;58;153;211
Ош г.;;г.Ош;;927181;ЦСМ г.Ош;Центр семейной медицины города Ош;89;21;75;96;19;72;91;56;103;159;44;102;146
Ош г.;;г.Ош;;927181;ЦСМ г.Ош;Центр семейной медицины города Ош;90;23;47;70;23;44;67;29;38;67;28;34;62
Ош г.;;г.Ош;;927181;ЦСМ г.Ош;Центр семейной медицины города Ош;91;21;37;58;20;36;56;10;49;59;10;49;59
Ош г.;;г.Ош;;927181;ЦСМ г.Ош;Центр семейной медицины города Ош;92;20;35;55;20;33;53;19;19;38;19;8;27
Ош г.;;г.Ош;;927181;ЦСМ г.Ош;Центр семейной медицины города Ош;93;9;20;29;8;18;26;8;19;27;6;19;25
Ош г.;;г.Ош;;927181;ЦСМ г.Ош;Центр семейной медицины города Ош;94;11;31;42;11;31;42;10;23;33;10;20;30
Ош г.;;г.Ош;;927181;ЦСМ г.Ош;Центр семейной медицины города Ош;95;3;17;20;3;16;19;2;9;11;2;9;11
Ош г.;;г.Ош;;927181;ЦСМ г.Ош;Центр семейной медицины города Ош;96;4;17;21;4;17;21;2;13;15;0;13;13
Ош г.;;г.Ош;;927181;ЦСМ г.Ош;Центр семейной медицины города Ош;97;1;13;14;1;13;14;7;4;11;7;4;11
Ош г.;;г.Ош;;927181;ЦСМ г.Ош;Центр семейной медицины города Ош;98;3;5;8;3;5;8;10;0;10;10;0;10
Джалал-Абадская обл.;4170300000000000;Джалал-Абад г.;41703410000000000;310451;ЦСМ ЖАЛАЛ-АБАДСКИЙ;ЖАЛАЛ-АБАДСКИЙ ОБЛАСТНОЙ ЦЕНТР СЕМЕЙНОЙ МЕДИЦИНЫ;0;1172;1062;2234;1172;1062;2234;10830;10016;20846;10830;10016;20846
Джалал-Абадская обл.;4170300000000000;Джалал-Абад г.;41703410000000000;310451;ЦСМ ЖАЛАЛ-АБАДСКИЙ;ЖАЛАЛ-АБАДСКИЙ ОБЛАСТНОЙ ЦЕНТР СЕМЕЙНОЙ МЕДИЦИНЫ;1;1852;1921;3773;1852;1921;3773;5940;5830;11770;5940;5830;11770
Джалал-Абадская обл.;4170300000000000;Джалал-Абад г.;41703410000000000;310451;ЦСМ ЖАЛАЛ-АБАДСКИЙ;ЖАЛАЛ-АБАДСКИЙ ОБЛАСТНОЙ ЦЕНТР СЕМЕЙНОЙ МЕДИЦИНЫ;2;2078;2028;4106;2078;2028;4106;4714;4691;9405;4714;4691;9405
Джалал-Абадская обл.;4170300000000000;Джалал-Абад г.;41703410000000000;310451;ЦСМ ЖАЛАЛ-АБАДСКИЙ;ЖАЛАЛ-АБАДСКИЙ ОБЛАСТНОЙ ЦЕНТР СЕМЕЙНОЙ МЕДИЦИНЫ;3;2131;2048;4179;2131;2048;4179;3349;3029;6378;3349;3029;6378
Джалал-Абадская обл.;4170300000000000;Джалал-Абад г.;41703410000000000;310451;ЦСМ ЖАЛАЛ-АБАДСКИЙ;ЖАЛАЛ-АБАДСКИЙ ОБЛАСТНОЙ ЦЕНТР СЕМЕЙНОЙ МЕДИЦИНЫ;4;2188;2268;4456;2188;2268;4456;2962;2599;5561;2962;2599;5561
Джалал-Абадская обл.;4170300000000000;Джалал-Абад г.;41703410000000000;310451;ЦСМ ЖАЛАЛ-АБАДСКИЙ;ЖАЛАЛ-АБАДСКИЙ ОБЛАСТНОЙ ЦЕНТР СЕМЕЙНОЙ МЕДИЦИНЫ;5;2099;2182;4281;2099;2182;4281;2943;2928;5871;2943;2928;5871
Джалал-Абадская обл.;4170300000000000;Джалал-Абад г.;41703410000000000;310451;ЦСМ ЖАЛАЛ-АБАДСКИЙ;ЖАЛАЛ-АБАДСКИЙ ОБЛАСТНОЙ ЦЕНТР СЕМЕЙНОЙ МЕДИЦИНЫ;6;2044;2274;4318;2044;2274;4318;2955;2717;5672;2955;2717;5672
Джалал-Абадская обл.;4170300000000000;Джалал-Абад г.;41703410000000000;310451;ЦСМ ЖАЛАЛ-АБАДСКИЙ;ЖАЛАЛ-АБАДСКИЙ ОБЛАСТНОЙ ЦЕНТР СЕМЕЙНОЙ МЕДИЦИНЫ;7;2055;2302;4357;2055;2302;4357;1633;1391;3024;1633;1391;3024
Джалал-Абадская обл.;4170300000000000;Джалал-Абад г.;41703410000000000;310451;ЦСМ ЖАЛАЛ-АБАДСКИЙ;ЖАЛАЛ-АБАДСКИЙ ОБЛАСТНОЙ ЦЕНТР СЕМЕЙНОЙ МЕДИЦИНЫ;8;2064;2490;4554;2064;2490;4554;1131;1065;2196;1131;1065;2196
Джалал-Абадская обл.;4170300000000000;Джалал-Абад г.;41703410000000000;310451;ЦСМ ЖАЛАЛ-АБАДСКИЙ;ЖАЛАЛ-АБАДСКИЙ ОБЛАСТНОЙ ЦЕНТР СЕМЕЙНОЙ МЕДИЦИНЫ;9;2073;2557;4630;2073;2557;4630;993;922;1915;993;922;1915
Джалал-Абадская обл.;4170300000000000;Джалал-Абад г.;41703410000000000;310451;ЦСМ ЖАЛАЛ-АБАДСКИЙ;ЖАЛАЛ-АБАДСКИЙ ОБЛАСТНОЙ ЦЕНТР СЕМЕЙНОЙ МЕДИЦИНЫ;10;2018;2594;4612;2018;2594;4612;1082;977;2059;1082;977;2059
Джалал-Абадская обл.;4170300000000000;Джалал-Абад г.;41703410000000000;310451;ЦСМ ЖАЛАЛ-АБАДСКИЙ;ЖАЛАЛ-АБАДСКИЙ ОБЛАСТНОЙ ЦЕНТР СЕМЕЙНОЙ МЕДИЦИНЫ;11;1880;2576;4456;1880;2576;4456;940;873;1813;940;873;1813
Джалал-Абадская обл.;4170300000000000;Джалал-Абад г.;41703410000000000;310451;ЦСМ ЖАЛАЛ-АБАДСКИЙ;ЖАЛАЛ-АБАДСКИЙ ОБЛАСТНОЙ ЦЕНТР СЕМЕЙНОЙ МЕДИЦИНЫ;12;1867;2565;4432;1867;2565;4432;880;799;1679;880;799;1679
Джалал-Абадская обл.;4170300000000000;Джалал-Абад г.;41703410000000000;310451;ЦСМ ЖАЛАЛ-АБАДСКИЙ;ЖАЛАЛ-АБАДСКИЙ ОБЛАСТНОЙ ЦЕНТР СЕМЕЙНОЙ МЕДИЦИНЫ;13;1656;2308;3964;1656;2308;3964;775;751;1526;775;751;1526
Джалал-Абадская обл.;4170300000000000;Джалал-Абад г.;41703410000000000;310451;ЦСМ ЖАЛАЛ-АБАДСКИЙ;ЖАЛАЛ-АБАДСКИЙ ОБЛАСТНОЙ ЦЕНТР СЕМЕЙНОЙ МЕДИЦИНЫ;14;1664;2102;3766;1664;2102;3766;1026;916;1942;1026;916;1942
Джалал-Абадская обл.;4170300000000000;Джалал-Абад г.;41703410000000000;310451;ЦСМ ЖАЛАЛ-АБАДСКИЙ;ЖАЛАЛ-АБАДСКИЙ ОБЛАСТНОЙ ЦЕНТР СЕМЕЙНОЙ МЕДИЦИНЫ;15;1556;2154;3710;1556;2154;3710;1182;923;2105;1182;923;2105
Джалал-Абадская обл.;4170300000000000;Джалал-Абад г.;41703410000000000;310451;ЦСМ ЖАЛАЛ-АБАДСКИЙ;ЖАЛАЛ-АБАДСКИЙ ОБЛАСТНОЙ ЦЕНТР СЕМЕЙНОЙ МЕДИЦИНЫ;16;1350;1882;3232;1350;1882;3232;1064;839;1903;989;800;1789
Джалал-Абадская обл.;4170300000000000;Джалал-Абад г.;41703410000000000;310451;ЦСМ ЖАЛАЛ-АБАДСКИЙ;ЖАЛАЛ-АБАДСКИЙ ОБЛАСТНОЙ ЦЕНТР СЕМЕЙНОЙ МЕДИЦИНЫ;17;1322;1742;3064;1199;1628;2827;2183;1292;3475;1703;1058;2761
Джалал-Абадская обл.;4170300000000000;Джалал-Абад г.;41703410000000000;310451;ЦСМ ЖАЛАЛ-АБАДСКИЙ;ЖАЛАЛ-АБАДСКИЙ ОБЛАСТНОЙ ЦЕНТР СЕМЕЙНОЙ МЕДИЦИНЫ;18;1216;1691;2907;1017;1538;2555;1895;1840;3735;1323;1278;2601
Джалал-Абадская обл.;4170300000000000;Джалал-Абад г.;41703410000000000;310451;ЦСМ ЖАЛАЛ-АБАДСКИЙ;ЖАЛАЛ-АБАДСКИЙ ОБЛАСТНОЙ ЦЕНТР СЕМЕЙНОЙ МЕДИЦИНЫ;19;1236;1564;2800;744;1101;1845;1052;2419;3471;549;1510;2059
Джалал-Абадская обл.;4170300000000000;Джалал-Абад г.;41703410000000000;310451;ЦСМ ЖАЛАЛ-АБАДСКИЙ;ЖАЛАЛ-АБАДСКИЙ ОБЛАСТНОЙ ЦЕНТР СЕМЕЙНОЙ МЕДИЦИНЫ;20;1167;1552;2719;581;1003;1584;842;2462;3304;428;1503;1931
Джалал-Абадская обл.;4170300000000000;Джалал-Абад г.;41703410000000000;310451;ЦСМ ЖАЛАЛ-АБАДСКИЙ;ЖАЛАЛ-АБАДСКИЙ ОБЛАСТНОЙ ЦЕНТР СЕМЕЙНОЙ МЕДИЦИНЫ;21;936;1345;2281;354;733;1087;569;2370;2939;192;1330;1522
Джалал-Абадская обл.;4170300000000000;Джалал-Абад г.;41703410000000000;310451;ЦСМ ЖАЛАЛ-АБАДСКИЙ;ЖАЛАЛ-АБАДСКИЙ ОБЛАСТНОЙ ЦЕНТР СЕМЕЙНОЙ МЕДИЦИНЫ;22;913;1371;2284;230;519;749;569;2101;2670;155;1045;1200
Джалал-Абадская обл.;4170300000000000;Джалал-Абад г.;41703410000000000;310451;ЦСМ ЖАЛАЛ-АБАДСКИЙ;ЖАЛАЛ-АБАДСКИЙ ОБЛАСТНОЙ ЦЕНТР СЕМЕЙНОЙ МЕДИЦИНЫ;23;870;1309;2179;108;468;576;598;2163;2761;179;1180;1359
Джалал-Абадская обл.;4170300000000000;Джалал-Абад г.;41703410000000000;310451;ЦСМ ЖАЛАЛ-АБАДСКИЙ;ЖАЛАЛ-АБАДСКИЙ ОБЛАСТНОЙ ЦЕНТР СЕМЕЙНОЙ МЕДИЦИНЫ;24;875;1259;2134;103;466;569;512;2129;2641;121;1213;1334
Джалал-Абадская обл.;4170300000000000;Джалал-Абад г.;41703410000000000;310451;ЦСМ ЖАЛАЛ-АБАДСКИЙ;ЖАЛАЛ-АБАДСКИЙ ОБЛАСТНОЙ ЦЕНТР СЕМЕЙНОЙ МЕДИЦИНЫ;25;866;1212;2078;115;452;567;547;2350;2897;191;1365;1556
Джалал-Абадская обл.;4170300000000000;Джалал-Абад г.;41703410000000000;310451;ЦСМ ЖАЛАЛ-АБАДСКИЙ;ЖАЛАЛ-АБАДСКИЙ ОБЛАСТНОЙ ЦЕНТР СЕМЕЙНОЙ МЕДИЦИНЫ;26;927;1398;2325;149;577;726;607;2592;3199;211;1508;1719
Джалал-Абадская обл.;4170300000000000;Джалал-Абад г.;41703410000000000;310451;ЦСМ ЖАЛАЛ-АБАДСКИЙ;ЖАЛАЛ-АБАДСКИЙ ОБЛАСТНОЙ ЦЕНТР СЕМЕЙНОЙ МЕДИЦИНЫ;27;979;1475;2454;188;589;777;559;2279;2838;201;1399;1600
Джалал-Абадская обл.;4170300000000000;Джалал-Абад г.;41703410000000000;310451;ЦСМ ЖАЛАЛ-АБАДСКИЙ;ЖАЛАЛ-АБАДСКИЙ ОБЛАСТНОЙ ЦЕНТР СЕМЕЙНОЙ МЕДИЦИНЫ;28;1024;1587;2611;184;663;847;624;2618;3242;223;1671;1894
Джалал-Абадская обл.;4170300000000000;Джалал-Абад г.;41703410000000000;310451;ЦСМ ЖАЛАЛ-АБАДСКИЙ;ЖАЛАЛ-АБАДСКИЙ ОБЛАСТНОЙ ЦЕНТР СЕМЕЙНОЙ МЕДИЦИНЫ;29;1138;1602;2740;235;725;960;657;2518;3175;257;1599;1856
Джалал-Абадская обл.;4170300000000000;Джалал-Абад г.;41703410000000000;310451;ЦСМ ЖАЛАЛ-АБАДСКИЙ;ЖАЛАЛ-АБАДСКИЙ ОБЛАСТНОЙ ЦЕНТР СЕМЕЙНОЙ МЕДИЦИНЫ;30;1203;1632;2835;344;730;1074;674;2503;3177;298;1712;2010
Джалал-Абадская обл.;4170300000000000;Джалал-Абад г.;41703410000000000;310451;ЦСМ ЖАЛАЛ-АБАДСКИЙ;ЖАЛАЛ-АБАДСКИЙ ОБЛАСТНОЙ ЦЕНТР СЕМЕЙНОЙ МЕДИЦИНЫ;31;1098;1592;2690;353;754;1107;631;2248;2879;290;1517;1807
Джалал-Абадская обл.;4170300000000000;Джалал-Абад г.;41703410000000000;310451;ЦСМ ЖАЛАЛ-АБАДСКИЙ;ЖАЛАЛ-АБАДСКИЙ ОБЛАСТНОЙ ЦЕНТР СЕМЕЙНОЙ МЕДИЦИНЫ;32;1150;1601;2751;368;706;1074;671;2183;2854;315;1424;1739
Джалал-Абадская обл.;4170300000000000;Джалал-Абад г.;41703410000000000;310451;ЦСМ ЖАЛАЛ-АБАДСКИЙ;ЖАЛАЛ-АБАДСКИЙ ОБЛАСТНОЙ ЦЕНТР СЕМЕЙНОЙ МЕДИЦИНЫ;33;1187;1577;2764;428;728;1156;670;2321;2991;388;1427;1815
Джалал-Абадская обл.;4170300000000000;Джалал-Абад г.;41703410000000000;310451;ЦСМ ЖАЛАЛ-АБАДСКИЙ;ЖАЛАЛ-АБАДСКИЙ ОБЛАСТНОЙ ЦЕНТР СЕМЕЙНОЙ МЕДИЦИНЫ;34;1154;1499;2653;440;693;1133;673;2330;3003;351;1579;1930
Джалал-Абадская обл.;4170300000000000;Джалал-Абад г.;41703410000000000;310451;ЦСМ ЖАЛАЛ-АБАДСКИЙ;ЖАЛАЛ-АБАДСКИЙ ОБЛАСТНОЙ ЦЕНТР СЕМЕЙНОЙ МЕДИЦИНЫ;35;1064;1479;2543;411;797;1208;618;2106;2724;325;1426;1751
Джалал-Абадская обл.;4170300000000000;Джалал-Абад г.;41703410000000000;310451;ЦСМ ЖАЛАЛ-АБАДСКИЙ;ЖАЛАЛ-АБАДСКИЙ ОБЛАСТНОЙ ЦЕНТР СЕМЕЙНОЙ МЕДИЦИНЫ;36;1125;1352;2477;478;741;1219;619;1931;2550;306;1358;1664
Джалал-Абадская обл.;4170300000000000;Джалал-Абад г.;41703410000000000;310451;ЦСМ ЖАЛАЛ-АБАДСКИЙ;ЖАЛАЛ-АБАДСКИЙ ОБЛАСТНОЙ ЦЕНТР СЕМЕЙНОЙ МЕДИЦИНЫ;37;1088;1280;2368;508;719;1227;662;1999;2661;424;1380;1804
Джалал-Абадская обл.;4170300000000000;Джалал-Абад г.;41703410000000000;310451;ЦСМ ЖАЛАЛ-АБАДСКИЙ;ЖАЛАЛ-АБАДСКИЙ ОБЛАСТНОЙ ЦЕНТР СЕМЕЙНОЙ МЕДИЦИНЫ;38;973;1291;2264;480;712;1192;624;1561;2185;336;1078;1414
Джалал-Абадская обл.;4170300000000000;Джалал-Абад г.;41703410000000000;310451;ЦСМ ЖАЛАЛ-АБАДСКИЙ;ЖАЛАЛ-АБАДСКИЙ ОБЛАСТНОЙ ЦЕНТР СЕМЕЙНОЙ МЕДИЦИНЫ;39;1077;1261;2338;499;707;1206;570;1378;1948;302;923;1225
Джалал-Абадская обл.;4170300000000000;Джалал-Абад г.;41703410000000000;310451;ЦСМ ЖАЛАЛ-АБАДСКИЙ;ЖАЛАЛ-АБАДСКИЙ ОБЛАСТНОЙ ЦЕНТР СЕМЕЙНОЙ МЕДИЦИНЫ;40;955;1207;2162;430;663;1093;611;1240;1851;380;900;1280
Джалал-Абадская обл.;4170300000000000;Джалал-Абад г.;41703410000000000;310451;ЦСМ ЖАЛАЛ-АБАДСКИЙ;ЖАЛАЛ-АБАДСКИЙ ОБЛАСТНОЙ ЦЕНТР СЕМЕЙНОЙ МЕДИЦИНЫ;41;919;1058;1977;464;600;1064;584;1146;1730;363;843;1206
Джалал-Абадская обл.;4170300000000000;Джалал-Абад г.;41703410000000000;310451;ЦСМ ЖАЛАЛ-АБАДСКИЙ;ЖАЛАЛ-АБАДСКИЙ ОБЛАСТНОЙ ЦЕНТР СЕМЕЙНОЙ МЕДИЦИНЫ;42;855;1036;1891;398;606;1004;554;1048;1602;324;761;1085
Джалал-Абадская обл.;4170300000000000;Джалал-Абад г.;41703410000000000;310451;ЦСМ ЖАЛАЛ-АБАДСКИЙ;ЖАЛАЛ-АБАДСКИЙ ОБЛАСТНОЙ ЦЕНТР СЕМЕЙНОЙ МЕДИЦИНЫ;43;811;942;1753;407;536;943;435;932;1367;257;697;954
Джалал-Абадская обл.;4170300000000000;Джалал-Абад г.;41703410000000000;310451;ЦСМ ЖАЛАЛ-АБАДСКИЙ;ЖАЛАЛ-АБАДСКИЙ ОБЛАСТНОЙ ЦЕНТР СЕМЕЙНОЙ МЕДИЦИНЫ;44;719;886;1605;338;473;811;417;964;1381;270;739;1009
Джалал-Абадская обл.;4170300000000000;Джалал-Абад г.;41703410000000000;310451;ЦСМ ЖАЛАЛ-АБАДСКИЙ;ЖАЛАЛ-АБАДСКИЙ ОБЛАСТНОЙ ЦЕНТР СЕМЕЙНОЙ МЕДИЦИНЫ;45;653;860;1513;314;480;794;421;856;1277;287;649;936
Джалал-Абадская обл.;4170300000000000;Джалал-Абад г.;41703410000000000;310451;ЦСМ ЖАЛАЛ-АБАДСКИЙ;ЖАЛАЛ-АБАДСКИЙ ОБЛАСТНОЙ ЦЕНТР СЕМЕЙНОЙ МЕДИЦИНЫ;46;685;791;1476;348;414;762;578;942;1520;343;683;1026
Джалал-Абадская обл.;4170300000000000;Джалал-Абад г.;41703410000000000;310451;ЦСМ ЖАЛАЛ-АБАДСКИЙ;ЖАЛАЛ-АБАДСКИЙ ОБЛАСТНОЙ ЦЕНТР СЕМЕЙНОЙ МЕДИЦИНЫ;47;710;814;1524;330;456;786;564;956;1520;373;687;1060
Джалал-Абадская обл.;4170300000000000;Джалал-Абад г.;41703410000000000;310451;ЦСМ ЖАЛАЛ-АБАДСКИЙ;ЖАЛАЛ-АБАДСКИЙ ОБЛАСТНОЙ ЦЕНТР СЕМЕЙНОЙ МЕДИЦИНЫ;48;699;811;1510;356;427;783;550;878;1428;368;582;950
Джалал-Абадская обл.;4170300000000000;Джалал-Абад г.;41703410000000000;310451;ЦСМ ЖАЛАЛ-АБАДСКИЙ;ЖАЛАЛ-АБАДСКИЙ ОБЛАСТНОЙ ЦЕНТР СЕМЕЙНОЙ МЕДИЦИНЫ;49;601;799;1400;281;407;688;491;836;1327;335;585;920
Джалал-Абадская обл.;4170300000000000;Джалал-Абад г.;41703410000000000;310451;ЦСМ ЖАЛАЛ-АБАДСКИЙ;ЖАЛАЛ-АБАДСКИЙ ОБЛАСТНОЙ ЦЕНТР СЕМЕЙНОЙ МЕДИЦИНЫ;50;609;741;1350;283;399;682;482;1013;1495;298;738;1036
Джалал-Абадская обл.;4170300000000000;Джалал-Абад г.;41703410000000000;310451;ЦСМ ЖАЛАЛ-АБАДСКИЙ;ЖАЛАЛ-АБАДСКИЙ ОБЛАСТНОЙ ЦЕНТР СЕМЕЙНОЙ МЕДИЦИНЫ;51;529;766;1295;250;419;669;523;1020;1543;338;747;1085
Джалал-Абадская обл.;4170300000000000;Джалал-Абад г.;41703410000000000;310451;ЦСМ ЖАЛАЛ-АБАДСКИЙ;ЖАЛАЛ-АБАДСКИЙ ОБЛАСТНОЙ ЦЕНТР СЕМЕЙНОЙ МЕДИЦИНЫ;52;538;726;1264;268;394;662;568;993;1561;420;726;1146
Джалал-Абадская обл.;4170300000000000;Джалал-Абад г.;41703410000000000;310451;ЦСМ ЖАЛАЛ-АБАДСКИЙ;ЖАЛАЛ-АБАДСКИЙ ОБЛАСТНОЙ ЦЕНТР СЕМЕЙНОЙ МЕДИЦИНЫ;53;566;746;1312;266;385;651;536;1127;1663;392;812;1204
Джалал-Абадская обл.;4170300000000000;Джалал-Абад г.;41703410000000000;310451;ЦСМ ЖАЛАЛ-АБАДСКИЙ;ЖАЛАЛ-АБАДСКИЙ ОБЛАСТНОЙ ЦЕНТР СЕМЕЙНОЙ МЕДИЦИНЫ;54;514;681;1195;257;369;626;467;1183;1650;319;835;1154
Джалал-Абадская обл.;4170300000000000;Джалал-Абад г.;41703410000000000;310451;ЦСМ ЖАЛАЛ-АБАДСКИЙ;ЖАЛАЛ-АБАДСКИЙ ОБЛАСТНОЙ ЦЕНТР СЕМЕЙНОЙ МЕДИЦИНЫ;55;515;754;1269;286;436;722;565;1291;1856;422;929;1351
Джалал-Абадская обл.;4170300000000000;Джалал-Абад г.;41703410000000000;310451;ЦСМ ЖАЛАЛ-АБАДСКИЙ;ЖАЛАЛ-АБАДСКИЙ ОБЛАСТНОЙ ЦЕНТР СЕМЕЙНОЙ МЕДИЦИНЫ;56;529;697;1226;285;421;706;692;1216;1908;505;860;1365
Джалал-Абадская обл.;4170300000000000;Джалал-Абад г.;41703410000000000;310451;ЦСМ ЖАЛАЛ-АБАДСКИЙ;ЖАЛАЛ-АБАДСКИЙ ОБЛАСТНОЙ ЦЕНТР СЕМЕЙНОЙ МЕДИЦИНЫ;57;503;690;1193;253;424;677;686;1302;1988;517;945;1462
Джалал-Абадская обл.;4170300000000000;Джалал-Абад г.;41703410000000000;310451;ЦСМ ЖАЛАЛ-АБАДСКИЙ;ЖАЛАЛ-АБАДСКИЙ ОБЛАСТНОЙ ЦЕНТР СЕМЕЙНОЙ МЕДИЦИНЫ;58;544;648;1192;293;404;697;718;1127;1845;504;846;1350
Джалал-Абадская обл.;4170300000000000;Джалал-Абад г.;41703410000000000;310451;ЦСМ ЖАЛАЛ-АБАДСКИЙ;ЖАЛАЛ-АБАДСКИЙ ОБЛАСТНОЙ ЦЕНТР СЕМЕЙНОЙ МЕДИЦИНЫ;59;510;642;1152;284;440;724;741;1110;1851;541;921;1462
Джалал-Абадская обл.;4170300000000000;Джалал-Абад г.;41703410000000000;310451;ЦСМ ЖАЛАЛ-АБАДСКИЙ;ЖАЛАЛ-АБАДСКИЙ ОБЛАСТНОЙ ЦЕНТР СЕМЕЙНОЙ МЕДИЦИНЫ;60;492;656;1148;303;516;819;672;1219;1891;486;1062;1548
Джалал-Абадская обл.;4170300000000000;Джалал-Абад г.;41703410000000000;310451;ЦСМ ЖАЛАЛ-АБАДСКИЙ;ЖАЛАЛ-АБАДСКИЙ ОБЛАСТНОЙ ЦЕНТР СЕМЕЙНОЙ МЕДИЦИНЫ;61;535;652;1187;330;545;875;790;1121;1911;576;1025;1601
Джалал-Абадская обл.;4170300000000000;Джалал-Абад г.;41703410000000000;310451;ЦСМ ЖАЛАЛ-АБАДСКИЙ;ЖАЛАЛ-АБАДСКИЙ ОБЛАСТНОЙ ЦЕНТР СЕМЕЙНОЙ МЕДИЦИНЫ;62;464;643;1107;320;582;902;622;1069;1691;507;992;1499
Джалал-Абадская обл.;4170300000000000;Джалал-Абад г.;41703410000000000;310451;ЦСМ ЖАЛАЛ-АБАДСКИЙ;ЖАЛАЛ-АБАДСКИЙ ОБЛАСТНОЙ ЦЕНТР СЕМЕЙНОЙ МЕДИЦИНЫ;63;457;588;1045;318;517;835;582;1008;1590;445;908;1353
Джалал-Абадская обл.;4170300000000000;Джалал-Абад г.;41703410000000000;310451;ЦСМ ЖАЛАЛ-АБАДСКИЙ;ЖАЛАЛ-АБАДСКИЙ ОБЛАСТНОЙ ЦЕНТР СЕМЕЙНОЙ МЕДИЦИНЫ;64;482;648;1130;362;574;936;563;1022;1585;482;924;1406
Джалал-Абадская обл.;4170300000000000;Джалал-Абад г.;41703410000000000;310451;ЦСМ ЖАЛАЛ-АБАДСКИЙ;ЖАЛАЛ-АБАДСКИЙ ОБЛАСТНОЙ ЦЕНТР СЕМЕЙНОЙ МЕДИЦИНЫ;65;396;578;974;322;546;868;582;1115;1697;510;1052;1562
Джалал-Абадская обл.;4170300000000000;Джалал-Абад г.;41703410000000000;310451;ЦСМ ЖАЛАЛ-АБАДСКИЙ;ЖАЛАЛ-АБАДСКИЙ ОБЛАСТНОЙ ЦЕНТР СЕМЕЙНОЙ МЕДИЦИНЫ;66;389;535;924;329;509;838;589;932;1521;538;893;1431
Джалал-Абадская обл.;4170300000000000;Джалал-Абад г.;41703410000000000;310451;ЦСМ ЖАЛАЛ-АБАДСКИЙ;ЖАЛАЛ-АБАДСКИЙ ОБЛАСТНОЙ ЦЕНТР СЕМЕЙНОЙ МЕДИЦИНЫ;67;296;457;753;268;439;707;458;816;1274;426;774;1200
Джалал-Абадская обл.;4170300000000000;Джалал-Абад г.;41703410000000000;310451;ЦСМ ЖАЛАЛ-АБАДСКИЙ;ЖАЛАЛ-АБАДСКИЙ ОБЛАСТНОЙ ЦЕНТР СЕМЕЙНОЙ МЕДИЦИНЫ;68;275;475;750;246;446;692;472;815;1287;448;773;1221
Джалал-Абадская обл.;4170300000000000;Джалал-Абад г.;41703410000000000;310451;ЦСМ ЖАЛАЛ-АБАДСКИЙ;ЖАЛАЛ-АБАДСКИЙ ОБЛАСТНОЙ ЦЕНТР СЕМЕЙНОЙ МЕДИЦИНЫ;69;260;377;637;242;357;599;407;738;1145;366;670;1036
Джалал-Абадская обл.;4170300000000000;Джалал-Абад г.;41703410000000000;310451;ЦСМ ЖАЛАЛ-АБАДСКИЙ;ЖАЛАЛ-АБАДСКИЙ ОБЛАСТНОЙ ЦЕНТР СЕМЕЙНОЙ МЕДИЦИНЫ;70;238;356;594;224;336;560;428;683;1111;392;631;1023
Джалал-Абадская обл.;4170300000000000;Джалал-Абад г.;41703410000000000;310451;ЦСМ ЖАЛАЛ-АБАДСКИЙ;ЖАЛАЛ-АБАДСКИЙ ОБЛАСТНОЙ ЦЕНТР СЕМЕЙНОЙ МЕДИЦИНЫ;71;213;316;529;195;307;502;303;621;924;284;569;853
Джалал-Абадская обл.;4170300000000000;Джалал-Абад г.;41703410000000000;310451;ЦСМ ЖАЛАЛ-АБАДСКИЙ;ЖАЛАЛ-АБАДСКИЙ ОБЛАСТНОЙ ЦЕНТР СЕМЕЙНОЙ МЕДИЦИНЫ;72;168;270;438;160;251;411;259;478;737;232;458;690
Джалал-Абадская обл.;4170300000000000;Джалал-Абад г.;41703410000000000;310451;ЦСМ ЖАЛАЛ-АБАДСКИЙ;ЖАЛАЛ-АБАДСКИЙ ОБЛАСТНОЙ ЦЕНТР СЕМЕЙНОЙ МЕДИЦИНЫ;73;132;219;351;124;214;338;228;315;543;214;306;520
Джалал-Абадская обл.;4170300000000000;Джалал-Абад г.;41703410000000000;310451;ЦСМ ЖАЛАЛ-АБАДСКИЙ;ЖАЛАЛ-АБАДСКИЙ ОБЛАСТНОЙ ЦЕНТР СЕМЕЙНОЙ МЕДИЦИНЫ;74;159;197;356;153;188;341;248;308;556;240;249;489
Джалал-Абадская обл.;4170300000000000;Джалал-Абад г.;41703410000000000;310451;ЦСМ ЖАЛАЛ-АБАДСКИЙ;ЖАЛАЛ-АБАДСКИЙ ОБЛАСТНОЙ ЦЕНТР СЕМЕЙНОЙ МЕДИЦИНЫ;75;111;180;291;108;175;283;143;283;426;136;254;390
Джалал-Абадская обл.;4170300000000000;Джалал-Абад г.;41703410000000000;310451;ЦСМ ЖАЛАЛ-АБАДСКИЙ;ЖАЛАЛ-АБАДСКИЙ ОБЛАСТНОЙ ЦЕНТР СЕМЕЙНОЙ МЕДИЦИНЫ;76;61;135;196;57;127;184;135;159;294;131;140;271
Джалал-Абадская обл.;4170300000000000;Джалал-Абад г.;41703410000000000;310451;ЦСМ ЖАЛАЛ-АБАДСКИЙ;ЖАЛАЛ-АБАДСКИЙ ОБЛАСТНОЙ ЦЕНТР СЕМЕЙНОЙ МЕДИЦИНЫ;77;75;136;211;74;133;207;93;238;331;92;222;314
Джалал-Абадская обл.;4170300000000000;Джалал-Абад г.;41703410000000000;310451;ЦСМ ЖАЛАЛ-АБАДСКИЙ;ЖАЛАЛ-АБАДСКИЙ ОБЛАСТНОЙ ЦЕНТР СЕМЕЙНОЙ МЕДИЦИНЫ;78;48;109;157;45;105;150;63;104;167;59;61;120
Джалал-Абадская обл.;4170300000000000;Джалал-Абад г.;41703410000000000;310451;ЦСМ ЖАЛАЛ-АБАДСКИЙ;ЖАЛАЛ-АБАДСКИЙ ОБЛАСТНОЙ ЦЕНТР СЕМЕЙНОЙ МЕДИЦИНЫ;79;22;59;81;22;54;76;77;51;128;76;44;120
Джалал-Абадская обл.;4170300000000000;Джалал-Абад г.;41703410000000000;310451;ЦСМ ЖАЛАЛ-АБАДСКИЙ;ЖАЛАЛ-АБАДСКИЙ ОБЛАСТНОЙ ЦЕНТР СЕМЕЙНОЙ МЕДИЦИНЫ;80;19;44;63;19;39;58;31;76;107;31;71;102
Джалал-Абадская обл.;4170300000000000;Джалал-Абад г.;41703410000000000;310451;ЦСМ ЖАЛАЛ-АБАДСКИЙ;ЖАЛАЛ-АБАДСКИЙ ОБЛАСТНОЙ ЦЕНТР СЕМЕЙНОЙ МЕДИЦИНЫ;81;24;45;69;21;45;66;25;80;105;15;78;93
Джалал-Абадская обл.;4170300000000000;Джалал-Абад г.;41703410000000000;310451;ЦСМ ЖАЛАЛ-АБАДСКИЙ;ЖАЛАЛ-АБАДСКИЙ ОБЛАСТНОЙ ЦЕНТР СЕМЕЙНОЙ МЕДИЦИНЫ;82;34;62;96;33;60;93;52;69;121;52;64;116
Джалал-Абадская обл.;4170300000000000;Джалал-Абад г.;41703410000000000;310451;ЦСМ ЖАЛАЛ-АБАДСКИЙ;ЖАЛАЛ-АБАДСКИЙ ОБЛАСТНОЙ ЦЕНТР СЕМЕЙНОЙ МЕДИЦИНЫ;83;37;62;99;37;58;95;60;129;189;51;125;176
Джалал-Абадская обл.;4170300000000000;Джалал-Абад г.;41703410000000000;310451;ЦСМ ЖАЛАЛ-АБАДСКИЙ;ЖАЛАЛ-АБАДСКИЙ ОБЛАСТНОЙ ЦЕНТР СЕМЕЙНОЙ МЕДИЦИНЫ;84;34;82;116;29;79;108;22;103;125;22;89;111
Джалал-Абадская обл.;4170300000000000;Джалал-Абад г.;41703410000000000;310451;ЦСМ ЖАЛАЛ-АБАДСКИЙ;ЖАЛАЛ-АБАДСКИЙ ОБЛАСТНОЙ ЦЕНТР СЕМЕЙНОЙ МЕДИЦИНЫ;85;25;69;94;24;67;91;11;72;83;8;71;79
Джалал-Абадская обл.;4170300000000000;Джалал-Абад г.;41703410000000000;310451;ЦСМ ЖАЛАЛ-АБАДСКИЙ;ЖАЛАЛ-АБАДСКИЙ ОБЛАСТНОЙ ЦЕНТР СЕМЕЙНОЙ МЕДИЦИНЫ;86;24;56;80;23;54;77;25;63;88;23;58;81
Джалал-Абадская обл.;4170300000000000;Джалал-Абад г.;41703410000000000;310451;ЦСМ ЖАЛАЛ-АБАДСКИЙ;ЖАЛАЛ-АБАДСКИЙ ОБЛАСТНОЙ ЦЕНТР СЕМЕЙНОЙ МЕДИЦИНЫ;87;19;36;55;17;35;52;13;51;64;13;50;63
Джалал-Абадская обл.;4170300000000000;Джалал-Абад г.;41703410000000000;310451;ЦСМ ЖАЛАЛ-АБАДСКИЙ;ЖАЛАЛ-АБАДСКИЙ ОБЛАСТНОЙ ЦЕНТР СЕМЕЙНОЙ МЕДИЦИНЫ;88;11;35;46;11;34;45;9;20;29;9;16;25
Джалал-Абадская обл.;4170300000000000;Джалал-Абад г.;41703410000000000;310451;ЦСМ ЖАЛАЛ-АБАДСКИЙ;ЖАЛАЛ-АБАДСКИЙ ОБЛАСТНОЙ ЦЕНТР СЕМЕЙНОЙ МЕДИЦИНЫ;89;12;27;39;12;27;39;0;6;6;0;5;5
Джалал-Абадская обл.;4170300000000000;Джалал-Абад г.;41703410000000000;310451;ЦСМ ЖАЛАЛ-АБАДСКИЙ;ЖАЛАЛ-АБАДСКИЙ ОБЛАСТНОЙ ЦЕНТР СЕМЕЙНОЙ МЕДИЦИНЫ;90;12;27;39;12;27;39;6;14;20;6;14;20
Джалал-Абадская обл.;4170300000000000;Джалал-Абад г.;41703410000000000;310451;ЦСМ ЖАЛАЛ-АБАДСКИЙ;ЖАЛАЛ-АБАДСКИЙ ОБЛАСТНОЙ ЦЕНТР СЕМЕЙНОЙ МЕДИЦИНЫ;91;5;18;23;5;17;22;16;18;34;16;17;33
Джалал-Абадская обл.;4170300000000000;Джалал-Абад г.;41703410000000000;310451;ЦСМ ЖАЛАЛ-АБАДСКИЙ;ЖАЛАЛ-АБАДСКИЙ ОБЛАСТНОЙ ЦЕНТР СЕМЕЙНОЙ МЕДИЦИНЫ;92;7;37;44;7;36;43;17;7;24;17;5;22
Джалал-Абадская обл.;4170300000000000;Джалал-Абад г.;41703410000000000;310451;ЦСМ ЖАЛАЛ-АБАДСКИЙ;ЖАЛАЛ-АБАДСКИЙ ОБЛАСТНОЙ ЦЕНТР СЕМЕЙНОЙ МЕДИЦИНЫ;93;4;11;15;4;11;15;8;11;19;8;11;19
Джалал-Абадская обл.;4170300000000000;Джалал-Абад г.;41703410000000000;310451;ЦСМ ЖАЛАЛ-АБАДСКИЙ;ЖАЛАЛ-АБАДСКИЙ ОБЛАСТНОЙ ЦЕНТР СЕМЕЙНОЙ МЕДИЦИНЫ;94;5;28;33;5;28;33;3;3;6;3;3;6
Джалал-Абадская обл.;4170300000000000;Джалал-Абад г.;41703410000000000;310451;ЦСМ ЖАЛАЛ-АБАДСКИЙ;ЖАЛАЛ-АБАДСКИЙ ОБЛАСТНОЙ ЦЕНТР СЕМЕЙНОЙ МЕДИЦИНЫ;96;2;12;14;2;12;14;0;5;5;0;5;5
Джалал-Абадская обл.;4170300000000000;Джалал-Абад г.;41703410000000000;310451;ЦСМ ЖАЛАЛ-АБАДСКИЙ;ЖАЛАЛ-АБАДСКИЙ ОБЛАСТНОЙ ЦЕНТР СЕМЕЙНОЙ МЕДИЦИНЫ;98;1;4;5;1;4;5;2;1;3;2;1;3
Джалал-Абадская обл.;4170300000000000;Джалал-Абад г.;41703410000000000;310451;ЦСМ ЖАЛАЛ-АБАДСКИЙ;ЖАЛАЛ-АБАДСКИЙ ОБЛАСТНОЙ ЦЕНТР СЕМЕЙНОЙ МЕДИЦИНЫ;106;0;0;0;0;0;0;0;2;2;0;2;2
Джалал-Абадская обл.;4170300000000000;Сузакский р-н;41703220000000000;344381;ЦСМ СУЗАКСКОГО РАЙОНА;Центр семейной медицины Сузакского района Жалал-Абадской области;0;1632;1635;3267;1632;1635;3267;10746;10320;21066;10746;10320;21066
Джалал-Абадская обл.;4170300000000000;Сузакский р-н;41703220000000000;344381;ЦСМ СУЗАКСКОГО РАЙОНА;Центр семейной медицины Сузакского района Жалал-Абадской области;1;2426;2244;4670;2426;2244;4670;5689;4909;10598;5689;4909;10598
Джалал-Абадская обл.;4170300000000000;Сузакский р-н;41703220000000000;344381;ЦСМ СУЗАКСКОГО РАЙОНА;Центр семейной медицины Сузакского района Жалал-Абадской области;2;2498;2303;4801;2498;2303;4801;4166;3721;7887;4166;3721;7887
Джалал-Абадская обл.;4170300000000000;Сузакский р-н;41703220000000000;344381;ЦСМ СУЗАКСКОГО РАЙОНА;Центр семейной медицины Сузакского района Жалал-Абадской области;3;2526;2436;4962;2526;2436;4962;3031;2772;5803;3031;2772;5803
Джалал-Абадская обл.;4170300000000000;Сузакский р-н;41703220000000000;344381;ЦСМ СУЗАКСКОГО РАЙОНА;Центр семейной медицины Сузакского района Жалал-Абадской области;4;2396;2452;4848;2396;2452;4848;2594;2553;5147;2594;2553;5147
Джалал-Абадская обл.;4170300000000000;Сузакский р-н;41703220000000000;344381;ЦСМ СУЗАКСКОГО РАЙОНА;Центр семейной медицины Сузакского района Жалал-Абадской области;5;2459;2544;5003;2459;2544;5003;3179;3239;6418;3179;3239;6418
Джалал-Абадская обл.;4170300000000000;Сузакский р-н;41703220000000000;344381;ЦСМ СУЗАКСКОГО РАЙОНА;Центр семейной медицины Сузакского района Жалал-Абадской области;6;2376;2689;5065;2376;2689;5065;2412;2389;4801;2412;2389;4801
Джалал-Абадская обл.;4170300000000000;Сузакский р-н;41703220000000000;344381;ЦСМ СУЗАКСКОГО РАЙОНА;Центр семейной медицины Сузакского района Жалал-Абадской области;7;2379;2722;5101;2379;2722;5101;1654;1418;3072;1654;1418;3072
Джалал-Абадская обл.;4170300000000000;Сузакский р-н;41703220000000000;344381;ЦСМ СУЗАКСКОГО РАЙОНА;Центр семейной медицины Сузакского района Жалал-Абадской области;8;2245;2803;5048;2245;2803;5048;1368;1272;2640;1368;1272;2640
Джалал-Абадская обл.;4170300000000000;Сузакский р-н;41703220000000000;344381;ЦСМ СУЗАКСКОГО РАЙОНА;Центр семейной медицины Сузакского района Жалал-Абадской области;9;2322;3018;5340;2322;3018;5340;1267;1096;2363;1267;1096;2363
Джалал-Абадская обл.;4170300000000000;Сузакский р-н;41703220000000000;344381;ЦСМ СУЗАКСКОГО РАЙОНА;Центр семейной медицины Сузакского района Жалал-Абадской области;10;2264;3017;5281;2264;3017;5281;1171;1185;2356;1171;1185;2356
Джалал-Абадская обл.;4170300000000000;Сузакский р-н;41703220000000000;344381;ЦСМ СУЗАКСКОГО РАЙОНА;Центр семейной медицины Сузакского района Жалал-Абадской области;11;2075;2816;4891;2075;2816;4891;1133;1211;2344;1133;1211;2344
Джалал-Абадская обл.;4170300000000000;Сузакский р-н;41703220000000000;344381;ЦСМ СУЗАКСКОГО РАЙОНА;Центр семейной медицины Сузакского района Жалал-Абадской области;12;2033;2842;4875;2033;2842;4875;1099;1005;2104;1099;1005;2104
Джалал-Абадская обл.;4170300000000000;Сузакский р-н;41703220000000000;344381;ЦСМ СУЗАКСКОГО РАЙОНА;Центр семейной медицины Сузакского района Жалал-Абадской области;13;1955;2774;4729;1955;2774;4729;1092;1015;2107;1092;1015;2107
Джалал-Абадская обл.;4170300000000000;Сузакский р-н;41703220000000000;344381;ЦСМ СУЗАКСКОГО РАЙОНА;Центр семейной медицины Сузакского района Жалал-Абадской области;14;1929;2724;4653;1929;2724;4653;955;1062;2017;955;1062;2017
Джалал-Абадская обл.;4170300000000000;Сузакский р-н;41703220000000000;344381;ЦСМ СУЗАКСКОГО РАЙОНА;Центр семейной медицины Сузакского района Жалал-Абадской области;15;1878;2606;4484;1878;2606;4484;854;804;1658;854;804;1658
Джалал-Абадская обл.;4170300000000000;Сузакский р-н;41703220000000000;344381;ЦСМ СУЗАКСКОГО РАЙОНА;Центр семейной медицины Сузакского района Жалал-Абадской области;16;1566;2357;3923;1565;2357;3922;920;825;1745;877;783;1660
Джалал-Абадская обл.;4170300000000000;Сузакский р-н;41703220000000000;344381;ЦСМ СУЗАКСКОГО РАЙОНА;Центр семейной медицины Сузакского района Жалал-Абадской области;17;1591;2201;3792;1375;2001;3376;1206;987;2193;931;729;1660
Джалал-Абадская обл.;4170300000000000;Сузакский р-н;41703220000000000;344381;ЦСМ СУЗАКСКОГО РАЙОНА;Центр семейной медицины Сузакского района Жалал-Абадской области;18;1351;2040;3391;1047;1737;2784;1254;2582;3836;865;1701;2566
Джалал-Абадская обл.;4170300000000000;Сузакский р-н;41703220000000000;344381;ЦСМ СУЗАКСКОГО РАЙОНА;Центр семейной медицины Сузакского района Жалал-Абадской области;19;1254;1574;2828;417;821;1238;889;3489;4378;233;1844;2077
Джалал-Абадская обл.;4170300000000000;Сузакский р-н;41703220000000000;344381;ЦСМ СУЗАКСКОГО РАЙОНА;Центр семейной медицины Сузакского района Жалал-Абадской области;20;1242;1417;2659;142;623;765;574;3234;3808;80;1690;1770
Джалал-Абадская обл.;4170300000000000;Сузакский р-н;41703220000000000;344381;ЦСМ СУЗАКСКОГО РАЙОНА;Центр семейной медицины Сузакского района Жалал-Абадской области;21;1143;1366;2509;103;528;631;487;2818;3305;92;1501;1593
Джалал-Абадская обл.;4170300000000000;Сузакский р-н;41703220000000000;344381;ЦСМ СУЗАКСКОГО РАЙОНА;Центр семейной медицины Сузакского района Жалал-Абадской области;22;1242;1300;2542;131;461;592;494;2729;3223;76;1536;1612
Джалал-Абадская обл.;4170300000000000;Сузакский р-н;41703220000000000;344381;ЦСМ СУЗАКСКОГО РАЙОНА;Центр семейной медицины Сузакского района Жалал-Абадской области;23;1195;1366;2561;104;546;650;520;2686;3206;91;1591;1682
Джалал-Абадская обл.;4170300000000000;Сузакский р-н;41703220000000000;344381;ЦСМ СУЗАКСКОГО РАЙОНА;Центр семейной медицины Сузакского района Жалал-Абадской области;24;1132;1311;2443;110;512;622;476;2630;3106;92;1434;1526
Джалал-Абадская обл.;4170300000000000;Сузакский р-н;41703220000000000;344381;ЦСМ СУЗАКСКОГО РАЙОНА;Центр семейной медицины Сузакского района Жалал-Абадской области;25;1264;1476;2740;144;577;721;531;2884;3415;105;1706;1811
Джалал-Абадская обл.;4170300000000000;Сузакский р-н;41703220000000000;344381;ЦСМ СУЗАКСКОГО РАЙОНА;Центр семейной медицины Сузакского района Жалал-Абадской области;26;1265;1487;2752;180;655;835;562;2807;3369;133;1764;1897
Джалал-Абадская обл.;4170300000000000;Сузакский р-н;41703220000000000;344381;ЦСМ СУЗАКСКОГО РАЙОНА;Центр семейной медицины Сузакского района Жалал-Абадской области;27;1364;1416;2780;193;617;810;576;2863;3439;130;1874;2004
Джалал-Абадская обл.;4170300000000000;Сузакский р-н;41703220000000000;344381;ЦСМ СУЗАКСКОГО РАЙОНА;Центр семейной медицины Сузакского района Жалал-Абадской области;28;1367;1563;2930;214;654;868;579;3116;3695;128;1935;2063
Джалал-Абадская обл.;4170300000000000;Сузакский р-н;41703220000000000;344381;ЦСМ СУЗАКСКОГО РАЙОНА;Центр семейной медицины Сузакского района Жалал-Абадской области;29;1487;1587;3074;258;749;1007;648;2769;3417;237;1724;1961
Джалал-Абадская обл.;4170300000000000;Сузакский р-н;41703220000000000;344381;ЦСМ СУЗАКСКОГО РАЙОНА;Центр семейной медицины Сузакского района Жалал-Абадской области;30;1502;1685;3187;428;785;1213;589;2710;3299;254;1883;2137
Джалал-Абадская обл.;4170300000000000;Сузакский р-н;41703220000000000;344381;ЦСМ СУЗАКСКОГО РАЙОНА;Центр семейной медицины Сузакского района Жалал-Абадской области;31;1282;1545;2827;413;759;1172;544;2440;2984;217;1706;1923
Джалал-Абадская обл.;4170300000000000;Сузакский р-н;41703220000000000;344381;ЦСМ СУЗАКСКОГО РАЙОНА;Центр семейной медицины Сузакского района Жалал-Абадской области;32;1452;1601;3053;479;805;1284;589;2327;2916;241;1645;1886
Джалал-Абадская обл.;4170300000000000;Сузакский р-н;41703220000000000;344381;ЦСМ СУЗАКСКОГО РАЙОНА;Центр семейной медицины Сузакского района Жалал-Абадской области;33;1358;1527;2885;475;764;1239;494;2194;2688;208;1475;1683
Джалал-Абадская обл.;4170300000000000;Сузакский р-н;41703220000000000;344381;ЦСМ СУЗАКСКОГО РАЙОНА;Центр семейной медицины Сузакского района Жалал-Абадской области;34;1334;1495;2829;493;775;1268;573;2029;2602;303;1426;1729
Джалал-Абадская обл.;4170300000000000;Сузакский р-н;41703220000000000;344381;ЦСМ СУЗАКСКОГО РАЙОНА;Центр семейной медицины Сузакского района Жалал-Абадской области;35;1237;1397;2634;494;794;1288;593;1957;2550;308;1426;1734
Джалал-Абадская обл.;4170300000000000;Сузакский р-н;41703220000000000;344381;ЦСМ СУЗАКСКОГО РАЙОНА;Центр семейной медицины Сузакского района Жалал-Абадской области;36;1312;1308;2620;561;741;1302;628;2051;2679;308;1483;1791
Джалал-Абадская обл.;4170300000000000;Сузакский р-н;41703220000000000;344381;ЦСМ СУЗАКСКОГО РАЙОНА;Центр семейной медицины Сузакского района Жалал-Абадской области;37;1240;1366;2606;602;823;1425;497;1907;2404;266;1407;1673
Джалал-Абадская обл.;4170300000000000;Сузакский р-н;41703220000000000;344381;ЦСМ СУЗАКСКОГО РАЙОНА;Центр семейной медицины Сузакского района Жалал-Абадской области;38;1219;1245;2464;603;799;1402;569;1710;2279;323;1247;1570
Джалал-Абадская обл.;4170300000000000;Сузакский р-н;41703220000000000;344381;ЦСМ СУЗАКСКОГО РАЙОНА;Центр семейной медицины Сузакского района Жалал-Абадской области;39;1248;1200;2448;637;762;1399;520;1471;1991;311;1058;1369
Джалал-Абадская обл.;4170300000000000;Сузакский р-н;41703220000000000;344381;ЦСМ СУЗАКСКОГО РАЙОНА;Центр семейной медицины Сузакского района Жалал-Абадской области;40;1088;1073;2161;625;702;1327;490;1269;1759;345;961;1306
Джалал-Абадская обл.;4170300000000000;Сузакский р-н;41703220000000000;344381;ЦСМ СУЗАКСКОГО РАЙОНА;Центр семейной медицины Сузакского района Жалал-Абадской области;41;1005;1102;2107;602;705;1307;418;1199;1617;273;849;1122
Джалал-Абадская обл.;4170300000000000;Сузакский р-н;41703220000000000;344381;ЦСМ СУЗАКСКОГО РАЙОНА;Центр семейной медицины Сузакского района Жалал-Абадской области;42;969;980;1949;563;631;1194;510;1135;1645;353;859;1212
Джалал-Абадская обл.;4170300000000000;Сузакский р-н;41703220000000000;344381;ЦСМ СУЗАКСКОГО РАЙОНА;Центр семейной медицины Сузакского района Жалал-Абадской области;43;991;956;1947;574;607;1181;488;894;1382;308;683;991
Джалал-Абадская обл.;4170300000000000;Сузакский р-н;41703220000000000;344381;ЦСМ СУЗАКСКОГО РАЙОНА;Центр семейной медицины Сузакского района Жалал-Абадской области;44;884;902;1786;487;533;1020;423;1095;1518;269;717;986
Джалал-Абадская обл.;4170300000000000;Сузакский р-н;41703220000000000;344381;ЦСМ СУЗАКСКОГО РАЙОНА;Центр семейной медицины Сузакского района Жалал-Абадской области;45;809;822;1631;453;478;931;465;1042;1507;302;699;1001
Джалал-Абадская обл.;4170300000000000;Сузакский р-н;41703220000000000;344381;ЦСМ СУЗАКСКОГО РАЙОНА;Центр семейной медицины Сузакского района Жалал-Абадской области;46;861;892;1753;473;502;975;498;1116;1614;308;712;1020
Джалал-Абадская обл.;4170300000000000;Сузакский р-н;41703220000000000;344381;ЦСМ СУЗАКСКОГО РАЙОНА;Центр семейной медицины Сузакского района Жалал-Абадской области;47;779;862;1641;414;509;923;512;1038;1550;317;705;1022
Джалал-Абадская обл.;4170300000000000;Сузакский р-н;41703220000000000;344381;ЦСМ СУЗАКСКОГО РАЙОНА;Центр семейной медицины Сузакского района Жалал-Абадской области;48;860;903;1763;490;485;975;542;1148;1690;365;714;1079
Джалал-Абадская обл.;4170300000000000;Сузакский р-н;41703220000000000;344381;ЦСМ СУЗАКСКОГО РАЙОНА;Центр семейной медицины Сузакского района Жалал-Абадской области;49;778;794;1572;408;431;839;482;1107;1589;289;798;1087
Джалал-Абадская обл.;4170300000000000;Сузакский р-н;41703220000000000;344381;ЦСМ СУЗАКСКОГО РАЙОНА;Центр семейной медицины Сузакского района Жалал-Абадской области;50;713;801;1514;383;434;817;492;1155;1647;323;846;1169
Джалал-Абадская обл.;4170300000000000;Сузакский р-н;41703220000000000;344381;ЦСМ СУЗАКСКОГО РАЙОНА;Центр семейной медицины Сузакского района Жалал-Абадской области;51;774;774;1548;404;448;852;514;1141;1655;338;804;1142
Джалал-Абадская обл.;4170300000000000;Сузакский р-н;41703220000000000;344381;ЦСМ СУЗАКСКОГО РАЙОНА;Центр семейной медицины Сузакского района Жалал-Абадской области;52;708;771;1479;375;450;825;540;1257;1797;331;906;1237
Джалал-Абадская обл.;4170300000000000;Сузакский р-н;41703220000000000;344381;ЦСМ СУЗАКСКОГО РАЙОНА;Центр семейной медицины Сузакского района Жалал-Абадской области;53;744;736;1480;373;419;792;489;1052;1541;306;708;1014
Джалал-Абадская обл.;4170300000000000;Сузакский р-н;41703220000000000;344381;ЦСМ СУЗАКСКОГО РАЙОНА;Центр семейной медицины Сузакского района Жалал-Абадской области;54;658;721;1379;328;421;749;568;1222;1790;323;905;1228
Джалал-Абадская обл.;4170300000000000;Сузакский р-н;41703220000000000;344381;ЦСМ СУЗАКСКОГО РАЙОНА;Центр семейной медицины Сузакского района Жалал-Абадской области;55;628;733;1361;342;438;780;624;1171;1795;431;866;1297
Джалал-Абадская обл.;4170300000000000;Сузакский р-н;41703220000000000;344381;ЦСМ СУЗАКСКОГО РАЙОНА;Центр семейной медицины Сузакского района Жалал-Абадской области;56;726;826;1552;403;564;967;773;1187;1960;458;942;1400
Джалал-Абадская обл.;4170300000000000;Сузакский р-н;41703220000000000;344381;ЦСМ СУЗАКСКОГО РАЙОНА;Центр семейной медицины Сузакского района Жалал-Абадской области;57;691;710;1401;397;487;884;628;1154;1782;462;929;1391
Джалал-Абадская обл.;4170300000000000;Сузакский р-н;41703220000000000;344381;ЦСМ СУЗАКСКОГО РАЙОНА;Центр семейной медицины Сузакского района Жалал-Абадской области;58;619;682;1301;383;508;891;727;1265;1992;573;1002;1575
Джалал-Абадская обл.;4170300000000000;Сузакский р-н;41703220000000000;344381;ЦСМ СУЗАКСКОГО РАЙОНА;Центр семейной медицины Сузакского района Жалал-Абадской области;59;618;681;1299;374;529;903;675;1197;1872;488;1022;1510
Джалал-Абадская обл.;4170300000000000;Сузакский р-н;41703220000000000;344381;ЦСМ СУЗАКСКОГО РАЙОНА;Центр семейной медицины Сузакского района Жалал-Абадской области;60;597;694;1291;390;551;941;668;1246;1914;505;1053;1558
Джалал-Абадская обл.;4170300000000000;Сузакский р-н;41703220000000000;344381;ЦСМ СУЗАКСКОГО РАЙОНА;Центр семейной медицины Сузакского района Жалал-Абадской области;61;583;697;1280;395;575;970;705;1208;1913;593;1089;1682
Джалал-Абадская обл.;4170300000000000;Сузакский р-н;41703220000000000;344381;ЦСМ СУЗАКСКОГО РАЙОНА;Центр семейной медицины Сузакского района Жалал-Абадской области;62;580;704;1284;438;605;1043;711;1252;1963;608;1140;1748
Джалал-Абадская обл.;4170300000000000;Сузакский р-н;41703220000000000;344381;ЦСМ СУЗАКСКОГО РАЙОНА;Центр семейной медицины Сузакского района Жалал-Абадской области;63;553;652;1205;431;568;999;607;1272;1879;508;1142;1650
Джалал-Абадская обл.;4170300000000000;Сузакский р-н;41703220000000000;344381;ЦСМ СУЗАКСКОГО РАЙОНА;Центр семейной медицины Сузакского района Жалал-Абадской области;64;505;692;1197;397;619;1016;645;1081;1726;522;1013;1535
Джалал-Абадская обл.;4170300000000000;Сузакский р-н;41703220000000000;344381;ЦСМ СУЗАКСКОГО РАЙОНА;Центр семейной медицины Сузакского района Жалал-Абадской области;65;525;579;1104;428;550;978;677;1069;1746;573;988;1561
Джалал-Абадская обл.;4170300000000000;Сузакский р-н;41703220000000000;344381;ЦСМ СУЗАКСКОГО РАЙОНА;Центр семейной медицины Сузакского района Жалал-Абадской области;66;448;566;1014;400;534;934;583;938;1521;539;864;1403
Джалал-Абадская обл.;4170300000000000;Сузакский р-н;41703220000000000;344381;ЦСМ СУЗАКСКОГО РАЙОНА;Центр семейной медицины Сузакского района Жалал-Абадской области;67;380;475;855;326;443;769;538;959;1497;474;847;1321
Джалал-Абадская обл.;4170300000000000;Сузакский р-н;41703220000000000;344381;ЦСМ СУЗАКСКОГО РАЙОНА;Центр семейной медицины Сузакского района Жалал-Абадской области;68;327;480;807;293;446;739;420;871;1291;380;767;1147
Джалал-Абадская обл.;4170300000000000;Сузакский р-н;41703220000000000;344381;ЦСМ СУЗАКСКОГО РАЙОНА;Центр семейной медицины Сузакского района Жалал-Абадской области;69;259;338;597;247;316;563;325;590;915;307;552;859
Джалал-Абадская обл.;4170300000000000;Сузакский р-н;41703220000000000;344381;ЦСМ СУЗАКСКОГО РАЙОНА;Центр семейной медицины Сузакского района Жалал-Абадской области;70;269;340;609;240;326;566;371;640;1011;323;597;920
Джалал-Абадская обл.;4170300000000000;Сузакский р-н;41703220000000000;344381;ЦСМ СУЗАКСКОГО РАЙОНА;Центр семейной медицины Сузакского района Жалал-Абадской области;71;240;292;532;228;281;509;335;474;809;304;437;741
Джалал-Абадская обл.;4170300000000000;Сузакский р-н;41703220000000000;344381;ЦСМ СУЗАКСКОГО РАЙОНА;Центр семейной медицины Сузакского района Жалал-Абадской области;72;205;295;500;197;284;481;286;546;832;279;490;769
Джалал-Абадская обл.;4170300000000000;Сузакский р-н;41703220000000000;344381;ЦСМ СУЗАКСКОГО РАЙОНА;Центр семейной медицины Сузакского района Жалал-Абадской области;73;184;254;438;178;238;416;230;480;710;220;442;662
Джалал-Абадская обл.;4170300000000000;Сузакский р-н;41703220000000000;344381;ЦСМ СУЗАКСКОГО РАЙОНА;Центр семейной медицины Сузакского района Жалал-Абадской области;74;167;218;385;159;207;366;199;381;580;182;340;522
Джалал-Абадская обл.;4170300000000000;Сузакский р-н;41703220000000000;344381;ЦСМ СУЗАКСКОГО РАЙОНА;Центр семейной медицины Сузакского района Жалал-Абадской области;75;111;188;299;107;181;288;204;245;449;171;239;410
Джалал-Абадская обл.;4170300000000000;Сузакский р-н;41703220000000000;344381;ЦСМ СУЗАКСКОГО РАЙОНА;Центр семейной медицины Сузакского района Жалал-Абадской области;76;89;136;225;85;131;216;151;221;372;138;210;348
Джалал-Абадская обл.;4170300000000000;Сузакский р-н;41703220000000000;344381;ЦСМ СУЗАКСКОГО РАЙОНА;Центр семейной медицины Сузакского района Жалал-Абадской области;77;81;126;207;79;121;200;127;177;304;122;168;290
Джалал-Абадская обл.;4170300000000000;Сузакский р-н;41703220000000000;344381;ЦСМ СУЗАКСКОГО РАЙОНА;Центр семейной медицины Сузакского района Жалал-Абадской области;78;47;90;137;46;85;131;61;107;168;56;98;154
Джалал-Абадская обл.;4170300000000000;Сузакский р-н;41703220000000000;344381;ЦСМ СУЗАКСКОГО РАЙОНА;Центр семейной медицины Сузакского района Жалал-Абадской области;79;26;60;86;23;55;78;37;97;134;36;87;123
Джалал-Абадская обл.;4170300000000000;Сузакский р-н;41703220000000000;344381;ЦСМ СУЗАКСКОГО РАЙОНА;Центр семейной медицины Сузакского района Жалал-Абадской области;80;36;57;93;35;56;91;65;67;132;61;65;126
Джалал-Абадская обл.;4170300000000000;Сузакский р-н;41703220000000000;344381;ЦСМ СУЗАКСКОГО РАЙОНА;Центр семейной медицины Сузакского района Жалал-Абадской области;81;33;39;72;32;37;69;42;76;118;40;76;116
Джалал-Абадская обл.;4170300000000000;Сузакский р-н;41703220000000000;344381;ЦСМ СУЗАКСКОГО РАЙОНА;Центр семейной медицины Сузакского района Жалал-Абадской области;82;53;103;156;51;101;152;93;106;199;86;101;187
Джалал-Абадская обл.;4170300000000000;Сузакский р-н;41703220000000000;344381;ЦСМ СУЗАКСКОГО РАЙОНА;Центр семейной медицины Сузакского района Жалал-Абадской области;83;41;67;108;38;65;103;65;84;149;58;65;123
Джалал-Абадская обл.;4170300000000000;Сузакский р-н;41703220000000000;344381;ЦСМ СУЗАКСКОГО РАЙОНА;Центр семейной медицины Сузакского района Жалал-Абадской области;84;56;90;146;56;85;141;30;119;149;25;116;141
Джалал-Абадская обл.;4170300000000000;Сузакский р-н;41703220000000000;344381;ЦСМ СУЗАКСКОГО РАЙОНА;Центр семейной медицины Сузакского района Жалал-Абадской области;85;31;75;106;29;73;102;26;64;90;24;54;78
Джалал-Абадская обл.;4170300000000000;Сузакский р-н;41703220000000000;344381;ЦСМ СУЗАКСКОГО РАЙОНА;Центр семейной медицины Сузакского района Жалал-Абадской области;86;25;65;90;22;61;83;41;69;110;30;54;84
Джалал-Абадская обл.;4170300000000000;Сузакский р-н;41703220000000000;344381;ЦСМ СУЗАКСКОГО РАЙОНА;Центр семейной медицины Сузакского района Жалал-Абадской области;87;18;49;67;16;44;60;17;32;49;17;24;41
Джалал-Абадская обл.;4170300000000000;Сузакский р-н;41703220000000000;344381;ЦСМ СУЗАКСКОГО РАЙОНА;Центр семейной медицины Сузакского района Жалал-Абадской области;88;19;49;68;19;47;66;17;23;40;17;19;36
Джалал-Абадская обл.;4170300000000000;Сузакский р-н;41703220000000000;344381;ЦСМ СУЗАКСКОГО РАЙОНА;Центр семейной медицины Сузакского района Жалал-Абадской области;89;7;50;57;7;47;54;5;43;48;5;34;39
Джалал-Абадская обл.;4170300000000000;Сузакский р-н;41703220000000000;344381;ЦСМ СУЗАКСКОГО РАЙОНА;Центр семейной медицины Сузакского района Жалал-Абадской области;90;14;33;47;13;33;46;9;27;36;7;24;31
Джалал-Абадская обл.;4170300000000000;Сузакский р-н;41703220000000000;344381;ЦСМ СУЗАКСКОГО РАЙОНА;Центр семейной медицины Сузакского района Жалал-Абадской области;91;7;20;27;7;19;26;6;22;28;5;22;27
Джалал-Абадская обл.;4170300000000000;Сузакский р-н;41703220000000000;344381;ЦСМ СУЗАКСКОГО РАЙОНА;Центр семейной медицины Сузакского района Жалал-Абадской области;92;4;44;48;4;43;47;1;16;17;1;10;11
Джалал-Абадская обл.;4170300000000000;Сузакский р-н;41703220000000000;344381;ЦСМ СУЗАКСКОГО РАЙОНА;Центр семейной медицины Сузакского района Жалал-Абадской области;93;2;16;18;1;15;16;4;12;16;3;11;14
Джалал-Абадская обл.;4170300000000000;Сузакский р-н;41703220000000000;344381;ЦСМ СУЗАКСКОГО РАЙОНА;Центр семейной медицины Сузакского района Жалал-Абадской области;94;9;41;50;9;39;48;1;17;18;1;16;17
Джалал-Абадская обл.;4170300000000000;Сузакский р-н;41703220000000000;344381;ЦСМ СУЗАКСКОГО РАЙОНА;Центр семейной медицины Сузакского района Жалал-Абадской области;95;5;8;13;5;8;13;3;3;6;3;3;6
Джалал-Абадская обл.;4170300000000000;Сузакский р-н;41703220000000000;344381;ЦСМ СУЗАКСКОГО РАЙОНА;Центр семейной медицины Сузакского района Жалал-Абадской области;96;3;8;11;3;8;11;0;3;3;0;3;3
Джалал-Абадская обл.;4170300000000000;Сузакский р-н;41703220000000000;344381;ЦСМ СУЗАКСКОГО РАЙОНА;Центр семейной медицины Сузакского района Жалал-Абадской области;97;1;11;12;1;11;12;2;2;4;2;2;4
Джалал-Абадская обл.;4170300000000000;Сузакский р-н;41703220000000000;344381;ЦСМ СУЗАКСКОГО РАЙОНА;Центр семейной медицины Сузакского района Жалал-Абадской области;98;2;6;8;2;6;8;0;1;1;0;1;1
Джалал-Абадская обл.;4170300000000000;Сузакский р-н;41703220000000000;344381;ЦСМ СУЗАКСКОГО РАЙОНА;Центр семейной медицины Сузакского района Жалал-Абадской области;99;1;4;5;1;4;5;0;2;2;0;2;2
Джалал-Абадская обл.;4170300000000000;Сузакский р-н;41703220000000000;344381;ЦСМ СУЗАКСКОГО РАЙОНА;Центр семейной медицины Сузакского района Жалал-Абадской области;100;0;3;3;0;3;3;0;3;3;0;3;3
Таласская обл.;4170700000000000;Талас г.;41707215000000000;721671;ЦСМ ТАЛАССКИЙ ОБЛАСТНОЙ;ТАЛАССКИЙ ОБЛАСТНОЙ ЦЕНТР СЕМЕЙНОЙ МЕДИЦИНЫ;0;144;126;270;144;126;270;3573;3166;6739;3573;3166;6739
Таласская обл.;4170700000000000;Талас г.;41707215000000000;721671;ЦСМ ТАЛАССКИЙ ОБЛАСТНОЙ;ТАЛАССКИЙ ОБЛАСТНОЙ ЦЕНТР СЕМЕЙНОЙ МЕДИЦИНЫ;1;354;381;735;354;381;735;1560;1709;3269;1560;1709;3269
Таласская обл.;4170700000000000;Талас г.;41707215000000000;721671;ЦСМ ТАЛАССКИЙ ОБЛАСТНОЙ;ТАЛАССКИЙ ОБЛАСТНОЙ ЦЕНТР СЕМЕЙНОЙ МЕДИЦИНЫ;2;377;377;754;377;377;754;1299;1185;2484;1299;1185;2484
Таласская обл.;4170700000000000;Талас г.;41707215000000000;721671;ЦСМ ТАЛАССКИЙ ОБЛАСТНОЙ;ТАЛАССКИЙ ОБЛАСТНОЙ ЦЕНТР СЕМЕЙНОЙ МЕДИЦИНЫ;3;414;387;801;414;387;801;935;816;1751;935;816;1751
Таласская обл.;4170700000000000;Талас г.;41707215000000000;721671;ЦСМ ТАЛАССКИЙ ОБЛАСТНОЙ;ТАЛАССКИЙ ОБЛАСТНОЙ ЦЕНТР СЕМЕЙНОЙ МЕДИЦИНЫ;4;426;422;848;426;422;848;763;696;1459;763;696;1459
Таласская обл.;4170700000000000;Талас г.;41707215000000000;721671;ЦСМ ТАЛАССКИЙ ОБЛАСТНОЙ;ТАЛАССКИЙ ОБЛАСТНОЙ ЦЕНТР СЕМЕЙНОЙ МЕДИЦИНЫ;5;440;443;883;440;443;883;709;666;1375;709;666;1375
Таласская обл.;4170700000000000;Талас г.;41707215000000000;721671;ЦСМ ТАЛАССКИЙ ОБЛАСТНОЙ;ТАЛАССКИЙ ОБЛАСТНОЙ ЦЕНТР СЕМЕЙНОЙ МЕДИЦИНЫ;6;413;507;920;413;507;920;980;920;1900;980;920;1900
Таласская обл.;4170700000000000;Талас г.;41707215000000000;721671;ЦСМ ТАЛАССКИЙ ОБЛАСТНОЙ;ТАЛАССКИЙ ОБЛАСТНОЙ ЦЕНТР СЕМЕЙНОЙ МЕДИЦИНЫ;7;402;426;828;402;426;828;310;292;602;310;292;602
Таласская обл.;4170700000000000;Талас г.;41707215000000000;721671;ЦСМ ТАЛАССКИЙ ОБЛАСТНОЙ;ТАЛАССКИЙ ОБЛАСТНОЙ ЦЕНТР СЕМЕЙНОЙ МЕДИЦИНЫ;8;369;511;880;369;511;880;217;240;457;217;240;457
Таласская обл.;4170700000000000;Талас г.;41707215000000000;721671;ЦСМ ТАЛАССКИЙ ОБЛАСТНОЙ;ТАЛАССКИЙ ОБЛАСТНОЙ ЦЕНТР СЕМЕЙНОЙ МЕДИЦИНЫ;9;413;520;933;413;520;933;198;208;406;198;208;406
Таласская обл.;4170700000000000;Талас г.;41707215000000000;721671;ЦСМ ТАЛАССКИЙ ОБЛАСТНОЙ;ТАЛАССКИЙ ОБЛАСТНОЙ ЦЕНТР СЕМЕЙНОЙ МЕДИЦИНЫ;10;414;521;935;414;521;935;197;189;386;197;189;386
Таласская обл.;4170700000000000;Талас г.;41707215000000000;721671;ЦСМ ТАЛАССКИЙ ОБЛАСТНОЙ;ТАЛАССКИЙ ОБЛАСТНОЙ ЦЕНТР СЕМЕЙНОЙ МЕДИЦИНЫ;11;413;479;892;413;479;892;244;198;442;244;198;442
Таласская обл.;4170700000000000;Талас г.;41707215000000000;721671;ЦСМ ТАЛАССКИЙ ОБЛАСТНОЙ;ТАЛАССКИЙ ОБЛАСТНОЙ ЦЕНТР СЕМЕЙНОЙ МЕДИЦИНЫ;12;394;477;871;394;477;871;175;170;345;175;170;345
Таласская обл.;4170700000000000;Талас г.;41707215000000000;721671;ЦСМ ТАЛАССКИЙ ОБЛАСТНОЙ;ТАЛАССКИЙ ОБЛАСТНОЙ ЦЕНТР СЕМЕЙНОЙ МЕДИЦИНЫ;13;412;506;918;412;506;918;252;206;458;252;206;458
Таласская обл.;4170700000000000;Талас г.;41707215000000000;721671;ЦСМ ТАЛАССКИЙ ОБЛАСТНОЙ;ТАЛАССКИЙ ОБЛАСТНОЙ ЦЕНТР СЕМЕЙНОЙ МЕДИЦИНЫ;14;427;561;988;427;561;988;282;350;632;282;350;632
Таласская обл.;4170700000000000;Талас г.;41707215000000000;721671;ЦСМ ТАЛАССКИЙ ОБЛАСТНОЙ;ТАЛАССКИЙ ОБЛАСТНОЙ ЦЕНТР СЕМЕЙНОЙ МЕДИЦИНЫ;15;447;509;956;447;509;956;704;341;1045;704;341;1045
Таласская обл.;4170700000000000;Талас г.;41707215000000000;721671;ЦСМ ТАЛАССКИЙ ОБЛАСТНОЙ;ТАЛАССКИЙ ОБЛАСТНОЙ ЦЕНТР СЕМЕЙНОЙ МЕДИЦИНЫ;16;438;476;914;438;476;914;336;267;603;327;259;586
Таласская обл.;4170700000000000;Талас г.;41707215000000000;721671;ЦСМ ТАЛАССКИЙ ОБЛАСТНОЙ;ТАЛАССКИЙ ОБЛАСТНОЙ ЦЕНТР СЕМЕЙНОЙ МЕДИЦИНЫ;17;380;477;857;366;462;828;363;421;784;323;395;718
Таласская обл.;4170700000000000;Талас г.;41707215000000000;721671;ЦСМ ТАЛАССКИЙ ОБЛАСТНОЙ;ТАЛАССКИЙ ОБЛАСТНОЙ ЦЕНТР СЕМЕЙНОЙ МЕДИЦИНЫ;18;299;343;642;284;327;611;283;559;842;206;414;620
Таласская обл.;4170700000000000;Талас г.;41707215000000000;721671;ЦСМ ТАЛАССКИЙ ОБЛАСТНОЙ;ТАЛАССКИЙ ОБЛАСТНОЙ ЦЕНТР СЕМЕЙНОЙ МЕДИЦИНЫ;19;278;273;551;55;85;140;219;600;819;34;205;239
Таласская обл.;4170700000000000;Талас г.;41707215000000000;721671;ЦСМ ТАЛАССКИЙ ОБЛАСТНОЙ;ТАЛАССКИЙ ОБЛАСТНОЙ ЦЕНТР СЕМЕЙНОЙ МЕДИЦИНЫ;20;290;289;579;9;43;52;151;715;866;6;292;298
Таласская обл.;4170700000000000;Талас г.;41707215000000000;721671;ЦСМ ТАЛАССКИЙ ОБЛАСТНОЙ;ТАЛАССКИЙ ОБЛАСТНОЙ ЦЕНТР СЕМЕЙНОЙ МЕДИЦИНЫ;21;242;272;514;11;64;75;125;690;815;26;334;360
Таласская обл.;4170700000000000;Талас г.;41707215000000000;721671;ЦСМ ТАЛАССКИЙ ОБЛАСТНОЙ;ТАЛАССКИЙ ОБЛАСТНОЙ ЦЕНТР СЕМЕЙНОЙ МЕДИЦИНЫ;22;222;246;468;19;75;94;125;800;925;37;380;417
Таласская обл.;4170700000000000;Талас г.;41707215000000000;721671;ЦСМ ТАЛАССКИЙ ОБЛАСТНОЙ;ТАЛАССКИЙ ОБЛАСТНОЙ ЦЕНТР СЕМЕЙНОЙ МЕДИЦИНЫ;23;215;255;470;22;99;121;82;765;847;17;512;529
Таласская обл.;4170700000000000;Талас г.;41707215000000000;721671;ЦСМ ТАЛАССКИЙ ОБЛАСТНОЙ;ТАЛАССКИЙ ОБЛАСТНОЙ ЦЕНТР СЕМЕЙНОЙ МЕДИЦИНЫ;24;221;298;519;37;129;166;129;912;1041;44;583;627
Таласская обл.;4170700000000000;Талас г.;41707215000000000;721671;ЦСМ ТАЛАССКИЙ ОБЛАСТНОЙ;ТАЛАССКИЙ ОБЛАСТНОЙ ЦЕНТР СЕМЕЙНОЙ МЕДИЦИНЫ;25;222;303;525;47;122;169;173;734;907;71;474;545
Таласская обл.;4170700000000000;Талас г.;41707215000000000;721671;ЦСМ ТАЛАССКИЙ ОБЛАСТНОЙ;ТАЛАССКИЙ ОБЛАСТНОЙ ЦЕНТР СЕМЕЙНОЙ МЕДИЦИНЫ;26;229;303;532;64;146;210;112;711;823;32;496;528
Таласская обл.;4170700000000000;Талас г.;41707215000000000;721671;ЦСМ ТАЛАССКИЙ ОБЛАСТНОЙ;ТАЛАССКИЙ ОБЛАСТНОЙ ЦЕНТР СЕМЕЙНОЙ МЕДИЦИНЫ;27;221;267;488;89;153;242;143;979;1122;69;718;787
Таласская обл.;4170700000000000;Талас г.;41707215000000000;721671;ЦСМ ТАЛАССКИЙ ОБЛАСТНОЙ;ТАЛАССКИЙ ОБЛАСТНОЙ ЦЕНТР СЕМЕЙНОЙ МЕДИЦИНЫ;28;236;289;525;92;174;266;140;757;897;58;576;634
Таласская обл.;4170700000000000;Талас г.;41707215000000000;721671;ЦСМ ТАЛАССКИЙ ОБЛАСТНОЙ;ТАЛАССКИЙ ОБЛАСТНОЙ ЦЕНТР СЕМЕЙНОЙ МЕДИЦИНЫ;29;261;292;553;117;203;320;153;899;1052;71;747;818
Таласская обл.;4170700000000000;Талас г.;41707215000000000;721671;ЦСМ ТАЛАССКИЙ ОБЛАСТНОЙ;ТАЛАССКИЙ ОБЛАСТНОЙ ЦЕНТР СЕМЕЙНОЙ МЕДИЦИНЫ;30;264;326;590;124;229;353;182;1051;1233;112;841;953
Таласская обл.;4170700000000000;Талас г.;41707215000000000;721671;ЦСМ ТАЛАССКИЙ ОБЛАСТНОЙ;ТАЛАССКИЙ ОБЛАСТНОЙ ЦЕНТР СЕМЕЙНОЙ МЕДИЦИНЫ;31;288;312;600;158;220;378;182;932;1114;115;748;863
Таласская обл.;4170700000000000;Талас г.;41707215000000000;721671;ЦСМ ТАЛАССКИЙ ОБЛАСТНОЙ;ТАЛАССКИЙ ОБЛАСТНОЙ ЦЕНТР СЕМЕЙНОЙ МЕДИЦИНЫ;32;257;298;555;151;230;381;212;877;1089;128;775;903
Таласская обл.;4170700000000000;Талас г.;41707215000000000;721671;ЦСМ ТАЛАССКИЙ ОБЛАСТНОЙ;ТАЛАССКИЙ ОБЛАСТНОЙ ЦЕНТР СЕМЕЙНОЙ МЕДИЦИНЫ;33;271;322;593;162;245;407;216;935;1151;131;748;879
Таласская обл.;4170700000000000;Талас г.;41707215000000000;721671;ЦСМ ТАЛАССКИЙ ОБЛАСТНОЙ;ТАЛАССКИЙ ОБЛАСТНОЙ ЦЕНТР СЕМЕЙНОЙ МЕДИЦИНЫ;34;244;318;562;143;242;385;273;1018;1291;198;825;1023
Таласская обл.;4170700000000000;Талас г.;41707215000000000;721671;ЦСМ ТАЛАССКИЙ ОБЛАСТНОЙ;ТАЛАССКИЙ ОБЛАСТНОЙ ЦЕНТР СЕМЕЙНОЙ МЕДИЦИНЫ;35;271;310;581;178;237;415;235;966;1201;175;811;986
Таласская обл.;4170700000000000;Талас г.;41707215000000000;721671;ЦСМ ТАЛАССКИЙ ОБЛАСТНОЙ;ТАЛАССКИЙ ОБЛАСТНОЙ ЦЕНТР СЕМЕЙНОЙ МЕДИЦИНЫ;36;275;300;575;174;243;417;237;961;1198;181;759;940
Таласская обл.;4170700000000000;Талас г.;41707215000000000;721671;ЦСМ ТАЛАССКИЙ ОБЛАСТНОЙ;ТАЛАССКИЙ ОБЛАСТНОЙ ЦЕНТР СЕМЕЙНОЙ МЕДИЦИНЫ;37;266;317;583;161;237;398;218;627;845;169;500;669
Таласская обл.;4170700000000000;Талас г.;41707215000000000;721671;ЦСМ ТАЛАССКИЙ ОБЛАСТНОЙ;ТАЛАССКИЙ ОБЛАСТНОЙ ЦЕНТР СЕМЕЙНОЙ МЕДИЦИНЫ;38;241;278;519;167;203;370;188;670;858;128;582;710
Таласская обл.;4170700000000000;Талас г.;41707215000000000;721671;ЦСМ ТАЛАССКИЙ ОБЛАСТНОЙ;ТАЛАССКИЙ ОБЛАСТНОЙ ЦЕНТР СЕМЕЙНОЙ МЕДИЦИНЫ;39;230;281;511;137;231;368;189;635;824;121;550;671
Таласская обл.;4170700000000000;Талас г.;41707215000000000;721671;ЦСМ ТАЛАССКИЙ ОБЛАСТНОЙ;ТАЛАССКИЙ ОБЛАСТНОЙ ЦЕНТР СЕМЕЙНОЙ МЕДИЦИНЫ;40;226;290;516;150;234;384;204;503;707;157;413;570
Таласская обл.;4170700000000000;Талас г.;41707215000000000;721671;ЦСМ ТАЛАССКИЙ ОБЛАСТНОЙ;ТАЛАССКИЙ ОБЛАСТНОЙ ЦЕНТР СЕМЕЙНОЙ МЕДИЦИНЫ;41;225;235;460;150;180;330;184;379;563;136;315;451
Таласская обл.;4170700000000000;Талас г.;41707215000000000;721671;ЦСМ ТАЛАССКИЙ ОБЛАСТНОЙ;ТАЛАССКИЙ ОБЛАСТНОЙ ЦЕНТР СЕМЕЙНОЙ МЕДИЦИНЫ;42;222;244;466;140;185;325;182;363;545;129;295;424
Таласская обл.;4170700000000000;Талас г.;41707215000000000;721671;ЦСМ ТАЛАССКИЙ ОБЛАСТНОЙ;ТАЛАССКИЙ ОБЛАСТНОЙ ЦЕНТР СЕМЕЙНОЙ МЕДИЦИНЫ;43;211;215;426;134;161;295;146;315;461;110;268;378
Таласская обл.;4170700000000000;Талас г.;41707215000000000;721671;ЦСМ ТАЛАССКИЙ ОБЛАСТНОЙ;ТАЛАССКИЙ ОБЛАСТНОЙ ЦЕНТР СЕМЕЙНОЙ МЕДИЦИНЫ;44;169;191;360;116;144;260;139;293;432;102;214;316
Таласская обл.;4170700000000000;Талас г.;41707215000000000;721671;ЦСМ ТАЛАССКИЙ ОБЛАСТНОЙ;ТАЛАССКИЙ ОБЛАСТНОЙ ЦЕНТР СЕМЕЙНОЙ МЕДИЦИНЫ;45;174;224;398;118;151;269;196;370;566;162;302;464
Таласская обл.;4170700000000000;Талас г.;41707215000000000;721671;ЦСМ ТАЛАССКИЙ ОБЛАСТНОЙ;ТАЛАССКИЙ ОБЛАСТНОЙ ЦЕНТР СЕМЕЙНОЙ МЕДИЦИНЫ;46;173;208;381;111;159;270;165;401;566;143;321;464
Таласская обл.;4170700000000000;Талас г.;41707215000000000;721671;ЦСМ ТАЛАССКИЙ ОБЛАСТНОЙ;ТАЛАССКИЙ ОБЛАСТНОЙ ЦЕНТР СЕМЕЙНОЙ МЕДИЦИНЫ;47;160;207;367;118;147;265;168;349;517;123;300;423
Таласская обл.;4170700000000000;Талас г.;41707215000000000;721671;ЦСМ ТАЛАССКИЙ ОБЛАСТНОЙ;ТАЛАССКИЙ ОБЛАСТНОЙ ЦЕНТР СЕМЕЙНОЙ МЕДИЦИНЫ;48;166;195;361;104;146;250;132;384;516;84;328;412
Таласская обл.;4170700000000000;Талас г.;41707215000000000;721671;ЦСМ ТАЛАССКИЙ ОБЛАСТНОЙ;ТАЛАССКИЙ ОБЛАСТНОЙ ЦЕНТР СЕМЕЙНОЙ МЕДИЦИНЫ;49;185;187;372;114;126;240;198;324;522;153;269;422
Таласская обл.;4170700000000000;Талас г.;41707215000000000;721671;ЦСМ ТАЛАССКИЙ ОБЛАСТНОЙ;ТАЛАССКИЙ ОБЛАСТНОЙ ЦЕНТР СЕМЕЙНОЙ МЕДИЦИНЫ;50;154;199;353;111;131;242;151;289;440;129;212;341
Таласская обл.;4170700000000000;Талас г.;41707215000000000;721671;ЦСМ ТАЛАССКИЙ ОБЛАСТНОЙ;ТАЛАССКИЙ ОБЛАСТНОЙ ЦЕНТР СЕМЕЙНОЙ МЕДИЦИНЫ;51;143;192;335;93;131;224;227;336;563;188;254;442
Таласская обл.;4170700000000000;Талас г.;41707215000000000;721671;ЦСМ ТАЛАССКИЙ ОБЛАСТНОЙ;ТАЛАССКИЙ ОБЛАСТНОЙ ЦЕНТР СЕМЕЙНОЙ МЕДИЦИНЫ;52;153;193;346;100;130;230;170;423;593;109;341;450
Таласская обл.;4170700000000000;Талас г.;41707215000000000;721671;ЦСМ ТАЛАССКИЙ ОБЛАСТНОЙ;ТАЛАССКИЙ ОБЛАСТНОЙ ЦЕНТР СЕМЕЙНОЙ МЕДИЦИНЫ;53;160;167;327;97;113;210;185;309;494;149;236;385
Таласская обл.;4170700000000000;Талас г.;41707215000000000;721671;ЦСМ ТАЛАССКИЙ ОБЛАСТНОЙ;ТАЛАССКИЙ ОБЛАСТНОЙ ЦЕНТР СЕМЕЙНОЙ МЕДИЦИНЫ;54;126;179;305;77;117;194;229;334;563;145;265;410
Таласская обл.;4170700000000000;Талас г.;41707215000000000;721671;ЦСМ ТАЛАССКИЙ ОБЛАСТНОЙ;ТАЛАССКИЙ ОБЛАСТНОЙ ЦЕНТР СЕМЕЙНОЙ МЕДИЦИНЫ;55;138;178;316;90;126;216;198;486;684;140;360;500
Таласская обл.;4170700000000000;Талас г.;41707215000000000;721671;ЦСМ ТАЛАССКИЙ ОБЛАСТНОЙ;ТАЛАССКИЙ ОБЛАСТНОЙ ЦЕНТР СЕМЕЙНОЙ МЕДИЦИНЫ;56;141;219;360;100;158;258;242;500;742;158;409;567
Таласская обл.;4170700000000000;Талас г.;41707215000000000;721671;ЦСМ ТАЛАССКИЙ ОБЛАСТНОЙ;ТАЛАССКИЙ ОБЛАСТНОЙ ЦЕНТР СЕМЕЙНОЙ МЕДИЦИНЫ;57;142;195;337;102;153;255;198;411;609;159;322;481
Таласская обл.;4170700000000000;Талас г.;41707215000000000;721671;ЦСМ ТАЛАССКИЙ ОБЛАСТНОЙ;ТАЛАССКИЙ ОБЛАСТНОЙ ЦЕНТР СЕМЕЙНОЙ МЕДИЦИНЫ;58;127;171;298;87;147;234;228;404;632;197;341;538
Таласская обл.;4170700000000000;Талас г.;41707215000000000;721671;ЦСМ ТАЛАССКИЙ ОБЛАСТНОЙ;ТАЛАССКИЙ ОБЛАСТНОЙ ЦЕНТР СЕМЕЙНОЙ МЕДИЦИНЫ;59;131;174;305;99;148;247;232;366;598;190;326;516
Таласская обл.;4170700000000000;Талас г.;41707215000000000;721671;ЦСМ ТАЛАССКИЙ ОБЛАСТНОЙ;ТАЛАССКИЙ ОБЛАСТНОЙ ЦЕНТР СЕМЕЙНОЙ МЕДИЦИНЫ;60;130;175;305;102;154;256;235;522;757;211;504;715
Таласская обл.;4170700000000000;Талас г.;41707215000000000;721671;ЦСМ ТАЛАССКИЙ ОБЛАСТНОЙ;ТАЛАССКИЙ ОБЛАСТНОЙ ЦЕНТР СЕМЕЙНОЙ МЕДИЦИНЫ;61;146;194;340;125;177;302;242;503;745;220;464;684
Таласская обл.;4170700000000000;Талас г.;41707215000000000;721671;ЦСМ ТАЛАССКИЙ ОБЛАСТНОЙ;ТАЛАССКИЙ ОБЛАСТНОЙ ЦЕНТР СЕМЕЙНОЙ МЕДИЦИНЫ;62;128;175;303;106;167;273;228;475;703;200;460;660
Таласская обл.;4170700000000000;Талас г.;41707215000000000;721671;ЦСМ ТАЛАССКИЙ ОБЛАСТНОЙ;ТАЛАССКИЙ ОБЛАСТНОЙ ЦЕНТР СЕМЕЙНОЙ МЕДИЦИНЫ;63;127;177;304;119;168;287;278;474;752;267;452;719
Таласская обл.;4170700000000000;Талас г.;41707215000000000;721671;ЦСМ ТАЛАССКИЙ ОБЛАСТНОЙ;ТАЛАССКИЙ ОБЛАСТНОЙ ЦЕНТР СЕМЕЙНОЙ МЕДИЦИНЫ;64;119;185;304;106;180;286;232;506;738;218;493;711
Таласская обл.;4170700000000000;Талас г.;41707215000000000;721671;ЦСМ ТАЛАССКИЙ ОБЛАСТНОЙ;ТАЛАССКИЙ ОБЛАСТНОЙ ЦЕНТР СЕМЕЙНОЙ МЕДИЦИНЫ;65;108;175;283;101;172;273;239;433;672;218;429;647
Таласская обл.;4170700000000000;Талас г.;41707215000000000;721671;ЦСМ ТАЛАССКИЙ ОБЛАСТНОЙ;ТАЛАССКИЙ ОБЛАСТНОЙ ЦЕНТР СЕМЕЙНОЙ МЕДИЦИНЫ;66;113;141;254;109;138;247;154;371;525;151;363;514
Таласская обл.;4170700000000000;Талас г.;41707215000000000;721671;ЦСМ ТАЛАССКИЙ ОБЛАСТНОЙ;ТАЛАССКИЙ ОБЛАСТНОЙ ЦЕНТР СЕМЕЙНОЙ МЕДИЦИНЫ;67;86;145;231;81;142;223;150;283;433;138;276;414
Таласская обл.;4170700000000000;Талас г.;41707215000000000;721671;ЦСМ ТАЛАССКИЙ ОБЛАСТНОЙ;ТАЛАССКИЙ ОБЛАСТНОЙ ЦЕНТР СЕМЕЙНОЙ МЕДИЦИНЫ;68;65;115;180;63;114;177;100;291;391;94;269;363
Таласская обл.;4170700000000000;Талас г.;41707215000000000;721671;ЦСМ ТАЛАССКИЙ ОБЛАСТНОЙ;ТАЛАССКИЙ ОБЛАСТНОЙ ЦЕНТР СЕМЕЙНОЙ МЕДИЦИНЫ;69;81;124;205;80;122;202;196;397;593;192;389;581
Таласская обл.;4170700000000000;Талас г.;41707215000000000;721671;ЦСМ ТАЛАССКИЙ ОБЛАСТНОЙ;ТАЛАССКИЙ ОБЛАСТНОЙ ЦЕНТР СЕМЕЙНОЙ МЕДИЦИНЫ;70;74;110;184;72;109;181;139;280;419;139;274;413
Таласская обл.;4170700000000000;Талас г.;41707215000000000;721671;ЦСМ ТАЛАССКИЙ ОБЛАСТНОЙ;ТАЛАССКИЙ ОБЛАСТНОЙ ЦЕНТР СЕМЕЙНОЙ МЕДИЦИНЫ;71;43;108;151;43;107;150;84;242;326;81;234;315
Таласская обл.;4170700000000000;Талас г.;41707215000000000;721671;ЦСМ ТАЛАССКИЙ ОБЛАСТНОЙ;ТАЛАССКИЙ ОБЛАСТНОЙ ЦЕНТР СЕМЕЙНОЙ МЕДИЦИНЫ;72;48;84;132;47;84;131;91;216;307;90;212;302
Таласская обл.;4170700000000000;Талас г.;41707215000000000;721671;ЦСМ ТАЛАССКИЙ ОБЛАСТНОЙ;ТАЛАССКИЙ ОБЛАСТНОЙ ЦЕНТР СЕМЕЙНОЙ МЕДИЦИНЫ;73;62;75;137;62;74;136;158;183;341;151;178;329
Таласская обл.;4170700000000000;Талас г.;41707215000000000;721671;ЦСМ ТАЛАССКИЙ ОБЛАСТНОЙ;ТАЛАССКИЙ ОБЛАСТНОЙ ЦЕНТР СЕМЕЙНОЙ МЕДИЦИНЫ;74;56;78;134;56;78;134;55;160;215;55;160;215
Таласская обл.;4170700000000000;Талас г.;41707215000000000;721671;ЦСМ ТАЛАССКИЙ ОБЛАСТНОЙ;ТАЛАССКИЙ ОБЛАСТНОЙ ЦЕНТР СЕМЕЙНОЙ МЕДИЦИНЫ;75;33;54;87;33;54;87;66;126;192;63;126;189
Таласская обл.;4170700000000000;Талас г.;41707215000000000;721671;ЦСМ ТАЛАССКИЙ ОБЛАСТНОЙ;ТАЛАССКИЙ ОБЛАСТНОЙ ЦЕНТР СЕМЕЙНОЙ МЕДИЦИНЫ;76;34;65;99;33;65;98;69;112;181;64;108;172
Таласская обл.;4170700000000000;Талас г.;41707215000000000;721671;ЦСМ ТАЛАССКИЙ ОБЛАСТНОЙ;ТАЛАССКИЙ ОБЛАСТНОЙ ЦЕНТР СЕМЕЙНОЙ МЕДИЦИНЫ;77;36;54;90;35;52;87;78;138;216;78;133;211
Таласская обл.;4170700000000000;Талас г.;41707215000000000;721671;ЦСМ ТАЛАССКИЙ ОБЛАСТНОЙ;ТАЛАССКИЙ ОБЛАСТНОЙ ЦЕНТР СЕМЕЙНОЙ МЕДИЦИНЫ;78;19;41;60;19;41;60;42;34;76;42;34;76
Таласская обл.;4170700000000000;Талас г.;41707215000000000;721671;ЦСМ ТАЛАССКИЙ ОБЛАСТНОЙ;ТАЛАССКИЙ ОБЛАСТНОЙ ЦЕНТР СЕМЕЙНОЙ МЕДИЦИНЫ;79;8;17;25;8;17;25;6;20;26;5;20;25
Таласская обл.;4170700000000000;Талас г.;41707215000000000;721671;ЦСМ ТАЛАССКИЙ ОБЛАСТНОЙ;ТАЛАССКИЙ ОБЛАСТНОЙ ЦЕНТР СЕМЕЙНОЙ МЕДИЦИНЫ;80;5;17;22;4;17;21;12;10;22;9;10;19
Таласская обл.;4170700000000000;Талас г.;41707215000000000;721671;ЦСМ ТАЛАССКИЙ ОБЛАСТНОЙ;ТАЛАССКИЙ ОБЛАСТНОЙ ЦЕНТР СЕМЕЙНОЙ МЕДИЦИНЫ;81;12;19;31;12;19;31;24;35;59;24;35;59
Таласская обл.;4170700000000000;Талас г.;41707215000000000;721671;ЦСМ ТАЛАССКИЙ ОБЛАСТНОЙ;ТАЛАССКИЙ ОБЛАСТНОЙ ЦЕНТР СЕМЕЙНОЙ МЕДИЦИНЫ;82;15;26;41;15;26;41;22;22;44;22;22;44
Таласская обл.;4170700000000000;Талас г.;41707215000000000;721671;ЦСМ ТАЛАССКИЙ ОБЛАСТНОЙ;ТАЛАССКИЙ ОБЛАСТНОЙ ЦЕНТР СЕМЕЙНОЙ МЕДИЦИНЫ;83;13;23;36;13;23;36;13;16;29;13;16;29
Таласская обл.;4170700000000000;Талас г.;41707215000000000;721671;ЦСМ ТАЛАССКИЙ ОБЛАСТНОЙ;ТАЛАССКИЙ ОБЛАСТНОЙ ЦЕНТР СЕМЕЙНОЙ МЕДИЦИНЫ;84;10;22;32;10;22;32;22;21;43;21;21;42
Таласская обл.;4170700000000000;Талас г.;41707215000000000;721671;ЦСМ ТАЛАССКИЙ ОБЛАСТНОЙ;ТАЛАССКИЙ ОБЛАСТНОЙ ЦЕНТР СЕМЕЙНОЙ МЕДИЦИНЫ;85;12;23;35;12;23;35;19;14;33;19;14;33
Таласская обл.;4170700000000000;Талас г.;41707215000000000;721671;ЦСМ ТАЛАССКИЙ ОБЛАСТНОЙ;ТАЛАССКИЙ ОБЛАСТНОЙ ЦЕНТР СЕМЕЙНОЙ МЕДИЦИНЫ;86;7;24;31;7;24;31;3;18;21;3;18;21
Таласская обл.;4170700000000000;Талас г.;41707215000000000;721671;ЦСМ ТАЛАССКИЙ ОБЛАСТНОЙ;ТАЛАССКИЙ ОБЛАСТНОЙ ЦЕНТР СЕМЕЙНОЙ МЕДИЦИНЫ;87;8;17;25;8;17;25;5;18;23;5;18;23
Таласская обл.;4170700000000000;Талас г.;41707215000000000;721671;ЦСМ ТАЛАССКИЙ ОБЛАСТНОЙ;ТАЛАССКИЙ ОБЛАСТНОЙ ЦЕНТР СЕМЕЙНОЙ МЕДИЦИНЫ;88;8;11;19;8;11;19;22;6;28;22;4;26
Таласская обл.;4170700000000000;Талас г.;41707215000000000;721671;ЦСМ ТАЛАССКИЙ ОБЛАСТНОЙ;ТАЛАССКИЙ ОБЛАСТНОЙ ЦЕНТР СЕМЕЙНОЙ МЕДИЦИНЫ;89;5;8;13;5;8;13;2;0;2;2;0;2
Таласская обл.;4170700000000000;Талас г.;41707215000000000;721671;ЦСМ ТАЛАССКИЙ ОБЛАСТНОЙ;ТАЛАССКИЙ ОБЛАСТНОЙ ЦЕНТР СЕМЕЙНОЙ МЕДИЦИНЫ;90;2;8;10;2;8;10;1;8;9;1;8;9
Таласская обл.;4170700000000000;Талас г.;41707215000000000;721671;ЦСМ ТАЛАССКИЙ ОБЛАСТНОЙ;ТАЛАССКИЙ ОБЛАСТНОЙ ЦЕНТР СЕМЕЙНОЙ МЕДИЦИНЫ;91;2;8;10;2;8;10;0;4;4;0;4;4
Таласская обл.;4170700000000000;Талас г.;41707215000000000;721671;ЦСМ ТАЛАССКИЙ ОБЛАСТНОЙ;ТАЛАССКИЙ ОБЛАСТНОЙ ЦЕНТР СЕМЕЙНОЙ МЕДИЦИНЫ;92;3;11;14;3;11;14;0;2;2;0;2;2
Таласская обл.;4170700000000000;Талас г.;41707215000000000;721671;ЦСМ ТАЛАССКИЙ ОБЛАСТНОЙ;ТАЛАССКИЙ ОБЛАСТНОЙ ЦЕНТР СЕМЕЙНОЙ МЕДИЦИНЫ;93;4;2;6;4;2;6;3;1;4;3;0;3
Таласская обл.;4170700000000000;Талас г.;41707215000000000;721671;ЦСМ ТАЛАССКИЙ ОБЛАСТНОЙ;ТАЛАССКИЙ ОБЛАСТНОЙ ЦЕНТР СЕМЕЙНОЙ МЕДИЦИНЫ;94;2;4;6;1;4;5;2;0;2;1;0;1
Таласская обл.;4170700000000000;Талас г.;41707215000000000;721671;ЦСМ ТАЛАССКИЙ ОБЛАСТНОЙ;ТАЛАССКИЙ ОБЛАСТНОЙ ЦЕНТР СЕМЕЙНОЙ МЕДИЦИНЫ;98;0;1;1;0;1;1;0;2;2;0;2;2
Иссык-Кульская обл.;4170200000000000;Каракол г.;41702410000000000;205321;ЫСЫККУЛЬСКИЙ ОБЛАСТНОЙ ЦСМ;ЫСЫККУЛЬСКИЙ ОБЛАСТНОЙ ЦЕНТР СЕМЕЙНОЙ МЕДИЦИНЫ;0;383;406;789;383;406;789;7989;7641;15630;7989;7641;15630
Иссык-Кульская обл.;4170200000000000;Каракол г.;41702410000000000;205321;ЫСЫККУЛЬСКИЙ ОБЛАСТНОЙ ЦСМ;ЫСЫККУЛЬСКИЙ ОБЛАСТНОЙ ЦЕНТР СЕМЕЙНОЙ МЕДИЦИНЫ;1;808;754;1562;808;754;1562;4890;4719;9609;4890;4719;9609
Иссык-Кульская обл.;4170200000000000;Каракол г.;41702410000000000;205321;ЫСЫККУЛЬСКИЙ ОБЛАСТНОЙ ЦСМ;ЫСЫККУЛЬСКИЙ ОБЛАСТНОЙ ЦЕНТР СЕМЕЙНОЙ МЕДИЦИНЫ;2;838;828;1666;838;828;1666;3810;3807;7617;3810;3807;7617
Иссык-Кульская обл.;4170200000000000;Каракол г.;41702410000000000;205321;ЫСЫККУЛЬСКИЙ ОБЛАСТНОЙ ЦСМ;ЫСЫККУЛЬСКИЙ ОБЛАСТНОЙ ЦЕНТР СЕМЕЙНОЙ МЕДИЦИНЫ;3;892;866;1758;892;866;1758;3141;2919;6060;3141;2919;6060
Иссык-Кульская обл.;4170200000000000;Каракол г.;41702410000000000;205321;ЫСЫККУЛЬСКИЙ ОБЛАСТНОЙ ЦСМ;ЫСЫККУЛЬСКИЙ ОБЛАСТНОЙ ЦЕНТР СЕМЕЙНОЙ МЕДИЦИНЫ;4;890;914;1804;890;914;1804;2840;2730;5570;2840;2730;5570
Иссык-Кульская обл.;4170200000000000;Каракол г.;41702410000000000;205321;ЫСЫККУЛЬСКИЙ ОБЛАСТНОЙ ЦСМ;ЫСЫККУЛЬСКИЙ ОБЛАСТНОЙ ЦЕНТР СЕМЕЙНОЙ МЕДИЦИНЫ;5;906;879;1785;906;879;1785;2737;2532;5269;2737;2532;5269
Иссык-Кульская обл.;4170200000000000;Каракол г.;41702410000000000;205321;ЫСЫККУЛЬСКИЙ ОБЛАСТНОЙ ЦСМ;ЫСЫККУЛЬСКИЙ ОБЛАСТНОЙ ЦЕНТР СЕМЕЙНОЙ МЕДИЦИНЫ;6;855;1056;1911;855;1056;1911;2352;2125;4477;2352;2125;4477
Иссык-Кульская обл.;4170200000000000;Каракол г.;41702410000000000;205321;ЫСЫККУЛЬСКИЙ ОБЛАСТНОЙ ЦСМ;ЫСЫККУЛЬСКИЙ ОБЛАСТНОЙ ЦЕНТР СЕМЕЙНОЙ МЕДИЦИНЫ;7;913;1019;1932;913;1019;1932;1263;995;2258;1263;995;2258
Иссык-Кульская обл.;4170200000000000;Каракол г.;41702410000000000;205321;ЫСЫККУЛЬСКИЙ ОБЛАСТНОЙ ЦСМ;ЫСЫККУЛЬСКИЙ ОБЛАСТНОЙ ЦЕНТР СЕМЕЙНОЙ МЕДИЦИНЫ;8;877;1111;1988;877;1111;1988;757;605;1362;757;605;1362
Иссык-Кульская обл.;4170200000000000;Каракол г.;41702410000000000;205321;ЫСЫККУЛЬСКИЙ ОБЛАСТНОЙ ЦСМ;ЫСЫККУЛЬСКИЙ ОБЛАСТНОЙ ЦЕНТР СЕМЕЙНОЙ МЕДИЦИНЫ;9;881;1082;1963;881;1082;1963;640;670;1310;640;670;1310
Иссык-Кульская обл.;4170200000000000;Каракол г.;41702410000000000;205321;ЫСЫККУЛЬСКИЙ ОБЛАСТНОЙ ЦСМ;ЫСЫККУЛЬСКИЙ ОБЛАСТНОЙ ЦЕНТР СЕМЕЙНОЙ МЕДИЦИНЫ;10;816;1027;1843;816;1027;1843;594;479;1073;594;479;1073
Иссык-Кульская обл.;4170200000000000;Каракол г.;41702410000000000;205321;ЫСЫККУЛЬСКИЙ ОБЛАСТНОЙ ЦСМ;ЫСЫККУЛЬСКИЙ ОБЛАСТНОЙ ЦЕНТР СЕМЕЙНОЙ МЕДИЦИНЫ;11;757;1035;1792;757;1035;1792;559;492;1051;559;492;1051
Иссык-Кульская обл.;4170200000000000;Каракол г.;41702410000000000;205321;ЫСЫККУЛЬСКИЙ ОБЛАСТНОЙ ЦСМ;ЫСЫККУЛЬСКИЙ ОБЛАСТНОЙ ЦЕНТР СЕМЕЙНОЙ МЕДИЦИНЫ;12;769;1113;1882;769;1113;1882;577;437;1014;577;437;1014
Иссык-Кульская обл.;4170200000000000;Каракол г.;41702410000000000;205321;ЫСЫККУЛЬСКИЙ ОБЛАСТНОЙ ЦСМ;ЫСЫККУЛЬСКИЙ ОБЛАСТНОЙ ЦЕНТР СЕМЕЙНОЙ МЕДИЦИНЫ;13;698;1080;1778;698;1080;1778;528;599;1127;528;599;1127
Иссык-Кульская обл.;4170200000000000;Каракол г.;41702410000000000;205321;ЫСЫККУЛЬСКИЙ ОБЛАСТНОЙ ЦСМ;ЫСЫККУЛЬСКИЙ ОБЛАСТНОЙ ЦЕНТР СЕМЕЙНОЙ МЕДИЦИНЫ;14;766;1017;1783;766;1017;1783;885;723;1608;885;723;1608
Иссык-Кульская обл.;4170200000000000;Каракол г.;41702410000000000;205321;ЫСЫККУЛЬСКИЙ ОБЛАСТНОЙ ЦСМ;ЫСЫККУЛЬСКИЙ ОБЛАСТНОЙ ЦЕНТР СЕМЕЙНОЙ МЕДИЦИНЫ;15;718;1002;1720;718;1002;1720;2454;811;3265;2454;811;3265
Иссык-Кульская обл.;4170200000000000;Каракол г.;41702410000000000;205321;ЫСЫККУЛЬСКИЙ ОБЛАСТНОЙ ЦСМ;ЫСЫККУЛЬСКИЙ ОБЛАСТНОЙ ЦЕНТР СЕМЕЙНОЙ МЕДИЦИНЫ;16;685;918;1603;685;918;1603;741;749;1490;734;730;1464
Иссык-Кульская обл.;4170200000000000;Каракол г.;41702410000000000;205321;ЫСЫККУЛЬСКИЙ ОБЛАСТНОЙ ЦСМ;ЫСЫККУЛЬСКИЙ ОБЛАСТНОЙ ЦЕНТР СЕМЕЙНОЙ МЕДИЦИНЫ;17;621;918;1539;589;888;1477;757;842;1599;687;765;1452
Иссык-Кульская обл.;4170200000000000;Каракол г.;41702410000000000;205321;ЫСЫККУЛЬСКИЙ ОБЛАСТНОЙ ЦСМ;ЫСЫККУЛЬСКИЙ ОБЛАСТНОЙ ЦЕНТР СЕМЕЙНОЙ МЕДИЦИНЫ;18;560;834;1394;528;781;1309;984;856;1840;859;700;1559
Иссык-Кульская обл.;4170200000000000;Каракол г.;41702410000000000;205321;ЫСЫККУЛЬСКИЙ ОБЛАСТНОЙ ЦСМ;ЫСЫККУЛЬСКИЙ ОБЛАСТНОЙ ЦЕНТР СЕМЕЙНОЙ МЕДИЦИНЫ;19;512;781;1293;397;662;1059;588;974;1562;431;542;973
Иссык-Кульская обл.;4170200000000000;Каракол г.;41702410000000000;205321;ЫСЫККУЛЬСКИЙ ОБЛАСТНОЙ ЦСМ;ЫСЫККУЛЬСКИЙ ОБЛАСТНОЙ ЦЕНТР СЕМЕЙНОЙ МЕДИЦИНЫ;20;466;815;1281;261;609;870;386;1032;1418;182;502;684
Иссык-Кульская обл.;4170200000000000;Каракол г.;41702410000000000;205321;ЫСЫККУЛЬСКИЙ ОБЛАСТНОЙ ЦСМ;ЫСЫККУЛЬСКИЙ ОБЛАСТНОЙ ЦЕНТР СЕМЕЙНОЙ МЕДИЦИНЫ;21;430;851;1281;196;510;706;288;1143;1431;143;646;789
Иссык-Кульская обл.;4170200000000000;Каракол г.;41702410000000000;205321;ЫСЫККУЛЬСКИЙ ОБЛАСТНОЙ ЦСМ;ЫСЫККУЛЬСКИЙ ОБЛАСТНОЙ ЦЕНТР СЕМЕЙНОЙ МЕДИЦИНЫ;22;335;734;1069;223;586;809;237;1079;1316;121;642;763
Иссык-Кульская обл.;4170200000000000;Каракол г.;41702410000000000;205321;ЫСЫККУЛЬСКИЙ ОБЛАСТНОЙ ЦСМ;ЫСЫККУЛЬСКИЙ ОБЛАСТНОЙ ЦЕНТР СЕМЕЙНОЙ МЕДИЦИНЫ;23;347;768;1115;71;428;499;240;980;1220;66;461;527
Иссык-Кульская обл.;4170200000000000;Каракол г.;41702410000000000;205321;ЫСЫККУЛЬСКИЙ ОБЛАСТНОЙ ЦСМ;ЫСЫККУЛЬСКИЙ ОБЛАСТНОЙ ЦЕНТР СЕМЕЙНОЙ МЕДИЦИНЫ;24;298;732;1030;49;149;198;283;1101;1384;52;601;653
Иссык-Кульская обл.;4170200000000000;Каракол г.;41702410000000000;205321;ЫСЫККУЛЬСКИЙ ОБЛАСТНОЙ ЦСМ;ЫСЫККУЛЬСКИЙ ОБЛАСТНОЙ ЦЕНТР СЕМЕЙНОЙ МЕДИЦИНЫ;25;326;741;1067;59;204;263;257;1218;1475;86;719;805
Иссык-Кульская обл.;4170200000000000;Каракол г.;41702410000000000;205321;ЫСЫККУЛЬСКИЙ ОБЛАСТНОЙ ЦСМ;ЫСЫККУЛЬСКИЙ ОБЛАСТНОЙ ЦЕНТР СЕМЕЙНОЙ МЕДИЦИНЫ;26;312;667;979;77;206;283;265;1118;1383;99;678;777
Иссык-Кульская обл.;4170200000000000;Каракол г.;41702410000000000;205321;ЫСЫККУЛЬСКИЙ ОБЛАСТНОЙ ЦСМ;ЫСЫККУЛЬСКИЙ ОБЛАСТНОЙ ЦЕНТР СЕМЕЙНОЙ МЕДИЦИНЫ;27;282;723;1005;86;234;320;225;1106;1331;92;703;795
Иссык-Кульская обл.;4170200000000000;Каракол г.;41702410000000000;205321;ЫСЫККУЛЬСКИЙ ОБЛАСТНОЙ ЦСМ;ЫСЫККУЛЬСКИЙ ОБЛАСТНОЙ ЦЕНТР СЕМЕЙНОЙ МЕДИЦИНЫ;28;313;808;1121;109;259;368;261;1331;1592;113;800;913
Иссык-Кульская обл.;4170200000000000;Каракол г.;41702410000000000;205321;ЫСЫККУЛЬСКИЙ ОБЛАСТНОЙ ЦСМ;ЫСЫККУЛЬСКИЙ ОБЛАСТНОЙ ЦЕНТР СЕМЕЙНОЙ МЕДИЦИНЫ;29;337;849;1186;134;318;452;319;1316;1635;146;873;1019
Иссык-Кульская обл.;4170200000000000;Каракол г.;41702410000000000;205321;ЫСЫККУЛЬСКИЙ ОБЛАСТНОЙ ЦСМ;ЫСЫККУЛЬСКИЙ ОБЛАСТНОЙ ЦЕНТР СЕМЕЙНОЙ МЕДИЦИНЫ;30;398;911;1309;180;374;554;291;1376;1667;175;950;1125
Иссык-Кульская обл.;4170200000000000;Каракол г.;41702410000000000;205321;ЫСЫККУЛЬСКИЙ ОБЛАСТНОЙ ЦСМ;ЫСЫККУЛЬСКИЙ ОБЛАСТНОЙ ЦЕНТР СЕМЕЙНОЙ МЕДИЦИНЫ;31;414;896;1310;190;362;552;326;1521;1847;172;1041;1213
Иссык-Кульская обл.;4170200000000000;Каракол г.;41702410000000000;205321;ЫСЫККУЛЬСКИЙ ОБЛАСТНОЙ ЦСМ;ЫСЫККУЛЬСКИЙ ОБЛАСТНОЙ ЦЕНТР СЕМЕЙНОЙ МЕДИЦИНЫ;32;429;947;1376;213;389;602;409;1512;1921;258;1050;1308
Иссык-Кульская обл.;4170200000000000;Каракол г.;41702410000000000;205321;ЫСЫККУЛЬСКИЙ ОБЛАСТНОЙ ЦСМ;ЫСЫККУЛЬСКИЙ ОБЛАСТНОЙ ЦЕНТР СЕМЕЙНОЙ МЕДИЦИНЫ;33;435;984;1419;235;448;683;397;1439;1836;238;1070;1308
Иссык-Кульская обл.;4170200000000000;Каракол г.;41702410000000000;205321;ЫСЫККУЛЬСКИЙ ОБЛАСТНОЙ ЦСМ;ЫСЫККУЛЬСКИЙ ОБЛАСТНОЙ ЦЕНТР СЕМЕЙНОЙ МЕДИЦИНЫ;34;462;936;1398;251;421;672;421;1631;2052;263;1188;1451
Иссык-Кульская обл.;4170200000000000;Каракол г.;41702410000000000;205321;ЫСЫККУЛЬСКИЙ ОБЛАСТНОЙ ЦСМ;ЫСЫККУЛЬСКИЙ ОБЛАСТНОЙ ЦЕНТР СЕМЕЙНОЙ МЕДИЦИНЫ;35;537;870;1407;290;454;744;456;1531;1987;267;1167;1434
Иссык-Кульская обл.;4170200000000000;Каракол г.;41702410000000000;205321;ЫСЫККУЛЬСКИЙ ОБЛАСТНОЙ ЦСМ;ЫСЫККУЛЬСКИЙ ОБЛАСТНОЙ ЦЕНТР СЕМЕЙНОЙ МЕДИЦИНЫ;36;513;749;1262;330;425;755;557;1563;2120;382;1128;1510
Иссык-Кульская обл.;4170200000000000;Каракол г.;41702410000000000;205321;ЫСЫККУЛЬСКИЙ ОБЛАСТНОЙ ЦСМ;ЫСЫККУЛЬСКИЙ ОБЛАСТНОЙ ЦЕНТР СЕМЕЙНОЙ МЕДИЦИНЫ;37;539;752;1291;329;400;729;484;1293;1777;357;943;1300
Иссык-Кульская обл.;4170200000000000;Каракол г.;41702410000000000;205321;ЫСЫККУЛЬСКИЙ ОБЛАСТНОЙ ЦСМ;ЫСЫККУЛЬСКИЙ ОБЛАСТНОЙ ЦЕНТР СЕМЕЙНОЙ МЕДИЦИНЫ;38;551;770;1321;353;407;760;395;1143;1538;290;841;1131
Иссык-Кульская обл.;4170200000000000;Каракол г.;41702410000000000;205321;ЫСЫККУЛЬСКИЙ ОБЛАСТНОЙ ЦСМ;ЫСЫККУЛЬСКИЙ ОБЛАСТНОЙ ЦЕНТР СЕМЕЙНОЙ МЕДИЦИНЫ;39;445;713;1158;259;398;657;382;1113;1495;274;822;1096
Иссык-Кульская обл.;4170200000000000;Каракол г.;41702410000000000;205321;ЫСЫККУЛЬСКИЙ ОБЛАСТНОЙ ЦСМ;ЫСЫККУЛЬСКИЙ ОБЛАСТНОЙ ЦЕНТР СЕМЕЙНОЙ МЕДИЦИНЫ;40;457;675;1132;269;354;623;398;892;1290;249;668;917
Иссык-Кульская обл.;4170200000000000;Каракол г.;41702410000000000;205321;ЫСЫККУЛЬСКИЙ ОБЛАСТНОЙ ЦСМ;ЫСЫККУЛЬСКИЙ ОБЛАСТНОЙ ЦЕНТР СЕМЕЙНОЙ МЕДИЦИНЫ;41;441;679;1120;258;353;611;372;794;1166;252;609;861
Иссык-Кульская обл.;4170200000000000;Каракол г.;41702410000000000;205321;ЫСЫККУЛЬСКИЙ ОБЛАСТНОЙ ЦСМ;ЫСЫККУЛЬСКИЙ ОБЛАСТНОЙ ЦЕНТР СЕМЕЙНОЙ МЕДИЦИНЫ;42;394;594;988;252;326;578;370;697;1067;252;532;784
Иссык-Кульская обл.;4170200000000000;Каракол г.;41702410000000000;205321;ЫСЫККУЛЬСКИЙ ОБЛАСТНОЙ ЦСМ;ЫСЫККУЛЬСКИЙ ОБЛАСТНОЙ ЦЕНТР СЕМЕЙНОЙ МЕДИЦИНЫ;43;369;541;910;218;279;497;331;677;1008;229;516;745
Иссык-Кульская обл.;4170200000000000;Каракол г.;41702410000000000;205321;ЫСЫККУЛЬСКИЙ ОБЛАСТНОЙ ЦСМ;ЫСЫККУЛЬСКИЙ ОБЛАСТНОЙ ЦЕНТР СЕМЕЙНОЙ МЕДИЦИНЫ;44;349;525;874;208;276;484;341;714;1055;203;582;785
Иссык-Кульская обл.;4170200000000000;Каракол г.;41702410000000000;205321;ЫСЫККУЛЬСКИЙ ОБЛАСТНОЙ ЦСМ;ЫСЫККУЛЬСКИЙ ОБЛАСТНОЙ ЦЕНТР СЕМЕЙНОЙ МЕДИЦИНЫ;45;344;539;883;199;259;458;340;628;968;226;475;701
Иссык-Кульская обл.;4170200000000000;Каракол г.;41702410000000000;205321;ЫСЫККУЛЬСКИЙ ОБЛАСТНОЙ ЦСМ;ЫСЫККУЛЬСКИЙ ОБЛАСТНОЙ ЦЕНТР СЕМЕЙНОЙ МЕДИЦИНЫ;46;328;503;831;214;275;489;406;749;1155;332;563;895
Иссык-Кульская обл.;4170200000000000;Каракол г.;41702410000000000;205321;ЫСЫККУЛЬСКИЙ ОБЛАСТНОЙ ЦСМ;ЫСЫККУЛЬСКИЙ ОБЛАСТНОЙ ЦЕНТР СЕМЕЙНОЙ МЕДИЦИНЫ;47;340;463;803;219;237;456;284;632;916;196;477;673
Иссык-Кульская обл.;4170200000000000;Каракол г.;41702410000000000;205321;ЫСЫККУЛЬСКИЙ ОБЛАСТНОЙ ЦСМ;ЫСЫККУЛЬСКИЙ ОБЛАСТНОЙ ЦЕНТР СЕМЕЙНОЙ МЕДИЦИНЫ;48;305;457;762;186;245;431;291;567;858;213;454;667
Иссык-Кульская обл.;4170200000000000;Каракол г.;41702410000000000;205321;ЫСЫККУЛЬСКИЙ ОБЛАСТНОЙ ЦСМ;ЫСЫККУЛЬСКИЙ ОБЛАСТНОЙ ЦЕНТР СЕМЕЙНОЙ МЕДИЦИНЫ;49;305;475;780;182;227;409;314;513;827;215;362;577
Иссык-Кульская обл.;4170200000000000;Каракол г.;41702410000000000;205321;ЫСЫККУЛЬСКИЙ ОБЛАСТНОЙ ЦСМ;ЫСЫККУЛЬСКИЙ ОБЛАСТНОЙ ЦЕНТР СЕМЕЙНОЙ МЕДИЦИНЫ;50;294;476;770;177;226;403;295;574;869;210;440;650
Иссык-Кульская обл.;4170200000000000;Каракол г.;41702410000000000;205321;ЫСЫККУЛЬСКИЙ ОБЛАСТНОЙ ЦСМ;ЫСЫККУЛЬСКИЙ ОБЛАСТНОЙ ЦЕНТР СЕМЕЙНОЙ МЕДИЦИНЫ;51;280;417;697;178;218;396;280;543;823;224;420;644
Иссык-Кульская обл.;4170200000000000;Каракол г.;41702410000000000;205321;ЫСЫККУЛЬСКИЙ ОБЛАСТНОЙ ЦСМ;ЫСЫККУЛЬСКИЙ ОБЛАСТНОЙ ЦЕНТР СЕМЕЙНОЙ МЕДИЦИНЫ;52;265;436;701;168;227;395;380;685;1065;269;456;725
Иссык-Кульская обл.;4170200000000000;Каракол г.;41702410000000000;205321;ЫСЫККУЛЬСКИЙ ОБЛАСТНОЙ ЦСМ;ЫСЫККУЛЬСКИЙ ОБЛАСТНОЙ ЦЕНТР СЕМЕЙНОЙ МЕДИЦИНЫ;53;287;473;760;148;239;387;343;635;978;226;491;717
Иссык-Кульская обл.;4170200000000000;Каракол г.;41702410000000000;205321;ЫСЫККУЛЬСКИЙ ОБЛАСТНОЙ ЦСМ;ЫСЫККУЛЬСКИЙ ОБЛАСТНОЙ ЦЕНТР СЕМЕЙНОЙ МЕДИЦИНЫ;54;249;444;693;148;223;371;271;623;894;177;451;628
Иссык-Кульская обл.;4170200000000000;Каракол г.;41702410000000000;205321;ЫСЫККУЛЬСКИЙ ОБЛАСТНОЙ ЦСМ;ЫСЫККУЛЬСКИЙ ОБЛАСТНОЙ ЦЕНТР СЕМЕЙНОЙ МЕДИЦИНЫ;55;229;436;665;152;233;385;321;645;966;237;432;669
Иссык-Кульская обл.;4170200000000000;Каракол г.;41702410000000000;205321;ЫСЫККУЛЬСКИЙ ОБЛАСТНОЙ ЦСМ;ЫСЫККУЛЬСКИЙ ОБЛАСТНОЙ ЦЕНТР СЕМЕЙНОЙ МЕДИЦИНЫ;56;229;413;642;152;229;381;362;782;1144;271;579;850
Иссык-Кульская обл.;4170200000000000;Каракол г.;41702410000000000;205321;ЫСЫККУЛЬСКИЙ ОБЛАСТНОЙ ЦСМ;ЫСЫККУЛЬСКИЙ ОБЛАСТНОЙ ЦЕНТР СЕМЕЙНОЙ МЕДИЦИНЫ;57;224;414;638;137;217;354;384;653;1037;271;470;741
Иссык-Кульская обл.;4170200000000000;Каракол г.;41702410000000000;205321;ЫСЫККУЛЬСКИЙ ОБЛАСТНОЙ ЦСМ;ЫСЫККУЛЬСКИЙ ОБЛАСТНОЙ ЦЕНТР СЕМЕЙНОЙ МЕДИЦИНЫ;58;224;419;643;150;241;391;295;587;882;229;428;657
Иссык-Кульская обл.;4170200000000000;Каракол г.;41702410000000000;205321;ЫСЫККУЛЬСКИЙ ОБЛАСТНОЙ ЦСМ;ЫСЫККУЛЬСКИЙ ОБЛАСТНОЙ ЦЕНТР СЕМЕЙНОЙ МЕДИЦИНЫ;59;239;394;633;161;234;395;278;635;913;220;472;692
Иссык-Кульская обл.;4170200000000000;Каракол г.;41702410000000000;205321;ЫСЫККУЛЬСКИЙ ОБЛАСТНОЙ ЦСМ;ЫСЫККУЛЬСКИЙ ОБЛАСТНОЙ ЦЕНТР СЕМЕЙНОЙ МЕДИЦИНЫ;60;245;406;651;170;253;423;347;680;1027;252;516;768
Иссык-Кульская обл.;4170200000000000;Каракол г.;41702410000000000;205321;ЫСЫККУЛЬСКИЙ ОБЛАСТНОЙ ЦСМ;ЫСЫККУЛЬСКИЙ ОБЛАСТНОЙ ЦЕНТР СЕМЕЙНОЙ МЕДИЦИНЫ;61;251;416;667;177;272;449;407;804;1211;320;645;965
Иссык-Кульская обл.;4170200000000000;Каракол г.;41702410000000000;205321;ЫСЫККУЛЬСКИЙ ОБЛАСТНОЙ ЦСМ;ЫСЫККУЛЬСКИЙ ОБЛАСТНОЙ ЦЕНТР СЕМЕЙНОЙ МЕДИЦИНЫ;62;248;426;674;181;320;501;378;700;1078;314;609;923
Иссык-Кульская обл.;4170200000000000;Каракол г.;41702410000000000;205321;ЫСЫККУЛЬСКИЙ ОБЛАСТНОЙ ЦСМ;ЫСЫККУЛЬСКИЙ ОБЛАСТНОЙ ЦЕНТР СЕМЕЙНОЙ МЕДИЦИНЫ;63;282;399;681;204;327;531;352;678;1030;281;619;900
Иссык-Кульская обл.;4170200000000000;Каракол г.;41702410000000000;205321;ЫСЫККУЛЬСКИЙ ОБЛАСТНОЙ ЦСМ;ЫСЫККУЛЬСКИЙ ОБЛАСТНОЙ ЦЕНТР СЕМЕЙНОЙ МЕДИЦИНЫ;64;236;384;620;188;350;538;357;734;1091;301;714;1015
Иссык-Кульская обл.;4170200000000000;Каракол г.;41702410000000000;205321;ЫСЫККУЛЬСКИЙ ОБЛАСТНОЙ ЦСМ;ЫСЫККУЛЬСКИЙ ОБЛАСТНОЙ ЦЕНТР СЕМЕЙНОЙ МЕДИЦИНЫ;65;206;374;580;171;346;517;370;699;1069;320;672;992
Иссык-Кульская обл.;4170200000000000;Каракол г.;41702410000000000;205321;ЫСЫККУЛЬСКИЙ ОБЛАСТНОЙ ЦСМ;ЫСЫККУЛЬСКИЙ ОБЛАСТНОЙ ЦЕНТР СЕМЕЙНОЙ МЕДИЦИНЫ;66;210;371;581;195;352;547;352;703;1055;311;648;959
Иссык-Кульская обл.;4170200000000000;Каракол г.;41702410000000000;205321;ЫСЫККУЛЬСКИЙ ОБЛАСТНОЙ ЦСМ;ЫСЫККУЛЬСКИЙ ОБЛАСТНОЙ ЦЕНТР СЕМЕЙНОЙ МЕДИЦИНЫ;67;194;324;518;166;309;475;281;596;877;242;581;823
Иссык-Кульская обл.;4170200000000000;Каракол г.;41702410000000000;205321;ЫСЫККУЛЬСКИЙ ОБЛАСТНОЙ ЦСМ;ЫСЫККУЛЬСКИЙ ОБЛАСТНОЙ ЦЕНТР СЕМЕЙНОЙ МЕДИЦИНЫ;68;153;347;500;142;333;475;234;567;801;219;560;779
Иссык-Кульская обл.;4170200000000000;Каракол г.;41702410000000000;205321;ЫСЫККУЛЬСКИЙ ОБЛАСТНОЙ ЦСМ;ЫСЫККУЛЬСКИЙ ОБЛАСТНОЙ ЦЕНТР СЕМЕЙНОЙ МЕДИЦИНЫ;69;158;282;440;153;275;428;225;494;719;221;464;685
Иссык-Кульская обл.;4170200000000000;Каракол г.;41702410000000000;205321;ЫСЫККУЛЬСКИЙ ОБЛАСТНОЙ ЦСМ;ЫСЫККУЛЬСКИЙ ОБЛАСТНОЙ ЦЕНТР СЕМЕЙНОЙ МЕДИЦИНЫ;70;151;289;440;147;285;432;245;485;730;244;479;723
Иссык-Кульская обл.;4170200000000000;Каракол г.;41702410000000000;205321;ЫСЫККУЛЬСКИЙ ОБЛАСТНОЙ ЦСМ;ЫСЫККУЛЬСКИЙ ОБЛАСТНОЙ ЦЕНТР СЕМЕЙНОЙ МЕДИЦИНЫ;71;135;253;388;132;251;383;205;408;613;193;406;599
Иссык-Кульская обл.;4170200000000000;Каракол г.;41702410000000000;205321;ЫСЫККУЛЬСКИЙ ОБЛАСТНОЙ ЦСМ;ЫСЫККУЛЬСКИЙ ОБЛАСТНОЙ ЦЕНТР СЕМЕЙНОЙ МЕДИЦИНЫ;72;134;257;391;128;253;381;160;407;567;147;405;552
Иссык-Кульская обл.;4170200000000000;Каракол г.;41702410000000000;205321;ЫСЫККУЛЬСКИЙ ОБЛАСТНОЙ ЦСМ;ЫСЫККУЛЬСКИЙ ОБЛАСТНОЙ ЦЕНТР СЕМЕЙНОЙ МЕДИЦИНЫ;73;103;223;326;101;219;320;225;364;589;204;348;552
Иссык-Кульская обл.;4170200000000000;Каракол г.;41702410000000000;205321;ЫСЫККУЛЬСКИЙ ОБЛАСТНОЙ ЦСМ;ЫСЫККУЛЬСКИЙ ОБЛАСТНОЙ ЦЕНТР СЕМЕЙНОЙ МЕДИЦИНЫ;74;116;213;329;113;210;323;132;289;421;128;280;408
Иссык-Кульская обл.;4170200000000000;Каракол г.;41702410000000000;205321;ЫСЫККУЛЬСКИЙ ОБЛАСТНОЙ ЦСМ;ЫСЫККУЛЬСКИЙ ОБЛАСТНОЙ ЦЕНТР СЕМЕЙНОЙ МЕДИЦИНЫ;75;68;178;246;66;174;240;97;290;387;89;279;368
Иссык-Кульская обл.;4170200000000000;Каракол г.;41702410000000000;205321;ЫСЫККУЛЬСКИЙ ОБЛАСТНОЙ ЦСМ;ЫСЫККУЛЬСКИЙ ОБЛАСТНОЙ ЦЕНТР СЕМЕЙНОЙ МЕДИЦИНЫ;76;58;165;223;58;160;218;109;251;360;103;236;339
Иссык-Кульская обл.;4170200000000000;Каракол г.;41702410000000000;205321;ЫСЫККУЛЬСКИЙ ОБЛАСТНОЙ ЦСМ;ЫСЫККУЛЬСКИЙ ОБЛАСТНОЙ ЦЕНТР СЕМЕЙНОЙ МЕДИЦИНЫ;77;69;151;220;66;147;213;113;247;360;103;229;332
Иссык-Кульская обл.;4170200000000000;Каракол г.;41702410000000000;205321;ЫСЫККУЛЬСКИЙ ОБЛАСТНОЙ ЦСМ;ЫСЫККУЛЬСКИЙ ОБЛАСТНОЙ ЦЕНТР СЕМЕЙНОЙ МЕДИЦИНЫ;78;51;125;176;50;122;172;34;135;169;32;135;167
Иссык-Кульская обл.;4170200000000000;Каракол г.;41702410000000000;205321;ЫСЫККУЛЬСКИЙ ОБЛАСТНОЙ ЦСМ;ЫСЫККУЛЬСКИЙ ОБЛАСТНОЙ ЦЕНТР СЕМЕЙНОЙ МЕДИЦИНЫ;79;17;50;67;17;49;66;37;41;78;37;39;76
Иссык-Кульская обл.;4170200000000000;Каракол г.;41702410000000000;205321;ЫСЫККУЛЬСКИЙ ОБЛАСТНОЙ ЦСМ;ЫСЫККУЛЬСКИЙ ОБЛАСТНОЙ ЦЕНТР СЕМЕЙНОЙ МЕДИЦИНЫ;80;18;31;49;17;31;48;26;40;66;19;40;59
Иссык-Кульская обл.;4170200000000000;Каракол г.;41702410000000000;205321;ЫСЫККУЛЬСКИЙ ОБЛАСТНОЙ ЦСМ;ЫСЫККУЛЬСКИЙ ОБЛАСТНОЙ ЦЕНТР СЕМЕЙНОЙ МЕДИЦИНЫ;81;24;53;77;23;53;76;34;59;93;29;59;88
Иссык-Кульская обл.;4170200000000000;Каракол г.;41702410000000000;205321;ЫСЫККУЛЬСКИЙ ОБЛАСТНОЙ ЦСМ;ЫСЫККУЛЬСКИЙ ОБЛАСТНОЙ ЦЕНТР СЕМЕЙНОЙ МЕДИЦИНЫ;82;22;85;107;22;85;107;23;60;83;23;59;82
Иссык-Кульская обл.;4170200000000000;Каракол г.;41702410000000000;205321;ЫСЫККУЛЬСКИЙ ОБЛАСТНОЙ ЦСМ;ЫСЫККУЛЬСКИЙ ОБЛАСТНОЙ ЦЕНТР СЕМЕЙНОЙ МЕДИЦИНЫ;83;25;91;116;24;90;114;21;120;141;17;116;133
Иссык-Кульская обл.;4170200000000000;Каракол г.;41702410000000000;205321;ЫСЫККУЛЬСКИЙ ОБЛАСТНОЙ ЦСМ;ЫСЫККУЛЬСКИЙ ОБЛАСТНОЙ ЦЕНТР СЕМЕЙНОЙ МЕДИЦИНЫ;84;16;75;91;16;73;89;20;53;73;20;53;73
Иссык-Кульская обл.;4170200000000000;Каракол г.;41702410000000000;205321;ЫСЫККУЛЬСКИЙ ОБЛАСТНОЙ ЦСМ;ЫСЫККУЛЬСКИЙ ОБЛАСТНОЙ ЦЕНТР СЕМЕЙНОЙ МЕДИЦИНЫ;85;22;60;82;20;60;80;33;35;68;32;31;63
Иссык-Кульская обл.;4170200000000000;Каракол г.;41702410000000000;205321;ЫСЫККУЛЬСКИЙ ОБЛАСТНОЙ ЦСМ;ЫСЫККУЛЬСКИЙ ОБЛАСТНОЙ ЦЕНТР СЕМЕЙНОЙ МЕДИЦИНЫ;86;18;73;91;18;73;91;19;41;60;19;39;58
Иссык-Кульская обл.;4170200000000000;Каракол г.;41702410000000000;205321;ЫСЫККУЛЬСКИЙ ОБЛАСТНОЙ ЦСМ;ЫСЫККУЛЬСКИЙ ОБЛАСТНОЙ ЦЕНТР СЕМЕЙНОЙ МЕДИЦИНЫ;87;14;65;79;14;64;78;4;57;61;4;51;55
Иссык-Кульская обл.;4170200000000000;Каракол г.;41702410000000000;205321;ЫСЫККУЛЬСКИЙ ОБЛАСТНОЙ ЦСМ;ЫСЫККУЛЬСКИЙ ОБЛАСТНОЙ ЦЕНТР СЕМЕЙНОЙ МЕДИЦИНЫ;88;6;37;43;6;37;43;5;11;16;5;11;16
Иссык-Кульская обл.;4170200000000000;Каракол г.;41702410000000000;205321;ЫСЫККУЛЬСКИЙ ОБЛАСТНОЙ ЦСМ;ЫСЫККУЛЬСКИЙ ОБЛАСТНОЙ ЦЕНТР СЕМЕЙНОЙ МЕДИЦИНЫ;89;10;31;41;9;30;39;4;11;15;2;7;9
Иссык-Кульская обл.;4170200000000000;Каракол г.;41702410000000000;205321;ЫСЫККУЛЬСКИЙ ОБЛАСТНОЙ ЦСМ;ЫСЫККУЛЬСКИЙ ОБЛАСТНОЙ ЦЕНТР СЕМЕЙНОЙ МЕДИЦИНЫ;90;4;26;30;4;26;30;1;5;6;1;5;6
Иссык-Кульская обл.;4170200000000000;Каракол г.;41702410000000000;205321;ЫСЫККУЛЬСКИЙ ОБЛАСТНОЙ ЦСМ;ЫСЫККУЛЬСКИЙ ОБЛАСТНОЙ ЦЕНТР СЕМЕЙНОЙ МЕДИЦИНЫ;91;4;29;33;4;28;32;2;10;12;2;10;12
Иссык-Кульская обл.;4170200000000000;Каракол г.;41702410000000000;205321;ЫСЫККУЛЬСКИЙ ОБЛАСТНОЙ ЦСМ;ЫСЫККУЛЬСКИЙ ОБЛАСТНОЙ ЦЕНТР СЕМЕЙНОЙ МЕДИЦИНЫ;92;0;30;30;0;30;30;1;10;11;1;10;11
Иссык-Кульская обл.;4170200000000000;Каракол г.;41702410000000000;205321;ЫСЫККУЛЬСКИЙ ОБЛАСТНОЙ ЦСМ;ЫСЫККУЛЬСКИЙ ОБЛАСТНОЙ ЦЕНТР СЕМЕЙНОЙ МЕДИЦИНЫ;93;1;11;12;1;11;12;0;5;5;0;5;5
Иссык-Кульская обл.;4170200000000000;Каракол г.;41702410000000000;205321;ЫСЫККУЛЬСКИЙ ОБЛАСТНОЙ ЦСМ;ЫСЫККУЛЬСКИЙ ОБЛАСТНОЙ ЦЕНТР СЕМЕЙНОЙ МЕДИЦИНЫ;94;4;22;26;4;22;26;1;3;4;1;3;4
Иссык-Кульская обл.;4170200000000000;Каракол г.;41702410000000000;205321;ЫСЫККУЛЬСКИЙ ОБЛАСТНОЙ ЦСМ;ЫСЫККУЛЬСКИЙ ОБЛАСТНОЙ ЦЕНТР СЕМЕЙНОЙ МЕДИЦИНЫ;95;1;13;14;1;13;14;0;2;2;0;2;2
Иссык-Кульская обл.;4170200000000000;Каракол г.;41702410000000000;205321;ЫСЫККУЛЬСКИЙ ОБЛАСТНОЙ ЦСМ;ЫСЫККУЛЬСКИЙ ОБЛАСТНОЙ ЦЕНТР СЕМЕЙНОЙ МЕДИЦИНЫ;97;2;3;5;2;3;5;0;1;1;0;1;1
Иссык-Кульская обл.;4170200000000000;Каракол г.;41702410000000000;205321;ЫСЫККУЛЬСКИЙ ОБЛАСТНОЙ ЦСМ;ЫСЫККУЛЬСКИЙ ОБЛАСТНОЙ ЦЕНТР СЕМЕЙНОЙ МЕДИЦИНЫ;98;0;5;5;0;5;5;0;1;1;0;1;1
